Vec Object: 1 MPI process
  type: seq
0.
0.
0.
-0.0905552
0.
0.
0.
0.225604
0.145735
-0.167013
0.
-0.128549
0.161946
-0.176455
0.
-0.106174
0.202359
0.191151
0.
-0.0489266
0.1613
0.172504
0.
-0.137055
0.373864
0.0239933
0.
0.069053
0.367016
0.0200022
0.
0.0473245
0.380072
-0.0242038
0.
0.0523993
0.380255
-0.034077
0.
0.0770813
0.
0.
0.
-0.0751143
0.
0.
0.
-0.189971
0.280519
-0.0502163
0.
-0.0340826
0.325748
0.0733987
0.
-0.04116
0.287674
-0.0483881
0.
-0.00804119
0.328533
0.107189
0.
-0.0242442
0.311636
0.0582243
0.
0.00641427
0.32725
-0.0919321
0.
-0.0317729
0.280906
0.0506446
0.
-0.0473726
0.323771
-0.0535694
0.
-0.0536031
0.
0.
0.
-0.0177029
0.
0.
0.
-0.0922875
0.
0.
0.
0.211801
0.
0.
0.
0.0167834
0.
0.
0.
-0.150051
0.
0.
0.
0.0028206
0.
0.
0.
0.119221
0.
0.
0.
0.354701
0.
0.
0.
0.328248
0.
0.
0.
0.217481
0.
0.
0.
0.0845812
0.
0.
0.
0.104818
0.
0.
0.
0.186195
0.
0.
0.
-0.0096556
0.
0.
0.
0.504385
0.
0.
0.
0.423893
0.
0.
0.
0.276853
0.
0.
0.
-0.0240257
1.
0.
0.
0.0797527
0.401259
-0.00831949
-0.00162186
0.056945
0.37835
0.
-3.90211e-05
-0.00914727
0.283393
0.
0.00173602
-0.0820462
0.379202
0.
0.00646779
0.109573
0.387526
0.
9.91033e-05
-0.0129079
0.284977
0.
0.00531829
-0.0906657
0.370488
0.
-0.00839849
0.147795
0.391641
0.00465033
0.
0.160725
0.383398
0.0205325
0.
-0.00703108
0.272469
0.0246063
0.
-0.0878915
0.360861
-0.00356961
0.
0.162275
0.391876
0.00685912
0.
-0.00444283
0.277692
0.00707565
0.
-0.0990692
0.237461
0.000989136
-0.0311464
-0.0767155
0.245706
-0.0110162
0.0125294
-0.121262
0.307917
-0.0356216
-0.0141824
0.0460937
0.441606
-0.0391849
-0.0796863
0.259514
0.385601
0.0381636
-0.0788586
0.203778
0.249107
0.0395255
0.016736
0.103599
0.346788
0.0422233
0.0450704
0.249523
0.222482
0.00224691
-0.0211185
-0.0291629
0.307664
-0.000885913
-0.00858152
0.0575915
0.252248
-0.00330703
0.0170164
-0.0849516
0.279836
-0.0230861
0.0116392
0.0726096
0.315351
-0.0345787
0.0765902
0.21012
0.306098
0.00509909
-0.0114018
0.0964889
0.197442
-0.0571771
0.016004
0.11815
0.330219
-0.00167536
0.0747984
0.246016
