Vec Object: 1 MPI process
  type: seq
0.
0.
0.
-0.119571
0.
0.
0.
0.118454
0.152247
-0.168286
0.
-0.115609
0.166516
-0.17766
0.
-0.0974173
0.193766
0.199147
0.
-0.0702566
0.167182
0.170714
0.
-0.11926
0.383425
0.0141645
0.
0.0189719
0.373532
0.012073
0.
0.00932306
0.38789
-0.0189118
0.
0.00843393
0.390467
-0.0241037
0.
0.0276255
0.
0.
0.
-0.0543065
0.
0.
0.
-0.137217
0.294257
-0.0523225
0.
-0.0169826
0.323347
0.0836185
0.
-0.0049131
0.300237
-0.0486079
0.
0.00380971
0.325966
0.116283
0.
0.0147055
0.325018
0.062397
0.
0.0164884
0.325167
-0.102898
0.
0.00817476
0.29559
0.0463773
0.
-0.0297573
0.322246
-0.0609896
0.
-0.0122187
0.
0.
0.
-0.102794
0.
0.
0.
-0.062431
0.
0.
0.
0.0923884
0.
0.
0.
0.0449417
0.
0.
0.
-0.11533
0.
0.
0.
-0.100847
0.
0.
0.
-0.0578955
0.
0.
0.
0.19079
0.
0.
0.
0.153094
0.
0.
0.
0.0880484
0.
0.
0.
-0.0723659
0.
0.
0.
0.0558107
0.
0.
0.
0.0401189
0.
0.
0.
-0.0120618
0.
0.
0.
0.333749
0.
0.
0.
0.231606
0.
0.
0.
0.122048
0.
0.
0.
-0.00561872
1.
0.
0.
0.0532336
0.403006
-0.00859878
-0.0013037
0.00418794
0.375439
0.
-0.00147108
-0.00344743
0.278715
0.
0.000281811
-0.0331912
0.348601
0.
0.01113
0.078889
0.380699
0.
0.00192801
-0.0118869
0.281167
0.
0.00834655
-0.039497
0.350035
0.
-0.00812984
0.105432
0.358512
0.0104267
0.
0.114161
0.378789
0.0208502
0.
-0.00125386
0.26667
0.0251817
0.
-0.0387336
0.332071
-0.00349814
0.
0.105914
0.384352
0.0100639
0.
-0.00393442
0.273098
0.0108487
0.
-0.0457915
0.242238
0.00998105
-0.0438936
-0.0338287
0.247808
-0.018177
0.0190924
-0.0616538
0.337911
-0.033219
-0.0312294
0.0350803
0.428804
-0.0818742
-0.110164
0.193789
0.367919
0.0782543
-0.110108
0.147065
0.300147
0.0253905
0.0247474
0.0726422
0.349923
0.0789372
0.0636035
0.174491
0.244444
-0.00664307
-0.0255137
-0.0115408
0.356622
0.00038804
-0.0224245
0.0379988
0.257015
0.0099655
0.0247462
-0.0360045
0.318978
-0.0146657
0.0204469
0.0471377
0.310092
-0.0694049
0.104585
0.153031
0.347864
-0.000379364
-0.0130303
0.0658909
0.265647
-0.0534232
0.0343611
0.00876456
0.332891
0.0149874
0.106584
0.165538
