Vec Object: 1 MPI process
  type: seq
0.
0.
0.
-0.0940584
0.
0.
0.
0.0222313
0.166207
-0.167289
0.
-0.0618288
0.17389
-0.178759
0.
-0.0611284
0.189319
0.205648
0.
-0.051393
0.180055
0.164637
0.
-0.0558931
0.388667
0.00880494
0.
0.00126403
0.375663
0.0085611
0.
0.00794463
0.390852
-0.0210493
0.
0.00877823
0.397646
-0.0171895
0.
0.0063345
0.
0.
0.
-0.0240892
0.
0.
0.
-0.0655041
0.317759
-0.0571328
0.
-0.0144003
0.318529
0.0891475
0.
0.00355077
0.322662
-0.0511078
0.
-0.0128152
0.32216
0.112453
0.
0.0182839
0.349257
0.0736774
0.
-0.00263678
0.322297
-0.103227
0.
0.0143609
0.317867
0.0384936
0.
-0.0147183
0.320098
-0.0626268
0.
-0.00216825
0.
0.
0.
-0.123649
0.
0.
0.
0.00982901
0.
0.
0.
-0.0110211
0.
0.
0.
0.136326
0.
0.
0.
-0.0494163
0.
0.
0.
-0.150354
0.
0.
0.
-0.222627
0.
0.
0.
0.00918287
0.
0.
0.
-0.0433776
0.
0.
0.
-0.0330149
0.
0.
0.
-0.162174
0.
0.
0.
0.0314937
0.
0.
0.
-0.092221
0.
0.
0.
0.00432576
0.
0.
0.
0.106338
0.
0.
0.
-0.00178292
0.
0.
0.
-0.00988893
0.
0.
0.
0.0101955
1.
0.
0.
0.0397619
0.395001
-0.00820333
-0.000224781
-0.0025397
0.380397
0.
-0.0040695
-0.00463672
0.268174
0.
-0.00329205
-0.0106269
0.291136
0.
0.0212622
0.0424438
0.377703
0.
0.00518147
-0.0100572
0.269783
0.
0.0150621
-0.00817591
0.304318
0.
-0.00533283
0.0483437
0.290463
0.0216092
0.
0.0466077
0.382117
0.0180296
0.
-0.00230574
0.254811
0.0196589
0.
-0.0145873
0.270828
0.00410352
0.
0.0438202
0.382991
0.0156831
0.
-0.00326246
0.263166
0.0177549
0.
-0.0126054
0.249673
0.0239453
-0.0551838
-0.0039036
0.248825
-0.0253627
0.0233253
-0.0129328
0.369847
-0.0228337
-0.0796635
0.0027322
0.428718
-0.154665
-0.16019
0.106974
0.357142
0.146272
-0.165886
0.0688933
0.340498
-0.0385955
0.0258509
0.0228291
0.363777
0.127989
0.10797
0.0801296
0.285453
-0.0159893
-0.0302537
-0.00709971
0.408757
0.00201626
-0.0531022
0.00524542
0.256414
0.0214573
0.0327202
0.00643563
0.386005
0.0130097
0.0537706
0.00546574
0.320876
-0.126295
0.145891
0.0817373
0.412928
-0.0101045
-0.00392468
0.0147731
0.318357
0.02596
0.0793243
-0.0804735
0.349409
0.0431761
0.149124
0.0705745
