Vec Object: 1 MPI process
  type: seq
0.
0.
0.
-0.0990639
0.
0.
0.
0.0250532
0.165156
-0.167213
0.
-0.0659082
0.173392
-0.178494
0.
-0.0638049
0.18938
0.205128
0.
-0.0535838
0.179111
0.165042
0.
-0.0610246
0.388344
0.0090267
0.
0.00196862
0.375499
0.00881816
0.
0.0073335
0.390505
-0.0207872
0.
0.00839198
0.397158
-0.0175808
0.
0.00740115
0.
0.
0.
-0.0265572
0.
0.
0.
-0.0700691
0.315669
-0.0568998
0.
-0.0152131
0.319054
0.0888876
0.
0.00367385
0.32056
-0.0511982
0.
-0.011845
0.322485
0.113251
0.
0.0190334
0.347011
0.072936
0.
-0.00155358
0.32252
-0.103618
0.
0.0148966
0.316057
0.0393069
0.
-0.0163343
0.320143
-0.0627674
0.
-0.00194493
0.
0.
0.
-0.127917
0.
0.
0.
0.00369937
0.
0.
0.
-0.00833013
0.
0.
0.
0.128742
0.
0.
0.
-0.0541541
0.
0.
0.
-0.152669
0.
0.
0.
-0.216585
0.
0.
0.
0.0184604
0.
0.
0.
-0.0333997
0.
0.
0.
-0.0290409
0.
0.
0.
-0.164579
0.
0.
0.
0.0301568
0.
0.
0.
-0.0884293
0.
0.
0.
0.00157125
0.
0.
0.
0.121722
0.
0.
0.
0.011887
0.
0.
0.
-0.00643066
0.
0.
0.
0.00925201
1.
0.
0.
0.0415551
0.396118
-0.00827026
-0.000335799
-0.00294757
0.379725
0.
-0.00385658
-0.0042692
0.269107
0.
-0.00294059
-0.0118592
0.296302
0.
0.0202932
0.0450196
0.378005
0.
0.00496082
-0.0100775
0.270991
0.
0.0144406
-0.0102777
0.30871
0.
-0.00568445
0.05276
0.296884
0.02064
0.
0.0515141
0.381565
0.0183167
0.
-0.0019487
0.25578
0.0204318
0.
-0.0159194
0.276752
0.00304612
0.
0.0478247
0.383088
0.0152923
0.
-0.00310371
0.264011
0.0173346
0.
-0.0146355
0.248888
0.0229802
-0.055111
-0.00560899
0.24875
-0.0253801
0.0235647
-0.0162008
0.368431
-0.0236126
-0.0747546
0.00484618
0.427269
-0.148814
-0.155919
0.11348
0.356264
0.140769
-0.161037
0.0743733
0.340838
-0.0319885
0.026574
0.0260241
0.361954
0.124936
0.103696
0.086408
0.281613
-0.015797
-0.0299599
-0.00724771
0.406543
0.00194801
-0.0507738
0.00725992
0.256951
0.0216981
0.0324063
0.0032471
0.380105
0.010071
0.0499184
0.00774301
0.318386
-0.121743
0.142772
0.0863891
0.408113
-0.00949797
-0.00510654
0.0177533
0.318496
0.0160434
0.075597
-0.078725
0.346895
0.0410369
0.14651
0.0764231
