Vec Object: 1 MPI process
  type: seq
0.
0.
0.
-0.0882409
0.
0.
0.
0.234053
0.145692
-0.166503
0.
-0.126242
0.161953
-0.176008
0.
-0.103864
0.203568
0.190034
0.
-0.0435118
0.161295
0.17225
0.
-0.135097
0.372534
0.0253289
0.
0.0768334
0.366035
0.0211524
0.
0.0537503
0.378786
-0.0252737
0.
0.0604371
0.378908
-0.0353926
0.
0.084679
0.
0.
0.
-0.0785834
0.
0.
0.
-0.195982
0.279392
-0.0506186
0.
-0.0390797
0.325971
0.0721473
0.
-0.0464653
0.286642
-0.0490482
0.
-0.0130344
0.328796
0.105811
0.
-0.030089
0.310553
0.0584942
0.
0.00207645
0.327467
-0.0904226
0.
-0.0376215
0.279654
0.0514125
0.
-0.0515005
0.323879
-0.0526124
0.
-0.0594681
0.
0.
0.
-0.0102385
0.
0.
0.
-0.0956451
0.
0.
0.
0.221431
0.
0.
0.
0.0144059
0.
0.
0.
-0.153972
0.
0.
0.
0.0118164
0.
0.
0.
0.134283
0.
0.
0.
0.368205
0.
0.
0.
0.342484
0.
0.
0.
0.227846
0.
0.
0.
0.0984752
0.
0.
0.
0.108085
0.
0.
0.
0.198059
0.
0.
0.
-0.0107761
0.
0.
0.
0.518698
0.
0.
0.
0.439769
0.
0.
0.
0.290185
0.
0.
0.
-0.0276926
1.
0.
0.
0.0856398
0.400719
-0.00824407
-0.00161728
0.0656631
0.378946
0.
7.37473e-05
-0.00972633
0.283736
0.
0.00182688
-0.0894815
0.381187
0.
0.00614026
0.112474
0.388532
0.
-1.39048e-05
-0.0124997
0.28522
0.
0.00512191
-0.0981375
0.371606
0.
-0.00835991
0.151811
0.39373
0.00425137
0.
0.164806
0.384194
0.0203968
0.
-0.00758795
0.272902
0.0243978
0.
-0.0951969
0.362604
-0.00342328
0.
0.167784
0.393056
0.00665752
0.
-0.00397533
0.278016
0.00686363
0.
-0.106668
0.23701
0.000382851
-0.030076
-0.0835849
0.245455
-0.0104638
0.0119749
-0.129456
0.305238
-0.0353799
-0.0131846
0.0443831
0.442724
-0.0358785
-0.0772408
0.266043
0.386968
0.0350594
-0.0764359
0.208797
0.244587
0.0397713
0.0159799
0.104392
0.346441
0.0392528
0.0438452
0.255992
0.220751
0.00273196
-0.0207164
-0.033467
0.303395
-0.000950828
-0.00774079
0.0574566
0.251731
-0.00414029
0.0163674
-0.0925217
0.276683
-0.0234226
0.0112265
0.0724209
0.315796
-0.0318047
0.0743217
0.214813
0.302732
0.00546855
-0.0110361
0.0971426
0.191373
-0.0563467
0.0149198
0.126668
0.329923
-0.00294339
0.0722217
0.25296
