Vec Object: 1 MPI process
  type: seq
0.
0.
0.
-0.117919
0.
0.
0.
0.05079
0.160009
-0.167357
0.
-0.0861636
0.170976
-0.177708
0.
-0.0768696
0.190501
0.202745
0.
-0.0626644
0.174324
0.167279
0.
-0.0856683
0.386739
0.0105396
0.
0.00636514
0.374991
0.00981693
0.
0.0052564
0.389451
-0.019618
0.
0.00625292
0.394773
-0.0198004
0.
0.0134628
0.
0.
0.
-0.0394955
0.
0.
0.
-0.0968769
0.306348
-0.0555707
0.
-0.0178445
0.321125
0.0874284
0.
0.00308669
0.311493
-0.0508431
0.
-0.00610112
0.323993
0.116066
0.
0.0210063
0.337218
0.0688993
0.
0.00520726
0.323625
-0.104689
0.
0.015821
0.307548
0.0429003
0.
-0.0235814
0.320837
-0.0628888
0.
-0.00250422
0.
0.
0.
-0.134908
0.
0.
0.
-0.0272559
0.
0.
0.
0.0186146
0.
0.
0.
0.0890946
0.
0.
0.
-0.0808656
0.
0.
0.
-0.149047
0.
0.
0.
-0.169583
0.
0.
0.
0.0765541
0.
0.
0.
0.0295295
0.
0.
0.
0.00461726
0.
0.
0.
-0.151919
0.
0.
0.
0.0311058
0.
0.
0.
-0.0526297
0.
0.
0.
-0.00888867
0.
0.
0.
0.202871
0.
0.
0.
0.0907099
0.
0.
0.
0.0282693
0.
0.
0.
0.00275579
1.
0.
0.
0.0480471
0.40013
-0.00846007
-0.000779309
-0.00359041
0.377109
0.
-0.00282948
-0.0028336
0.273439
0.
-0.00143177
-0.0184873
0.319084
0.
0.0160915
0.0579528
0.378959
0.
0.00375651
-0.0102162
0.275975
0.
0.0116911
-0.0207355
0.327515
0.
-0.00697754
0.0741351
0.324575
0.0161534
0.
0.0765096
0.37953
0.0196268
0.
-0.000553143
0.260544
0.0232006
0.
-0.0231475
0.301839
-0.000751038
0.
0.069261
0.383236
0.013205
0.
-0.00266416
0.268008
0.0147996
0.
-0.0253736
0.245771
0.0179287
-0.0522704
-0.0160059
0.248428
-0.0235002
0.0229849
-0.0334174
0.358368
-0.0277303
-0.0537597
0.0159152
0.424343
-0.120596
-0.13645
0.145751
0.357387
0.114404
-0.138885
0.102829
0.331763
-0.00313075
0.0278585
0.0430081
0.355181
0.10779
0.084966
0.119628
0.264911
-0.0133743
-0.0283823
-0.00910064
0.390348
0.00145708
-0.038579
0.0180078
0.25813
0.0193285
0.0300408
-0.0129488
0.353647
-0.00210849
0.0347262
0.0209287
0.311242
-0.0998881
0.127435
0.111163
0.383664
-0.00589533
-0.0098247
0.0348568
0.306718
-0.0232612
0.0570937
-0.0571536
0.33847
0.0302633
0.131612
0.108773
