Vec Object: 1 MPI process
  type: seq
0.
0.
0.
-0.0810496
0.
0.
0.
0.0190717
0.169027
-0.167777
0.
-0.0512842
0.175399
-0.179692
0.
-0.0537389
0.189606
0.207109
0.
-0.0450408
0.182401
0.1638
0.
-0.04264
0.389559
0.00843374
0.
-0.000352255
0.376414
0.00760155
0.
0.00942618
0.39217
-0.021774
0.
0.00933294
0.39898
-0.016312
0.
0.00375245
0.
0.
0.
-0.0189191
0.
0.
0.
-0.0566033
0.323696
-0.0578139
0.
-0.012153
0.316879
0.0898751
0.
0.00306187
0.328785
-0.0504976
0.
-0.0148227
0.321317
0.109989
0.
0.0160093
0.355717
0.0754106
0.
-0.00475031
0.321754
-0.101938
0.
0.0126022
0.322805
0.0363205
0.
-0.010672
0.320321
-0.062063
0.
-0.00305007
0.
0.
0.
-0.10896
0.
0.
0.
0.0235684
0.
0.
0.
-0.0131591
0.
0.
0.
0.151558
0.
0.
0.
-0.0404527
0.
0.
0.
-0.140043
0.
0.
0.
-0.231952
0.
0.
0.
-0.00996776
0.
0.
0.
-0.0636354
0.
0.
0.
-0.0381359
0.
0.
0.
-0.147518
0.
0.
0.
0.0367293
0.
0.
0.
-0.0955972
0.
0.
0.
0.0119521
0.
0.
0.
0.0689786
0.
0.
0.
-0.0322478
0.
0.
0.
-0.0126074
0.
0.
0.
0.0111317
1.
0.
0.
0.0341842
0.391349
-0.00792094
0.000140579
-0.00127637
0.382376
0.
-0.00461231
-0.00554177
0.265721
0.
-0.00431072
-0.00752343
0.276268
0.
0.0240075
0.0357161
0.376487
0.
0.00567316
-0.00979953
0.266208
0.
0.0168259
-0.00276922
0.291538
0.
-0.00413264
0.0368687
0.271833
0.0241501
0.
0.0344319
0.383792
0.0172905
0.
-0.0031799
0.252488
0.0170855
0.
-0.0113551
0.253244
0.00753502
0.
0.0341005
0.382414
0.0165836
0.
-0.00361861
0.26093
0.0185017
0.
-0.00759251
0.251972
0.0263875
-0.0541834
-0.000568524
0.24892
-0.0241367
0.0218638
-0.00519224
0.371996
-0.0210695
-0.0934179
-0.00259897
0.434317
-0.169695
-0.172101
0.0903136
0.362334
0.160562
-0.179081
0.0554911
0.334402
-0.0558035
0.0231775
0.0149867
0.369453
0.134911
0.119628
0.0648515
0.29634
-0.0160076
-0.0310341
-0.00741769
0.41211
0.0021393
-0.0582301
0.000147473
0.254201
0.0190008
0.0332861
0.0140239
0.402671
0.0214725
0.0653625
0.00010782
0.329887
-0.138188
0.154011
0.0703255
0.424716
-0.0112086
-0.000669498
0.0079252
0.312691
0.053625
0.0878639
-0.0807404
0.358031
0.0483286
0.154789
0.056796
