Vec Object: 1 MPI process
  type: seq
0.
0.
0.
-0.0906535
0.
0.
0.
0.0208414
0.166914
-0.167369
0.
-0.0591201
0.174239
-0.178961
0.
-0.0593113
0.189324
0.206005
0.
-0.0498615
0.180674
0.164387
0.
-0.0524743
0.388887
0.00867817
0.
0.000821239
0.375803
0.00836327
0.
0.00835274
0.391125
-0.0212277
0.
0.00899304
0.397977
-0.0169435
0.
0.00564828
0.
0.
0.
-0.0225608
0.
0.
0.
-0.0627677
0.319201
-0.057292
0.
-0.0138327
0.31815
0.0893226
0.
0.00344283
0.324128
-0.0510081
0.
-0.0134093
0.321942
0.111879
0.
0.0177414
0.350816
0.0741503
0.
-0.00328344
0.322152
-0.102936
0.
0.0139573
0.319095
0.0379434
0.
-0.0136484
0.3201
-0.062511
0.
-0.00235831
0.
0.
0.
-0.120339
0.
0.
0.
0.0137164
0.
0.
0.
-0.0122446
0.
0.
0.
0.140986
0.
0.
0.
-0.0465807
0.
0.
0.
-0.148275
0.
0.
0.
-0.225918
0.
0.
0.
0.00356611
0.
0.
0.
-0.0493857
0.
0.
0.
-0.0350591
0.
0.
0.
-0.159578
0.
0.
0.
0.0326234
0.
0.
0.
-0.0940018
0.
0.
0.
0.00623227
0.
0.
0.
0.096377
0.
0.
0.
-0.0103279
0.
0.
0.
-0.011454
0.
0.
0.
0.0106731
1.
0.
0.
0.0384655
0.394179
-0.00814858
-0.000143667
-0.00223794
0.380871
0.
-0.00421054
-0.00488105
0.267548
0.
-0.00353669
-0.00981886
0.28755
0.
0.0219327
0.0407302
0.377461
0.
0.00532028
-0.0100274
0.268933
0.
0.0154911
-0.00677904
0.301252
0.
-0.00507155
0.045398
0.285987
0.0222603
0.
0.0433993
0.382512
0.0178381
0.
-0.0025426
0.254181
0.0190881
0.
-0.0137243
0.266662
0.00487867
0.
0.0412321
0.382897
0.0159319
0.
-0.0033676
0.262598
0.0180014
0.
-0.011282
0.250228
0.0245763
-0.055104
-0.00288621
0.24887
-0.0252327
0.023076
-0.0108318
0.370628
-0.0223409
-0.0830513
0.00134333
0.429883
-0.158554
-0.163117
0.102668
0.358026
0.149944
-0.169183
0.0653327
0.339713
-0.0430502
0.0252746
0.0207504
0.365094
0.129912
0.110892
0.076063
0.28811
-0.0160569
-0.0304481
-0.00707811
0.409969
0.00205538
-0.0545685
0.00392269
0.255975
0.0211056
0.0328968
0.00849384
0.390069
0.0150618
0.0565089
0.00401603
0.3228
-0.129338
0.147968
0.0787198
0.416065
-0.0104629
-0.00310841
0.0128919
0.317671
0.0328483
0.0817143
-0.0811268
0.351297
0.0445667
0.150748
0.0668415
