Vec Object: 1 MPI process
  type: seq
0.
0.
0.
-0.0280231
0.
0.
0.
0.38166
0.165641
-0.143311
0.
0.158078
0.181856
-0.153011
0.
0.179122
0.236005
0.15989
0.
0.272322
0.182245
0.150725
0.
0.150137
0.350967
0.046183
0.
0.101332
0.35028
0.0392918
0.
0.0570609
0.355751
-0.0451226
0.
0.101772
0.357548
-0.0556502
0.
0.105846
0.
0.
0.
-0.121323
0.
0.
0.
-0.275053
0.264655
-0.0702107
0.
-0.155979
0.32936
0.0480262
0.
-0.236509
0.273135
-0.0741842
0.
-0.139754
0.333037
0.0760412
0.
-0.23369
0.296519
0.075337
0.
-0.0996261
0.331001
-0.0594662
0.
-0.238691
0.262997
0.0723979
0.
-0.136029
0.3253
-0.0337116
0.
-0.257755
0.
0.
0.
0.124119
0.
0.
0.
-0.123033
0.
0.
0.
0.385728
0.
0.
0.
0.0196397
0.
0.
0.
-0.192004
0.
0.
0.
0.167557
0.
0.
0.
0.378745
0.
0.
0.
0.601619
0.
0.
0.
0.573949
0.
0.
0.
0.398437
0.
0.
0.
0.322181
0.
0.
0.
0.174664
0.
0.
0.
0.385484
0.
0.
0.
-0.0101661
0.
0.
0.
0.800134
0.
0.
0.
0.711831
0.
0.
0.
0.530752
0.
0.
0.
-0.080314
1.
0.
0.
0.429833
0.390371
-0.00620546
-0.001007
0.111549
0.390818
0.
0.00141619
-0.125593
0.28788
0.
0.00253043
-0.300799
0.387477
0.
0.0026924
0.2837
0.406847
0.
-0.000719396
-0.107231
0.287708
0.
0.00339121
-0.301125
0.368555
0.
-0.00735144
0.336877
0.400081
0.00109109
0.
0.347418
0.399138
0.0166441
0.
-0.1225
0.277885
0.0191461
0.
-0.299522
0.365534
5.63308e-05
0.
0.372204
0.414789
0.00542767
0.
-0.0985579
0.281518
0.00619623
0.
-0.312165
0.230312
-0.00359524
-0.018204
-0.229433
0.241136
-0.00469363
0.00590324
-0.317452
0.270229
-0.0237835
-0.00472345
0.0201736
0.450424
-0.00117021
-0.0493243
0.51324
0.395358
0.00334215
-0.0495099
0.400356
0.188519
0.0326661
0.00699431
0.133465
0.334778
0.00788867
0.031991
0.448263
0.200426
0.00159769
-0.0155394
-0.114238
0.250428
-0.000408174
-0.000724048
0.0692106
0.24413
-0.00590895
0.00893229
-0.258434
0.239158
-0.0222847
0.00863653
0.0689943
0.314685
-0.00165383
0.0484368
0.376941
0.262312
0.00889253
-0.00495811
0.130181
0.117004
-0.0385484
0.00627077
0.263
0.318867
-0.0147455
0.0433056
0.444875
