Vec Object: 1 MPI process
  type: seq
0.
0.
0.
-0.106785
0.
0.
0.
0.0316805
0.163409
-0.16718
0.
-0.0727658
0.172588
-0.178137
0.
-0.0682203
0.18963
0.204292
0.
-0.0569786
0.177499
0.165773
0.
-0.0695484
0.38781
0.00946859
0.
0.00326851
0.375299
0.00918005
0.
0.00639353
0.390054
-0.0203635
0.
0.00764361
0.396353
-0.0182851
0.
0.00929512
0.
0.
0.
-0.0309569
0.
0.
0.
-0.0786244
0.312341
-0.0565002
0.
-0.0164057
0.319841
0.0884404
0.
0.00373534
0.317269
-0.0512131
0.
-0.010052
0.323017
0.114418
0.
0.0200697
0.343471
0.0716254
0.
0.000513945
0.322898
-0.104147
0.
0.01557
0.313097
0.0406183
0.
-0.0189898
0.320314
-0.0629163
0.
-0.00178173
0.
0.
0.
-0.132988
0.
0.
0.
-0.00696144
0.
0.
0.
-0.00161866
0.
0.
0.
0.115204
0.
0.
0.
-0.0629286
0.
0.
0.
-0.154262
0.
0.
0.
-0.203666
0.
0.
0.
0.036064
0.
0.
0.
-0.0143724
0.
0.
0.
-0.0200897
0.
0.
0.
-0.164687
0.
0.
0.
0.0290158
0.
0.
0.
-0.0792665
0.
0.
0.
-0.00264126
0.
0.
0.
0.148441
0.
0.
0.
0.0367518
0.
0.
0.
0.00222272
0.
0.
0.
0.00724577
1.
0.
0.
0.044175
0.397728
-0.00835345
-0.000500989
-0.00346472
0.378707
0.
-0.00350077
-0.00368493
0.270636
0.
-0.00238914
-0.0139865
0.304472
0.
0.018765
0.0493576
0.378395
0.
0.00456724
-0.0100878
0.272851
0.
0.0134523
-0.0138008
0.315573
0.
-0.00619086
0.0601055
0.306946
0.0190546
0.
0.059902
0.380745
0.0187884
0.
-0.00137981
0.257423
0.0215421
0.
-0.0182409
0.285937
0.00151979
0.
0.054815
0.383168
0.0146041
0.
-0.00286801
0.265407
0.0165338
0.
-0.0181416
0.247702
0.0213139
-0.0545474
-0.00885096
0.248628
-0.0250369
0.0236549
-0.0218957
0.365511
-0.024987
-0.0670259
0.00846993
0.425558
-0.139064
-0.149045
0.124435
0.355783
0.131638
-0.153191
0.0838292
0.339494
-0.021376
0.0274133
0.0315584
0.35927
0.119445
0.0968861
0.0973164
0.275556
-0.0152337
-0.0294523
-0.00773843
0.401911
0.00180886
-0.0466717
0.0107323
0.257587
0.0214613
0.0317483
-0.00224529
0.370685
0.00552059
0.0441008
0.0118391
0.315117
-0.114193
0.137554
0.0944812
0.399873
-0.00835238
-0.00693323
0.0231353
0.316585
0.000822876
0.0692021
-0.0737545
0.343393
0.0373823
0.141756
0.086807
