Vec Object: 1 MPI process
  type: seq
0.
0.
0.
-0.086979
0.
0.
0.
0.238918
0.145727
-0.166155
0.
-0.124465
0.16201
-0.175699
0.
-0.102101
0.204334
0.189325
0.
-0.0398915
0.161353
0.17205
0.
-0.133507
0.371697
0.0261672
0.
0.081765
0.365414
0.0218781
0.
0.0578442
0.377964
-0.0259669
0.
0.065597
0.378065
-0.0362173
0.
0.0894947
0.
0.
0.
-0.0808532
0.
0.
0.
-0.19974
0.278727
-0.0509291
0.
-0.0424481
0.326107
0.0713747
0.
-0.0498274
0.286033
-0.0495231
0.
-0.0164475
0.328957
0.104945
0.
-0.0337964
0.309915
0.0587243
0.
-0.000869531
0.3276
-0.0894819
0.
-0.0413215
0.278913
0.0519233
0.
-0.0542644
0.323942
-0.0520194
0.
-0.0631684
0.
0.
0.
-0.00590939
0.
0.
0.
-0.097787
0.
0.
0.
0.227001
0.
0.
0.
0.012916
0.
0.
0.
-0.156452
0.
0.
0.
0.0170529
0.
0.
0.
0.143112
0.
0.
0.
0.376101
0.
0.
0.
0.350785
0.
0.
0.
0.233843
0.
0.
0.
0.106629
0.
0.
0.
0.109858
0.
0.
0.
0.204943
0.
0.
0.
-0.0116277
0.
0.
0.
0.527148
0.
0.
0.
0.449081
0.
0.
0.
0.298015
0.
0.
0.
-0.0301166
1.
0.
0.
0.0895829
0.400364
-0.0081942
-0.00161159
0.0712143
0.379329
0.
0.000140074
-0.010084
0.283938
0.
0.00187819
-0.094228
0.382295
0.
0.00595092
0.114238
0.389166
0.
-7.6964e-05
-0.0122158
0.285361
0.
0.00501005
-0.102891
0.372204
0.
-0.0083331
0.154255
0.394893
0.00402405
0.
0.167269
0.3847
0.0203083
0.
-0.00792837
0.273156
0.0242626
0.
-0.0998462
0.363565
-0.00332578
0.
0.171128
0.393804
0.00654486
0.
-0.00365525
0.278206
0.00674832
0.
-0.111493
0.236741
4.17472e-05
-0.0294485
-0.0880219
0.245303
-0.0101437
0.0116501
-0.134648
0.303645
-0.0351918
-0.012622
0.0430635
0.44337
-0.0339475
-0.0758072
0.270046
0.387749
0.0332481
-0.0750207
0.211818
0.24191
0.0398529
0.0155318
0.104644
0.346216
0.0375137
0.0431432
0.259834
0.219737
0.00298323
-0.0204774
-0.0363438
0.300867
-0.000983864
-0.00726646
0.0571583
0.25142
-0.00459241
0.0159863
-0.0973957
0.27483
-0.0235918
0.0110016
0.0720257
0.316043
-0.0301776
0.0729917
0.217573
0.300753
0.00568012
-0.0108067
0.0973122
0.187781
-0.0557973
0.0143098
0.131543
0.329728
-0.00368239
0.0707123
0.257074
