Vec Object: 1 MPI process
  type: seq
0.
0.
0.
-0.0963529
0.
0.
0.
0.0234033
0.165729
-0.167249
0.
-0.0636777
0.173661
-0.178634
0.
-0.0623487
0.189337
0.20541
0.
-0.0524026
0.179629
0.164817
0.
-0.0582226
0.38852
0.00890118
0.
0.00157756
0.375583
0.00868285
0.
0.00766556
0.390686
-0.0209296
0.
0.00861117
0.397423
-0.017364
0.
0.00681281
0.
0.
0.
-0.025187
0.
0.
0.
-0.0675132
0.3168
-0.0570267
0.
-0.0147762
0.318773
0.0890296
0.
0.00361315
0.321694
-0.0511571
0.
-0.0123858
0.322308
0.112825
0.
0.0186344
0.348225
0.0733454
0.
-0.00216112
0.322398
-0.103411
0.
0.0146149
0.317042
0.0388648
0.
-0.0154514
0.320112
-0.0626954
0.
-0.00205691
0.
0.
0.
-0.125694
0.
0.
0.
0.00708407
0.
0.
0.
-0.00992602
0.
0.
0.
0.132957
0.
0.
0.
-0.0515032
0.
0.
0.
-0.151527
0.
0.
0.
-0.220047
0.
0.
0.
0.0132697
0.
0.
0.
-0.0389887
0.
0.
0.
-0.0313444
0.
0.
0.
-0.163486
0.
0.
0.
0.0308308
0.
0.
0.
-0.0906639
0.
0.
0.
0.00305795
0.
0.
0.
0.113257
0.
0.
0.
0.00429888
0.
0.
0.
-0.00848336
0.
0.
0.
0.00979762
1.
0.
0.
0.0405975
0.395524
-0.0082357
-0.000276564
-0.00273227
0.380086
0.
-0.003973
-0.00446945
0.268598
0.
-0.00313039
-0.0111829
0.29351
0.
0.0208172
0.0436115
0.377848
0.
0.00508302
-0.0100692
0.270341
0.
0.014777
-0.00912903
0.306341
0.
-0.00549778
0.0503488
0.293418
0.021168
0.
0.0488215
0.381861
0.01816
0.
-0.00214333
0.255248
0.0200211
0.
-0.0151865
0.273561
0.00360891
0.
0.0456198
0.383041
0.0155081
0.
-0.0031899
0.26355
0.0175709
0.
-0.0135202
0.24931
0.0235103
-0.055178
-0.00465247
0.248792
-0.0253948
0.023453
-0.0144001
0.369238
-0.0231819
-0.0774099
0.00368688
0.428018
-0.152011
-0.158235
0.10992
0.356682
0.143773
-0.163671
0.0713609
0.34077
-0.035581
0.0262
0.0242679
0.362928
0.126628
0.106014
0.0829534
0.283689
-0.0159157
-0.030121
-0.0071508
0.407809
0.00198671
-0.052062
0.00615467
0.256675
0.0216066
0.0325852
0.00500158
0.3833
0.0116556
0.0519858
0.00648368
0.319691
-0.124227
0.144476
0.0838299
0.410757
-0.00983837
-0.0044681
0.0161024
0.318548
0.0213923
0.0776494
-0.0797945
0.348224
0.0422119
0.147962
0.0731926
