Vec Object: 1 MPI process
  type: seq
0.
0.
0.
-0.0789571
0.
0.
0.
0.0191515
0.169556
-0.167926
0.
-0.049413
0.175727
-0.179908
0.
-0.0523045
0.189748
0.207393
0.
-0.0437912
0.182796
0.163704
0.
-0.0403312
0.389729
0.00841093
0.
-0.000607872
0.376625
0.00736096
0.
0.00963204
0.392491
-0.0219149
0.
0.00933168
0.399233
-0.0161838
0.
0.0033178
0.
0.
0.
-0.0182811
0.
0.
0.
-0.0555992
0.324863
-0.0579617
0.
-0.0117628
0.316524
0.0900263
0.
0.00296623
0.330014
-0.0503153
0.
-0.0150726
0.321172
0.109477
0.
0.0155648
0.356997
0.0756837
0.
-0.00499392
0.321666
-0.101661
0.
0.0122402
0.32374
0.0359281
0.
-0.01001
0.320439
-0.0619267
0.
-0.00323873
0.
0.
0.
-0.105934
0.
0.
0.
0.0254901
0.
0.
0.
-0.0127923
0.
0.
0.
0.15315
0.
0.
0.
-0.0395958
0.
0.
0.
-0.137652
0.
0.
0.
-0.232574
0.
0.
0.
-0.0125479
0.
0.
0.
-0.0662746
0.
0.
0.
-0.0382209
0.
0.
0.
-0.143647
0.
0.
0.
0.037825
0.
0.
0.
-0.0951548
0.
0.
0.
0.0133337
0.
0.
0.
0.0628092
0.
0.
0.
-0.0367755
0.
0.
0.
-0.0121432
0.
0.
0.
0.0109874
1.
0.
0.
0.0330316
0.390547
-0.0078453
0.000223771
-0.00103686
0.382768
0.
-0.00470602
-0.00567848
0.265285
0.
-0.00451522
-0.00698592
0.273318
0.
0.024536
0.0344945
0.37617
0.
0.00574332
-0.00969697
0.265486
0.
0.0171719
-0.00183218
0.288987
0.
-0.00385137
0.0348442
0.268123
0.0245953
0.
0.0323795
0.384132
0.0171628
0.
-0.00331059
0.252131
0.0165033
0.
-0.0108276
0.249651
0.00828397
0.
0.0324819
0.382234
0.0167196
0.
-0.00365429
0.260524
0.0185583
0.
-0.00675158
0.252411
0.0268299
-0.0537882
-0.000170549
0.248893
-0.0236689
0.0214467
-0.00397171
0.372083
-0.020808
-0.0960149
-0.00351704
0.435649
-0.172297
-0.174387
0.0873939
0.363848
0.163075
-0.181526
0.0532645
0.332349
-0.0586992
0.0225881
0.0136867
0.370634
0.135961
0.121747
0.0623152
0.298437
-0.0159556
-0.0311876
-0.00758994
0.412279
0.0021523
-0.0589243
-0.000741448
0.253629
0.0182045
0.0333615
0.0152164
0.405914
0.0231097
0.067711
-0.000755782
0.331995
-0.140301
0.155462
0.0683949
0.42665
-0.0112992
-8.80196e-05
0.0068512
0.310786
0.0586157
0.0890688
-0.0801587
0.359999
0.0491326
0.155572
0.0545766
