Vec Object: 1 MPI process
  type: seq
0.
0.
0.
-0.077677
0.
0.
0.
0.0193062
0.169907
-0.168035
0.
-0.0482022
0.175954
-0.180059
0.
-0.0513472
0.189861
0.207582
0.
-0.0429594
0.183047
0.163655
0.
-0.038852
0.389842
0.00840572
0.
-0.00076766
0.376779
0.00718916
0.
0.00974901
0.392717
-0.0220094
0.
0.00930949
0.399401
-0.0161066
0.
0.00303999
0.
0.
0.
-0.0179278
0.
0.
0.
-0.0550604
0.325644
-0.0580641
0.
-0.0115164
0.31628
0.0901305
0.
0.00290567
0.33084
-0.0501821
0.
-0.0152116
0.32108
0.10913
0.
0.0152711
0.357853
0.075854
0.
-0.00512583
0.321611
-0.101473
0.
0.0119982
0.32436
0.0356733
0.
-0.00959643
0.320532
-0.0618312
0.
-0.00336436
0.
0.
0.
-0.103933
0.
0.
0.
0.0266196
0.
0.
0.
-0.0124354
0.
0.
0.
0.153923
0.
0.
0.
-0.0391969
0.
0.
0.
-0.136033
0.
0.
0.
-0.232795
0.
0.
0.
-0.0140725
0.
0.
0.
-0.0678098
0.
0.
0.
-0.0381388
0.
0.
0.
-0.140945
0.
0.
0.
0.0385405
0.
0.
0.
-0.0946928
0.
0.
0.
0.0142252
0.
0.
0.
0.058908
0.
0.
0.
-0.03954
0.
0.
0.
-0.0116952
0.
0.
0.
0.0108325
1.
0.
0.
0.0322562
0.389996
-0.00779051
0.000281836
-0.000881677
0.383028
0.
-0.00476605
-0.00576016
0.265004
0.
-0.00465303
-0.00664101
0.271342
0.
0.0248856
0.0336961
0.375941
0.
0.00578504
-0.00961674
0.265002
0.
0.0174033
-0.00123406
0.287276
0.
-0.00365324
0.0335402
0.265639
0.0248804
0.
0.031074
0.38436
0.0170809
0.
-0.00338824
0.251913
0.0160983
0.
-0.0104968
0.247223
0.00879813
0.
0.0314528
0.3821
0.0168026
0.
-0.00366951
0.26026
0.0185782
0.
-0.0062184
0.252696
0.0271223
-0.0534917
5.24429e-05
0.248861
-0.0233125
0.0211462
-0.00321443
0.372078
-0.020649
-0.0977194
-0.00410383
0.436576
-0.17396
-0.175902
0.0855124
0.36495
0.164691
-0.183125
0.0518538
0.330837
-0.0605121
0.0221906
0.0128678
0.371433
0.136608
0.123117
0.0607069
0.299824
-0.0159183
-0.031292
-0.00771862
0.412309
0.00215904
-0.0593248
-0.00131263
0.253219
0.0176166
0.0334095
0.0159544
0.408073
0.0241907
0.0692852
-0.00129755
0.333464
-0.141666
0.156401
0.0671606
0.427866
-0.0113342
0.000283385
0.00618076
0.309397
0.0618085
0.0897722
-0.0796856
0.361365
0.0496235
0.156034
0.0531798
