Vec Object: 1 MPI process
  type: seq
0.
0.
0.
-0.107699
0.
0.
0.
0.168081
0.148245
-0.168471
0.
-0.128224
0.163747
-0.177689
0.
-0.107015
0.19676
0.196328
0.
-0.0676574
0.163528
0.172301
0.
-0.134083
0.380139
0.0176198
0.
0.0345215
0.371471
0.0146887
0.
0.0198914
0.385621
-0.0200073
0.
0.0194476
0.386777
-0.0277218
0.
0.0432618
0.
0.
0.
-0.0612672
0.
0.
0.
-0.159389
0.287747
-0.0503426
0.
-0.018355
0.324446
0.079822
0.
-0.0166823
0.294281
-0.0473256
0.
0.00583517
0.32708
0.113588
0.
0.00245705
0.318629
0.0592497
0.
0.0187137
0.326063
-0.0992587
0.
-0.00469309
0.28877
0.047767
0.
-0.0333633
0.32301
-0.0583693
0.
-0.0260025
0.
0.
0.
-0.0661395
0.
0.
0.
-0.0760001
0.
0.
0.
0.147245
0.
0.
0.
0.030089
0.
0.
0.
-0.130608
0.
0.
0.
-0.0553648
0.
0.
0.
0.0224048
0.
0.
0.
0.266546
0.
0.
0.
0.234467
0.
0.
0.
0.147884
0.
0.
0.
-0.0033532
0.
0.
0.
0.0789832
0.
0.
0.
0.10731
0.
0.
0.
-0.00927604
0.
0.
0.
0.413018
0.
0.
0.
0.320897
0.
0.
0.
0.191762
0.
0.
0.
-0.0105238
1.
0.
0.
0.0588776
0.403114
-0.00857879
-0.00152278
0.0193305
0.375942
0.
-0.000776801
-0.00568092
0.281096
0.
0.00104552
-0.0489319
0.364087
0.
0.00877028
0.0924783
0.382896
0.
0.000979828
-0.0132471
0.283223
0.
0.00677536
-0.0567112
0.360894
0.
-0.00842559
0.124332
0.375496
0.00753065
0.
0.135784
0.379962
0.0209893
0.
-0.00356416
0.269575
0.0253425
0.
-0.05488
0.346998
-0.00395023
0.
0.130393
0.386602
0.00841517
0.
-0.00509387
0.275455
0.00884775
0.
-0.0641045
0.240146
0.00549682
-0.0380439
-0.0476492
0.247046
-0.0147593
0.0161032
-0.0830393
0.324385
-0.0352998
-0.0219908
0.0450133
0.434327
-0.061214
-0.09567
0.22265
0.376148
0.0588743
-0.0949869
0.173169
0.277202
0.0346613
0.0213349
0.0902224
0.348411
0.0616402
0.0540011
0.208879
0.233865
-0.00209694
-0.0235664
-0.014616
0.334345
-0.000278397
-0.0150702
0.0501521
0.255175
0.00338653
0.0211853
-0.0523108
0.300311
-0.019564
0.0153446
0.0630327
0.312208
-0.0527445
0.0913713
0.179546
0.32798
0.00241778
-0.0129558
0.0836908
0.235135
-0.0588031
0.0244912
0.0593432
0.331548
0.00685946
0.0916163
0.202259
