Vec Object: 1 MPI process
  type: seq
0.
0.
0.
-0.0754892
0.
0.
0.
0.0198075
0.170579
-0.168271
0.
-0.0459483
0.176414
-0.180368
0.
-0.049494
0.190117
0.207949
0.
-0.0413573
0.183507
0.163595
0.
-0.0361368
0.390057
0.0084193
0.
-0.00105237
0.377109
0.00682997
0.
0.00992542
0.393182
-0.022194
0.
0.00921771
0.399722
-0.0159768
0.
0.00252964
0.
0.
0.
-0.0174082
0.
0.
0.
-0.0543033
0.327161
-0.0582718
0.
-0.0110749
0.315794
0.0903412
0.
0.00279867
0.332452
-0.0498985
0.
-0.0154169
0.320916
0.108447
0.
0.0147113
0.359518
0.0761571
0.
-0.00531313
0.321514
-0.1011
0.
0.0115308
0.32555
0.0351969
0.
-0.00886335
0.320748
-0.0616365
0.
-0.00360445
0.
0.
0.
-0.100142
0.
0.
0.
0.0284546
0.
0.
0.
-0.011525
0.
0.
0.
0.15474
0.
0.
0.
-0.0388158
0.
0.
0.
-0.132886
0.
0.
0.
-0.23281
0.
0.
0.
-0.016595
0.
0.
0.
-0.0702879
0.
0.
0.
-0.0376966
0.
0.
0.
-0.135511
0.
0.
0.
0.0398627
0.
0.
0.
-0.0934598
0.
0.
0.
0.0158738
0.
0.
0.
0.0518538
0.
0.
0.
-0.0443156
0.
0.
0.
-0.0105615
0.
0.
0.
0.010406
1.
0.
0.
0.0307476
0.388893
-0.00767422
0.00040033
-0.000594376
0.38353
0.
-0.00487643
-0.00589489
0.264483
0.
-0.00492334
-0.00600616
0.267505
0.
0.0255532
0.0321894
0.375459
0.
0.00585401
-0.00943294
0.26406
0.
0.0178525
-0.000143842
0.283948
0.
-0.00324398
0.0311293
0.260816
0.0254024
0.
0.0286954
0.384804
0.0169305
0.
-0.003515
0.251546
0.0152744
0.
-0.00990704
0.242458
0.00982594
0.
0.0295758
0.381807
0.016945
0.
-0.00367756
0.259765
0.0185755
0.
-0.00525275
0.253224
0.0276871
-0.0528495
0.000393869
0.248764
-0.0225213
0.0205167
-0.00188074
0.371928
-0.0203758
-0.100942
-0.00517668
0.43845
-0.177001
-0.178805
0.0820268
0.36729
0.167671
-0.186139
0.0492955
0.327606
-0.0637175
0.021421
0.0114001
0.372996
0.137737
0.125651
0.0577857
0.302469
-0.0158493
-0.0315005
-0.00798958
0.412189
0.00216761
-0.0599534
-0.00236428
0.252359
0.016354
0.0335024
0.017249
0.412233
0.0262468
0.0723387
-0.00226555
0.336445
-0.144195
0.158149
0.064893
0.430041
-0.0113422
0.000957791
0.00498535
0.306478
0.0676127
0.090894
-0.0786084
0.364133
0.0504607
0.156787
0.0506632
