Vec Object: 1 MPI process
  type: seq
0.
0.
0.
-0.0902516
0.
0.
0.
0.0207037
0.166997
-0.167381
0.
-0.0588013
0.174281
-0.178987
0.
-0.0590946
0.189327
0.206048
0.
-0.049677
0.180746
0.164358
0.
-0.0520719
0.388913
0.00866447
0.
0.00077039
0.375821
0.00833823
0.
0.00840028
0.39116
-0.021249
0.
0.00901563
0.398016
-0.0169153
0.
0.00556861
0.
0.
0.
-0.0223883
0.
0.
0.
-0.0624635
0.319374
-0.0573112
0.
-0.0137649
0.318104
0.0893435
0.
0.00342902
0.324305
-0.0509941
0.
-0.0134762
0.321917
0.111809
0.
0.0176754
0.351004
0.0742049
0.
-0.00335533
0.322135
-0.1029
0.
0.0139075
0.319241
0.0378782
0.
-0.0135232
0.320103
-0.0624962
0.
-0.0023826
0.
0.
0.
-0.119926
0.
0.
0.
0.0141613
0.
0.
0.
-0.0123584
0.
0.
0.
0.141508
0.
0.
0.
-0.0462669
0.
0.
0.
-0.148003
0.
0.
0.
-0.226266
0.
0.
0.
0.00293512
0.
0.
0.
-0.0500584
0.
0.
0.
-0.0352675
0.
0.
0.
-0.15922
0.
0.
0.
0.0327679
0.
0.
0.
-0.0941713
0.
0.
0.
0.00645993
0.
0.
0.
0.0952195
0.
0.
0.
-0.0113035
0.
0.
0.
-0.0115991
0.
0.
0.
0.0107201
1.
0.
0.
0.0383072
0.394078
-0.00814148
-0.000133655
-0.00220108
0.380928
0.
-0.00422709
-0.00490958
0.267474
0.
-0.00356614
-0.00972426
0.287119
0.
0.0220131
0.0405282
0.37743
0.
0.00533614
-0.0100227
0.26883
0.
0.0155425
-0.00661471
0.300882
0.
-0.00503908
0.0450509
0.285447
0.0223372
0.
0.0430248
0.38256
0.0178156
0.
-0.00257023
0.254108
0.0190175
0.
-0.013624
0.266158
0.00497414
0.
0.0409314
0.382884
0.0159605
0.
-0.0033797
0.262531
0.0180283
0.
-0.0111277
0.250295
0.0246502
-0.0550873
-0.00277315
0.248875
-0.0252103
0.0230414
-0.0105888
0.370711
-0.0222845
-0.0834567
0.00118066
0.430031
-0.159012
-0.163467
0.102162
0.358148
0.150377
-0.169576
0.0649183
0.339588
-0.0435759
0.0252016
0.0205083
0.365255
0.130132
0.111239
0.0755903
0.288429
-0.0160618
-0.030471
-0.00707999
0.410097
0.00205966
-0.0547358
0.00376767
0.255918
0.021053
0.032916
0.00873212
0.390556
0.0153088
0.0568413
0.00384866
0.323042
-0.129697
0.148213
0.0783685
0.416431
-0.0105023
-0.00301099
0.0126758
0.317558
0.0336727
0.0819892
-0.0811769
0.351532
0.0447282
0.150932
0.0664106
