Vec Object: 1 MPI process
  type: seq
0.
0.
0.
-0.0908972
0.
0.
0.
0.0209275
0.166863
-0.167363
0.
-0.0593134
0.174214
-0.178946
0.
-0.0594423
0.189322
0.205979
0.
-0.0499729
0.18063
0.164404
0.
-0.0527184
0.388871
0.00868661
0.
0.000852199
0.375792
0.00837826
0.
0.00832384
0.391104
-0.0212149
0.
0.00897905
0.397953
-0.0169606
0.
0.00569669
0.
0.
0.
-0.0226663
0.
0.
0.
-0.0629541
0.319097
-0.0572804
0.
-0.0138737
0.318178
0.08931
0.
0.0034511
0.324021
-0.0510164
0.
-0.0133684
0.321958
0.111921
0.
0.0177812
0.350703
0.0741171
0.
-0.0032394
0.322162
-0.102957
0.
0.0139873
0.319007
0.0379829
0.
-0.0137244
0.320099
-0.0625199
0.
-0.00234377
0.
0.
0.
-0.120587
0.
0.
0.
0.0134453
0.
0.
0.
-0.0121725
0.
0.
0.
0.140666
0.
0.
0.
-0.0467732
0.
0.
0.
-0.148437
0.
0.
0.
-0.225702
0.
0.
0.
0.00395183
0.
0.
0.
-0.0489742
0.
0.
0.
-0.0349294
0.
0.
0.
-0.15979
0.
0.
0.
0.032537
0.
0.
0.
-0.0938949
0.
0.
0.
0.00609454
0.
0.
0.
0.0970803
0.
0.
0.
-0.00973326
0.
0.
0.
-0.011362
0.
0.
0.
0.0106436
1.
0.
0.
0.038561
0.39424
-0.00815281
-0.000149686
-0.00226015
0.380836
0.
-0.0042005
-0.00486373
0.267593
0.
-0.00351891
-0.00987627
0.28781
0.
0.0218841
0.0408527
0.37748
0.
0.00531061
-0.0100301
0.268995
0.
0.01546
-0.00687869
0.301475
0.
-0.00509105
0.0456084
0.286312
0.0222137
0.
0.0436267
0.382483
0.0178518
0.
-0.00252582
0.254226
0.0191305
0.
-0.0137853
0.266966
0.00482124
0.
0.0414148
0.382905
0.0159145
0.
-0.00336023
0.262639
0.0179848
0.
-0.0113758
0.250188
0.0245315
-0.0551134
-0.00295547
0.248867
-0.0252456
0.0230964
-0.0109796
0.370577
-0.0223753
-0.0828062
0.00144205
0.429794
-0.158277
-0.162906
0.102975
0.357954
0.149682
-0.168946
0.0655844
0.339785
-0.0427315
0.0253182
0.0208975
0.364997
0.129778
0.110681
0.0763503
0.287917
-0.0160537
-0.0304342
-0.00707743
0.40989
0.00205276
-0.0544665
0.00401674
0.256009
0.0211363
0.032885
0.00834892
0.389775
0.0149127
0.0563085
0.00411784
0.322655
-0.12912
0.14782
0.0789332
0.415844
-0.0104387
-0.00316736
0.0130234
0.317737
0.0323498
0.0815468
-0.0810937
0.351155
0.0444685
0.150635
0.0671037
