Vec Object: 1 MPI process
  type: seq
0.
0.
0.
-0.122869
0.
0.
0.
0.0840472
0.155764
-0.167839
0.
-0.102625
0.168692
-0.177566
0.
-0.0880207
0.192064
0.200865
0.
-0.067952
0.170399
0.169177
0.
-0.104596
0.385171
0.0122594
0.
0.0118518
0.374419
0.0108103
0.
0.00595727
0.388782
-0.0189793
0.
0.00590103
0.392628
-0.0219493
0.
0.0199888
0.
0.
0.
-0.0484631
0.
0.
0.
-0.119454
0.299576
-0.0539811
0.
-0.0178186
0.322416
0.0856936
0.
0.000174325
0.305141
-0.0498011
0.
-0.000609066
0.325097
0.116853
0.
0.0193771
0.330324
0.0653471
0.
0.0116218
0.324479
-0.104312
0.
0.0134219
0.300968
0.0450819
0.
-0.0276035
0.321603
-0.0622095
0.
-0.00607277
0.
0.
0.
-0.123179
0.
0.
0.
-0.0486217
0.
0.
0.
0.054678
0.
0.
0.
0.0618829
0.
0.
0.
-0.101176
0.
0.
0.
-0.128443
0.
0.
0.
-0.113848
0.
0.
0.
0.135541
0.
0.
0.
0.0934355
0.
0.
0.
0.0460835
0.
0.
0.
-0.11606
0.
0.
0.
0.0414491
0.
0.
0.
-0.00674938
0.
0.
0.
-0.0124247
0.
0.
0.
0.273089
0.
0.
0.
0.164851
0.
0.
0.
0.0742895
0.
0.
0.
-0.00226414
1.
0.
0.
0.0511074
0.402092
-0.0085507
-0.00108152
-0.0012468
0.375847
0.
-0.00206093
-0.00265274
0.276506
0.
-0.000429225
-0.0253246
0.335611
0.
0.0132308
0.0690318
0.37971
0.
0.0027432
-0.0108751
0.279091
0.
0.00976707
-0.0300267
0.340401
0.
-0.00770246
0.0911377
0.343852
0.0129066
0.
0.097079
0.378754
0.0204308
0.
-0.000409276
0.264064
0.0245524
0.
-0.0304742
0.319061
-0.00259185
0.
0.0884923
0.383554
0.0114669
0.
-0.00307432
0.270937
0.0126013
0.
-0.0354652
0.243794
0.0136102
-0.0480849
-0.0254364
0.248164
-0.0207705
0.0211463
-0.0481997
0.347772
-0.0309232
-0.040329
0.0260571
0.425774
-0.0989803
-0.121863
0.171891
0.362301
0.0942444
-0.122699
0.126803
0.31622
0.014518
0.0267196
0.0585751
0.35176
0.0923361
0.0724768
0.148791
0.253299
-0.0100235
-0.0268966
-0.0105796
0.372923
0.000907055
-0.0292716
0.028312
0.257872
0.0147526
0.0273403
-0.0255543
0.334262
-0.00965242
0.0259518
0.0343721
0.309623
-0.0829792
0.114985
0.133286
0.363932
-0.00281455
-0.0121262
0.0512298
0.286712
-0.0434353
0.0438019
-0.0254991
0.334725
0.0217576
0.118189
0.138572
