Vec Object: 1 MPI process
  type: seq
0.
0.
0.
-0.101542
0.
0.
0.
0.188834
0.146999
-0.168243
0.
-0.13072
0.162836
-0.177496
0.
-0.108839
0.198394
0.194816
0.
-0.0635807
0.162395
0.172657
0.
-0.13754
0.3783
0.0195061
0.
0.0441332
0.370208
0.0162188
0.
0.0272401
0.384113
-0.0210405
0.
0.0279438
0.384823
-0.029625
0.
0.0527167
0.
0.
0.
-0.0649294
0.
0.
0.
-0.169077
0.285173
-0.0498857
0.
-0.0213687
0.32489
0.077834
0.
-0.0237331
0.29193
-0.0472197
0.
0.00377925
0.327559
0.111767
0.
-0.00515617
0.316128
0.0584436
0.
0.0168695
0.326452
-0.0970917
0.
-0.0124961
0.286003
0.048495
0.
-0.0364273
0.323293
-0.0569123
0.
-0.0340654
0.
0.
0.
-0.0492239
0.
0.
0.
-0.081152
0.
0.
0.
0.170377
0.
0.
0.
0.0253949
0.
0.
0.
-0.136766
0.
0.
0.
-0.0349792
0.
0.
0.
0.0565294
0.
0.
0.
0.297929
0.
0.
0.
0.267991
0.
0.
0.
0.172876
0.
0.
0.
0.0272585
0.
0.
0.
0.0887389
0.
0.
0.
0.135515
0.
0.
0.
-0.00845719
0.
0.
0.
0.445364
0.
0.
0.
0.357536
0.
0.
0.
0.221643
0.
0.
0.
-0.0137796
1.
0.
0.
0.0636955
0.40274
-0.00852456
-0.00158044
0.0295197
0.376541
0.
-0.000510647
-0.00685809
0.281945
0.
0.00131179
-0.0582667
0.369845
0.
0.00791028
0.0983212
0.384221
0.
0.000639028
-0.0135064
0.283899
0.
0.00621844
-0.0664535
0.364711
0.
-0.00846054
0.132331
0.381694
0.00645161
0.
0.144519
0.380883
0.0209063
0.
-0.00476158
0.270637
0.025197
0.
-0.0642867
0.352377
-0.00392379
0.
0.141137
0.388072
0.00781622
0.
-0.00525546
0.276292
0.0081458
0.
-0.0742434
0.239234
0.00379662
-0.0356033
-0.0555996
0.246627
-0.0133991
0.0148401
-0.0942793
0.318674
-0.0357305
-0.0189213
0.0472831
0.436871
-0.0532267
-0.0899387
0.235002
0.379576
0.0513653
-0.0891424
0.183845
0.267426
0.0370516
0.0197656
0.0962542
0.347897
0.0546921
0.0506079
0.223155
0.229762
-0.000373304
-0.0227248
-0.0177427
0.325019
-0.000523321
-0.0125446
0.0540594
0.254225
0.000817284
0.0197097
-0.0613844
0.292976
-0.0210727
0.0138023
0.0680895
0.313318
-0.0462136
0.0860856
0.19045
0.32014
0.00343177
-0.0125703
0.0896036
0.222039
-0.0590399
0.0211629
0.0806313
0.33113
0.00374727
0.0856017
0.217622
