Vec Object: 1 MPI process
  type: seq
0.
0.
0.
-0.0882473
0.
0.
0.
0.0200986
0.167418
-0.167442
0.
-0.0572089
0.174498
-0.179118
0.
-0.0580023
0.189353
0.206264
0.
-0.0487415
0.181104
0.164222
0.
-0.0500626
0.389046
0.00860018
0.
0.000520307
0.37592
0.00820681
0.
0.00863486
0.391342
-0.0213562
0.
0.00911888
0.398214
-0.0167775
0.
0.00517402
0.
0.
0.
-0.0215526
0.
0.
0.
-0.0610051
0.320249
-0.0574089
0.
-0.013424
0.317867
0.0894493
0.
0.0033571
0.325202
-0.0509163
0.
-0.0138
0.321789
0.111451
0.
0.0173398
0.351954
0.0744734
0.
-0.0037003
0.322051
-0.102715
0.
0.0136516
0.319976
0.0375512
0.
-0.0129014
0.320122
-0.062418
0.
-0.00250947
0.
0.
0.
-0.117793
0.
0.
0.
0.0163372
0.
0.
0.
-0.0128305
0.
0.
0.
0.144023
0.
0.
0.
-0.0447696
0.
0.
0.
-0.146559
0.
0.
0.
-0.227878
0.
0.
0.
-0.000119023
0.
0.
0.
-0.0533066
0.
0.
0.
-0.036205
0.
0.
0.
-0.157261
0.
0.
0.
0.0335232
0.
0.
0.
-0.0948885
0.
0.
0.
0.00760586
0.
0.
0.
0.0894875
0.
0.
0.
-0.0160771
0.
0.
0.
-0.0121995
0.
0.
0.
0.010923
1.
0.
0.
0.0374969
0.393556
-0.00810372
-8.19828e-05
-0.00201336
0.381219
0.
-0.00430959
-0.00505078
0.267104
0.
-0.0037155
-0.0092532
0.284934
0.
0.0224195
0.0395173
0.377266
0.
0.00541371
-0.00999467
0.268307
0.
0.0158026
-0.00579449
0.299007
0.
-0.00487074
0.043316
0.282712
0.0227218
0.
0.0411648
0.382805
0.0177033
0.
-0.00270686
0.253747
0.0186527
0.
-0.0131272
0.263594
0.00546536
0.
0.0394424
0.382811
0.0161012
0.
-0.00343866
0.262195
0.0181558
0.
-0.0103615
0.250636
0.0250181
-0.0549792
-0.00223069
0.248897
-0.0250736
0.0228516
-0.00939002
0.371093
-0.0220078
-0.0855027
0.000370579
0.43081
-0.161293
-0.165232
0.0996388
0.358818
0.152539
-0.171548
0.0628645
0.338859
-0.0462019
0.0248213
0.019307
0.366078
0.131213
0.112989
0.0732485
0.29004
-0.0160765
-0.0305863
-0.00710408
0.410687
0.00207994
-0.0555519
0.00299519
0.255618
0.0207523
0.033007
0.00990819
0.393018
0.0165597
0.0585346
0.0030229
0.324304
-0.131492
0.149437
0.0766261
0.418241
-0.0106893
-0.00252081
0.0116137
0.316881
0.0378278
0.083338
-0.0813432
0.352749
0.0455267
0.151831
0.0642849
