Vec Object: 1 MPI process
  type: seq
0.
0.
0.
-0.0933045
0.
0.
0.
0.216084
0.145913
-0.167467
0.
-0.130177
0.162053
-0.176846
0.
-0.107852
0.201156
0.192264
0.
-0.0539298
0.161436
0.172673
0.
-0.138263
0.375201
0.0226476
0.
0.0613474
0.367993
0.0188524
0.
0.0410148
0.381335
-0.0231762
0.
0.0445895
0.381616
-0.0327484
0.
0.0695556
0.
0.
0.
-0.0718166
0.
0.
0.
-0.183862
0.281754
-0.0499382
0.
-0.0295578
0.32551
0.0746886
0.
-0.035868
0.288804
-0.047855
0.
-0.00362593
0.328258
0.108576
0.
-0.0184244
0.312825
0.0580885
0.
0.0102834
0.327024
-0.0934671
0.
-0.0259278
0.28227
0.04993
0.
-0.0435885
0.323649
-0.0545508
0.
-0.047718
0.
0.
0.
-0.0260241
0.
0.
0.
-0.0889588
0.
0.
0.
0.201007
0.
0.
0.
0.0192107
0.
0.
0.
-0.146119
0.
0.
0.
-0.00717232
0.
0.
0.
0.102602
0.
0.
0.
0.339747
0.
0.
0.
0.312435
0.
0.
0.
0.205866
0.
0.
0.
0.06929
0.
0.
0.
0.100899
0.
0.
0.
0.172945
0.
0.
0.
-0.00885454
0.
0.
0.
0.488695
0.
0.
0.
0.406368
0.
0.
0.
0.262177
0.
0.
0.
-0.0205984
1.
0.
0.
0.0743154
0.401765
-0.00838972
-0.00161992
0.0483682
0.37777
0.
-0.000163213
-0.00852952
0.283015
0.
0.00163095
-0.0747125
0.376886
0.
0.00683654
0.106489
0.38652
0.
0.000231446
-0.0132346
0.284705
0.
0.00554335
-0.0832592
0.369124
0.
-0.00843049
0.143537
0.389192
0.00510599
0.
0.156345
0.382614
0.0206608
0.
-0.0064286
0.271991
0.0248052
0.
-0.0806553
0.358796
-0.00370272
0.
0.15643
0.390705
0.00709467
0.
-0.0048313
0.277332
0.00733074
0.
-0.0915139
0.237946
0.00169087
-0.032327
-0.0700555
0.24597
-0.0116345
0.0131414
-0.113092
0.310822
-0.0357821
-0.0153417
0.0472606
0.440357
-0.0428548
-0.082387
0.252664
0.38405
0.0416121
-0.0815473
0.198385
0.254032
0.0390991
0.0175575
0.102237
0.347125
0.0455075
0.0464652
0.242472
0.224395
0.00163824
-0.0215541
-0.0252107
0.31232
-0.0008031
-0.00955656
0.0572416
0.252801
-0.00230733
0.0177307
-0.0775763
0.283306
-0.0226473
0.0121394
0.0721723
0.314832
-0.0376411
0.0790945
0.204939
0.309805
0.00467844
-0.0117675
0.0952715
0.204057
-0.0579302
0.0172659
0.10849
0.330501
-0.000264037
0.0776455
0.238432
