Vec Object: 1 MPI process
  type: seq
0.
0.
0.
-0.0763752
0.
0.
0.
0.0195631
0.170293
-0.168166
0.
-0.0468963
0.176214
-0.180233
0.
-0.0502855
0.190001
0.207792
0.
-0.04204
0.183315
0.163615
0.
-0.0372719
0.389966
0.00840962
0.
-0.000934739
0.376963
0.00698775
0.
0.00985837
0.392979
-0.0221148
0.
0.00926477
0.399586
-0.0160291
0.
0.00274323
0.
0.
0.
-0.0176038
0.
0.
0.
-0.0545818
0.326512
-0.0581816
0.
-0.0112575
0.316004
0.0902496
0.
0.00284251
0.331761
-0.0500238
0.
-0.0153395
0.320984
0.108741
0.
0.0149489
0.358806
0.0760319
0.
-0.00524394
0.321554
-0.101261
0.
0.0117301
0.325043
0.0353977
0.
-0.00916536
0.32065
-0.0617213
0.
-0.00350258
0.
0.
0.
-0.101744
0.
0.
0.
0.0277275
0.
0.
0.
-0.0119465
0.
0.
0.
0.154502
0.
0.
0.
-0.038916
0.
0.
0.
-0.134229
0.
0.
0.
-0.232868
0.
0.
0.
-0.0155851
0.
0.
0.
-0.0693074
0.
0.
0.
-0.0379285
0.
0.
0.
-0.137859
0.
0.
0.
0.0393101
0.
0.
0.
-0.0940378
0.
0.
0.
0.0151827
0.
0.
0.
0.054786
0.
0.
0.
-0.042368
0.
0.
0.
-0.011085
0.
0.
0.
0.0106079
1.
0.
0.
0.0313927
0.38937
-0.00772557
0.000348717
-0.000714795
0.383316
0.
-0.00483023
-0.00584123
0.264701
0.
-0.00480727
-0.0062719
0.269145
0.
0.0252697
0.0328267
0.375672
0.
0.00582647
-0.00951615
0.264463
0.
0.0176604
-0.000598144
0.285372
0.
-0.00342308
0.0321403
0.262878
0.0251844
0.
0.0296872
0.384614
0.0169935
0.
-0.00346478
0.251694
0.0156329
0.
-0.0101506
0.244504
0.00938173
0.
0.030359
0.381938
0.0168871
0.
-0.0036777
0.259974
0.0185834
0.
-0.00565427
0.253003
0.0274456
-0.0531343
0.000262026
0.248812
-0.0228756
0.020793
-0.00242895
0.372015
-0.020487
-0.0995788
-0.00472895
0.437637
-0.175731
-0.17757
0.0834899
0.366257
0.166423
-0.184866
0.0503603
0.329033
-0.0623998
0.0217491
0.0120074
0.372326
0.137274
0.124589
0.0590024
0.301346
-0.0158775
-0.0314103
-0.0078711
0.412269
0.00216468
-0.0597088
-0.00192415
0.252737
0.016913
0.0334624
0.0167178
0.410459
0.0253753
0.0710344
-0.00186531
0.33515
-0.143133
0.157414
0.065842
0.429141
-0.0113486
0.00067744
0.00547964
0.307759
0.0651992
0.0904542
-0.079092
0.362931
0.0501221
0.156488
0.0517082
