Vec Object: 1 MPI process
  type: seq
0.
0.
0.
-0.118184
0.
0.
0.
0.0515552
0.159895
-0.167367
0.
-0.0866101
0.17092
-0.177699
0.
-0.0771626
0.190537
0.202695
0.
-0.0628333
0.174218
0.16733
0.
-0.086193
0.386701
0.0105798
0.
0.00648473
0.37498
0.00983922
0.
0.00524041
0.389434
-0.0195958
0.
0.00621641
0.394718
-0.0198539
0.
0.0136152
0.
0.
0.
-0.0397655
0.
0.
0.
-0.0974964
0.306158
-0.0555347
0.
-0.0178693
0.321164
0.0873899
0.
0.00304282
0.311312
-0.0508229
0.
-0.00596053
0.324024
0.116106
0.
0.0210073
0.337022
0.0688055
0.
0.00537479
0.323648
-0.104695
0.
0.0158001
0.307367
0.0429688
0.
-0.0237155
0.320856
-0.0628803
0.
-0.00255731
0.
0.
0.
-0.134791
0.
0.
0.
-0.0278958
0.
0.
0.
0.0194365
0.
0.
0.
0.0882721
0.
0.
0.
-0.0814526
0.
0.
0.
-0.148689
0.
0.
0.
-0.168265
0.
0.
0.
0.0780247
0.
0.
0.
0.0311245
0.
0.
0.
0.00558787
0.
0.
0.
-0.151225
0.
0.
0.
0.0312747
0.
0.
0.
-0.0515661
0.
0.
0.
-0.00904601
0.
0.
0.
0.204726
0.
0.
0.
0.0926108
0.
0.
0.
0.029324
0.
0.
0.
0.0026069
1.
0.
0.
0.0481511
0.400196
-0.00846293
-0.000787951
-0.00356887
0.377065
0.
-0.00280783
-0.00281452
0.273528
0.
-0.00140229
-0.0186489
0.319548
0.
0.0160086
0.0582436
0.378976
0.
0.00372908
-0.0102256
0.276069
0.
0.0116358
-0.0209713
0.327887
0.
-0.0070003
0.0745965
0.325126
0.0160612
0.
0.0770648
0.379499
0.0196522
0.
-0.000534866
0.260644
0.0232463
0.
-0.0233226
0.302333
-0.000813291
0.
0.0697592
0.383239
0.0131579
0.
-0.00266506
0.268092
0.0147402
0.
-0.0256256
0.245713
0.0178137
-0.0521741
-0.0162549
0.248422
-0.0234357
0.0229477
-0.0338073
0.358104
-0.0278205
-0.0533568
0.0161741
0.424343
-0.119996
-0.136045
0.146459
0.357484
0.113844
-0.138429
0.10347
0.331417
-0.00258433
0.0278497
0.0434063
0.355067
0.107385
0.0845987
0.120392
0.264578
-0.0132975
-0.0283447
-0.00914718
0.389917
0.00144373
-0.038315
0.0182649
0.258135
0.0192286
0.0299756
-0.0132987
0.353103
-0.00233714
0.0344527
0.0212586
0.311158
-0.0994215
0.127099
0.111738
0.383126
-0.00581153
-0.00990503
0.0352729
0.306277
-0.0239379
0.0567082
-0.0564536
0.338339
0.030029
0.13126
0.109539
