Vec Object: 1 MPI process
  type: seq
0.
0.
0.
-0.115062
0.
0.
0.
0.0439526
0.161081
-0.167274
0.
-0.0819439
0.1715
-0.177809
0.
-0.0741203
0.190183
0.203224
0.
-0.0610034
0.175325
0.166799
0.
-0.0806718
0.387086
0.010174
0.
0.00529354
0.37509
0.00961287
0.
0.00548491
0.389618
-0.0198377
0.
0.00664103
0.395277
-0.0193041
0.
0.0120708
0.
0.
0.
-0.0368836
0.
0.
0.
-0.0910326
0.308174
-0.055893
0.
-0.0175344
0.32075
0.0877752
0.
0.0034235
0.313235
-0.0510105
0.
-0.0074024
0.323695
0.115639
0.
0.0208929
0.339107
0.0697768
0.
0.00365457
0.323399
-0.104593
0.
0.0159182
0.309268
0.0422276
0.
-0.0222482
0.320655
-0.0629443
0.
-0.0021025
0.
0.
0.
-0.135444
0.
0.
0.
-0.0210677
0.
0.
0.
0.0112994
0.
0.
0.
0.0970587
0.
0.
0.
-0.0752539
0.
0.
0.
-0.151852
0.
0.
0.
-0.18148
0.
0.
0.
0.0630238
0.
0.
0.
0.0148538
0.
0.
0.
-0.00410699
0.
0.
0.
-0.157663
0.
0.
0.
0.0298238
0.
0.
0.
-0.0621485
0.
0.
0.
-0.00723476
0.
0.
0.
0.185468
0.
0.
0.
0.073054
0.
0.
0.
0.0188696
0.
0.
0.
0.00418034
1.
0.
0.
0.0469893
0.399464
-0.00843136
-0.000695987
-0.00370361
0.377557
0.
-0.0030365
-0.00304681
0.272586
0.
-0.00171767
-0.0170033
0.314637
0.
0.0168936
0.0552209
0.378793
0.
0.00401498
-0.0101463
0.275056
0.
0.012224
-0.0185288
0.323932
0.
-0.00675259
0.0697584
0.319264
0.0170384
0.
0.0712661
0.379858
0.0193779
0.
-0.000758882
0.259583
0.0227402
0.
-0.0215355
0.297068
-0.000123258
0.
0.0646067
0.383212
0.0136494
0.
-0.002682
0.267209
0.0153584
0.
-0.0230316
0.246334
0.0190095
-0.0531228
-0.0136776
0.248487
-0.0240745
0.0232947
-0.0297505
0.360786
-0.0268711
-0.0576869
0.0135062
0.42446
-0.126317
-0.140319
0.139058
0.356593
0.119738
-0.143256
0.096794
0.334786
-0.00849175
0.0278712
0.039302
0.356322
0.111565
0.0885285
0.112475
0.268117
-0.0140563
-0.0287316
-0.00865477
0.394287
0.00157831
-0.0410993
0.0156293
0.258042
0.0201912
0.0306325
-0.00961514
0.35885
0.000129113
0.0374265
0.0178997
0.312163
-0.104328
0.130613
0.105792
0.388759
-0.00668429
-0.00901454
0.0310039
0.310566
-0.0164763
0.0608018
-0.0633153
0.339796
0.0324891
0.134898
0.101637
