Vec Object: 1 MPI process
  type: seq
0.
0.
0.
-0.0743246
0.
0.
0.
0.0202386
0.170998
-0.168436
0.
-0.0445971
0.176716
-0.180574
0.
-0.0483323
0.190305
0.208178
0.
-0.0403603
0.183778
0.163582
0.
-0.0345383
0.39019
0.00844424
0.
-0.00121435
0.377338
0.0065863
0.
0.0100007
0.39349
-0.0223116
0.
0.0091275
0.39992
-0.0159087
0.
0.00222765
0.
0.
0.
-0.0171908
0.
0.
0.
-0.0540097
0.328116
-0.0584087
0.
-0.0108235
0.315478
0.0904804
0.
0.00274011
0.333471
-0.0497037
0.
-0.0155031
0.320822
0.108011
0.
0.0143668
0.360566
0.0763301
0.
-0.00538646
0.321458
-0.100862
0.
0.0112398
0.326292
0.0349093
0.
-0.00845043
0.320908
-0.0615076
0.
-0.00375155
0.
0.
0.
-0.0978439
0.
0.
0.
0.0293704
0.
0.
0.
-0.0108296
0.
0.
0.
0.15479
0.
0.
0.
-0.038834
0.
0.
0.
-0.13093
0.
0.
0.
-0.232557
0.
0.
0.
-0.0179027
0.
0.
0.
-0.0715249
0.
0.
0.
-0.0372504
0.
0.
0.
-0.132011
0.
0.
0.
0.0406334
0.
0.
0.
-0.0924857
0.
0.
0.
0.0168515
0.
0.
0.
0.0477671
0.
0.
0.
-0.0469309
0.
0.
0.
-0.00970221
0.
0.
0.
0.0100592
1.
0.
0.
0.0298007
0.388178
-0.0075942
0.000478888
-0.000424365
0.383841
0.
-0.00494171
-0.00596282
0.264172
0.
-0.00509562
-0.00563093
0.265091
0.
0.0259645
0.0312706
0.375128
0.
0.00588927
-0.00929766
0.263467
0.
0.0181355
0.000490966
0.281852
0.
-0.00296876
0.0296971
0.257784
0.0257083
0.
0.0273046
0.385085
0.0168415
0.
-0.00357773
0.251352
0.0147295
0.
-0.00957214
0.239425
0.0104922
0.
0.0284748
0.381601
0.0170221
0.
-0.00366723
0.259465
0.0185459
0.
-0.0046934
0.253535
0.0280439
-0.0524052
0.000552282
0.248674
-0.021957
0.0200919
-0.00113374
0.371739
-0.0202271
-0.102903
-0.00580448
0.439674
-0.178782
-0.180603
0.0799484
0.368895
0.169434
-0.187969
0.0478071
0.325395
-0.0655051
0.0209437
0.0105633
0.373986
0.138365
0.12715
0.0560821
0.304096
-0.0158143
-0.0316365
-0.00816766
0.412001
0.00216988
-0.0602478
-0.00298474
0.251773
0.0154818
0.0335636
0.0179702
0.414825
0.0275053
0.0742511
-0.00281693
0.338405
-0.145701
0.159196
0.0635518
0.431283
-0.011306
0.00134667
0.00430233
0.304517
0.070961
0.0914315
-0.0778443
0.36595
0.0509039
0.157165
0.0492077
