Vec Object: 1 MPI process
  type: seq
0.
0.
0.
-0.0774088
0.
0.
0.
0.0193503
0.169984
-0.16806
0.
-0.0479402
0.176005
-0.180093
0.
-0.0511367
0.189887
0.207624
0.
-0.0427768
0.183101
0.163646
0.
-0.0385336
0.389866
0.00840568
0.
-0.000801635
0.376814
0.00715015
0.
0.00977242
0.392768
-0.0220302
0.
0.0093023
0.399438
-0.0160906
0.
0.00298021
0.
0.
0.
-0.0178579
0.
0.
0.
-0.0549557
0.325816
-0.0580871
0.
-0.0114638
0.316226
0.0901538
0.
0.00289278
0.331022
-0.0501516
0.
-0.0152391
0.321061
0.109054
0.
0.0152069
0.358042
0.0758902
0.
-0.00515159
0.3216
-0.101431
0.
0.011945
0.324495
0.0356181
0.
-0.00950862
0.320554
-0.0618098
0.
-0.00339188
0.
0.
0.
-0.103496
0.
0.
0.
0.0268514
0.
0.
0.
-0.0123459
0.
0.
0.
0.154061
0.
0.
0.
-0.0391277
0.
0.
0.
-0.135675
0.
0.
0.
-0.232824
0.
0.
0.
-0.0143871
0.
0.
0.
-0.0681236
0.
0.
0.
-0.0381067
0.
0.
0.
-0.14034
0.
0.
0.
0.0386953
0.
0.
0.
-0.0945745
0.
0.
0.
0.0144178
0.
0.
0.
0.0580735
0.
0.
0.
-0.0401205
0.
0.
0.
-0.0115832
0.
0.
0.
0.0107923
1.
0.
0.
0.0320853
0.389873
-0.00777798
0.000294886
-0.000848129
0.383085
0.
-0.00477897
-0.00577705
0.264943
0.
-0.00468349
-0.00656669
0.270907
0.
0.0249621
0.0335224
0.375889
0.
0.00579366
-0.00959778
0.264895
0.
0.0174542
-0.00110562
0.286899
0.
-0.0036085
0.0332587
0.265092
0.0249417
0.
0.0307939
0.38441
0.0170633
0.
-0.00340423
0.251868
0.0160074
0.
-0.0104264
0.246686
0.00891273
0.
0.0312319
0.382069
0.0168199
0.
-0.00367188
0.260203
0.0185807
0.
-0.00610425
0.252758
0.0271864
-0.0534232
9.70843e-05
0.248853
-0.0232294
0.0210778
-0.00305413
0.37207
-0.0206157
-0.0980908
-0.00422996
0.436783
-0.174317
-0.176234
0.085106
0.365202
0.165039
-0.183473
0.0515517
0.330489
-0.060897
0.0221031
0.0126931
0.371609
0.136744
0.123413
0.0603623
0.300127
-0.0159101
-0.0313153
-0.00774813
0.412307
0.00216031
-0.059406
-0.00143575
0.253126
0.0174814
0.03342
0.0161104
0.408547
0.0244268
0.0696319
-0.00141291
0.333794
-0.14196
0.156604
0.066895
0.428125
-0.0113391
0.000363072
0.00603823
0.30908
0.062494
0.0899157
-0.0795733
0.361672
0.0497263
0.156129
0.0528815
