Vec Object: 1 MPI process
  type: seq
0.
0.
0.
-0.0879517
0.
0.
0.
0.0200208
0.16748
-0.167452
0.
-0.0569732
0.17453
-0.179138
0.
-0.0578391
0.189358
0.206296
0.
-0.0486011
0.181157
0.164203
0.
-0.0497655
0.389065
0.00859128
0.
0.000483851
0.375935
0.00818641
0.
0.00866907
0.39137
-0.0213722
0.
0.00913273
0.398244
-0.0167575
0.
0.00511609
0.
0.
0.
-0.0214329
0.
0.
0.
-0.0607983
0.32038
-0.0574236
0.
-0.0133733
0.317831
0.0894652
0.
0.00334608
0.325337
-0.0509037
0.
-0.0138464
0.32177
0.111397
0.
0.0172892
0.352096
0.0745126
0.
-0.00374928
0.322039
-0.102686
0.
0.0136127
0.320085
0.0375027
0.
-0.0128099
0.320125
-0.0624059
0.
-0.00252899
0.
0.
0.
-0.117468
0.
0.
0.
0.0166522
0.
0.
0.
-0.0128866
0.
0.
0.
0.14438
0.
0.
0.
-0.0445586
0.
0.
0.
-0.146333
0.
0.
0.
-0.228098
0.
0.
0.
-0.00055694
0.
0.
0.
-0.0537711
0.
0.
0.
-0.0363289
0.
0.
0.
-0.156947
0.
0.
0.
0.0336395
0.
0.
0.
-0.0949761
0.
0.
0.
0.00777656
0.
0.
0.
0.0886465
0.
0.
0.
-0.0167691
0.
0.
0.
-0.0122707
0.
0.
0.
0.0109483
1.
0.
0.
0.0373743
0.393477
-0.00809779
-7.4087e-05
-0.0019851
0.381263
0.
-0.00432177
-0.00507146
0.267049
0.
-0.00373794
-0.0091837
0.284606
0.
0.0224803
0.0393674
0.37724
0.
0.00542494
-0.00998981
0.268228
0.
0.0158415
-0.00567323
0.298725
0.
-0.00484492
0.0430592
0.282301
0.0227787
0.
0.0408911
0.382842
0.0176867
0.
-0.00272685
0.253694
0.018597
0.
-0.0130543
0.263207
0.00554016
0.
0.0392239
0.3828
0.0161216
0.
-0.00344713
0.262145
0.0181735
0.
-0.0102488
0.250687
0.0250724
-0.0549597
-0.00215365
0.2489
-0.0250497
0.022821
-0.00921485
0.371145
-0.0219676
-0.0858084
0.000251068
0.430931
-0.161631
-0.165496
0.0992658
0.358926
0.152859
-0.171842
0.0625629
0.338735
-0.0465901
0.0247628
0.0191304
0.366202
0.13137
0.113249
0.0729048
0.290282
-0.0160774
-0.0306034
-0.00710976
0.410768
0.00208279
-0.0556698
0.00288112
0.255571
0.0207023
0.0330198
0.0100801
0.393386
0.0167473
0.05879
0.00290216
0.324499
-0.131758
0.149619
0.07637
0.418507
-0.0107155
-0.00244783
0.011459
0.316766
0.0384475
0.0835339
-0.0813558
0.352936
0.0456436
0.15196
0.0639742
