Vec Object: 1 MPI process
  type: seq
0.
0.
0.
-0.0872895
0.
0.
0.
0.2377
0.145714
-0.166246
0.
-0.124944
0.161991
-0.17578
0.
-0.102576
0.204137
0.189507
0.
-0.0408364
0.161334
0.172104
0.
-0.133941
0.371912
0.0259521
0.
0.0804973
0.365574
0.0216917
0.
0.0567906
0.378176
-0.0257877
0.
0.0642662
0.378281
-0.0360058
0.
0.0882567
0.
0.
0.
-0.0802645
0.
0.
0.
-0.198777
0.278895
-0.0508454
0.
-0.0415679
0.326073
0.071572
0.
-0.0489623
0.286187
-0.049397
0.
-0.0155526
0.328916
0.105167
0.
-0.0328423
0.310076
0.0586611
0.
-9.85151e-05
0.327566
-0.0897227
0.
-0.0403699
0.2791
0.0517902
0.
-0.0535434
0.323926
-0.052171
0.
-0.0622175
0.
0.
0.
-0.00699557
0.
0.
0.
-0.0972349
0.
0.
0.
0.225604
0.
0.
0.
0.0132983
0.
0.
0.
-0.155814
0.
0.
0.
0.0157375
0.
0.
0.
0.140889
0.
0.
0.
0.374114
0.
0.
0.
0.348698
0.
0.
0.
0.232339
0.
0.
0.
0.104576
0.
0.
0.
0.109422
0.
0.
0.
0.203215
0.
0.
0.
-0.011399
0.
0.
0.
0.525016
0.
0.
0.
0.446736
0.
0.
0.
0.296043
0.
0.
0.
-0.0294863
1.
0.
0.
0.0885531
0.400456
-0.00820717
-0.00161324
0.0697856
0.37923
0.
0.000123357
-0.0099921
0.283887
0.
0.00186541
-0.0930045
0.38202
0.
0.00599841
0.113788
0.389003
0.
-6.13163e-05
-0.01229
0.285325
0.
0.00503798
-0.101667
0.372058
0.
-0.00834014
0.153632
0.394605
0.0040808
0.
0.166643
0.38457
0.0203312
0.
-0.00784115
0.273092
0.0242976
0.
-0.0986487
0.363327
-0.00335115
0.
0.170277
0.393611
0.00657283
0.
-0.00373863
0.278158
0.0067767
0.
-0.110251
0.236809
0.000126573
-0.0296064
-0.0868748
0.245342
-0.010224
0.0117318
-0.133312
0.304048
-0.0352426
-0.0127621
0.0434187
0.443208
-0.0344332
-0.0761681
0.269024
0.387554
0.0337036
-0.0753767
0.211051
0.242586
0.0398367
0.0156449
0.104596
0.346274
0.0379513
0.0433188
0.258863
0.219992
0.00292242
-0.0205378
-0.0355937
0.301505
-0.000975918
-0.00738459
0.0572493
0.251498
-0.00448128
0.0160823
-0.0961366
0.275297
-0.0235512
0.0110571
0.0721459
0.315982
-0.0305873
0.0733265
0.216877
0.301252
0.0056272
-0.0108655
0.0972849
0.188688
-0.0559399
0.0144616
0.130324
0.329779
-0.00349664
0.0710922
0.256034
