Vec Object: 1 MPI process
  type: seq
0.
0.
0.
-0.122132
0.
0.
0.
0.0699045
0.157429
-0.167629
0.
-0.0962328
0.169631
-0.177578
0.
-0.0835978
0.191396
0.201608
0.
-0.0661406
0.171931
0.168435
0.
-0.0973318
0.385833
0.0115276
0.
0.00941551
0.374689
0.0103728
0.
0.00533656
0.389067
-0.0191765
0.
0.00574131
0.393507
-0.0210661
0.
0.0171936
0.
0.
0.
-0.0452292
0.
0.
0.
-0.11077
0.302159
-0.0546647
0.
-0.0180426
0.321941
0.0864534
0.
0.00165519
0.307546
-0.050275
0.
-0.00280772
0.324677
0.116722
0.
0.0204523
0.332933
0.0667493
0.
0.00909411
0.324151
-0.104613
0.
0.0147874
0.303514
0.0443178
0.
-0.0262636
0.321299
-0.0625677
0.
-0.00425732
0.
0.
0.
-0.129527
0.
0.
0.
-0.0408847
0.
0.
0.
0.0392748
0.
0.
0.
0.0716584
0.
0.
0.
-0.0936412
0.
0.
0.
-0.138239
0.
0.
0.
-0.13724
0.
0.
0.
0.11145
0.
0.
0.
0.0673561
0.
0.
0.
0.028601
0.
0.
0.
-0.132435
0.
0.
0.
0.0364343
0.
0.
0.
-0.0261759
0.
0.
0.
-0.0116014
0.
0.
0.
0.245305
0.
0.
0.
0.135029
0.
0.
0.
0.0546935
0.
0.
0.
-0.000443651
1.
0.
0.
0.0500775
0.401441
-0.00851877
-0.000967669
-0.00258242
0.376245
0.
-0.00235291
-0.00258662
0.275361
0.
-0.000799829
-0.022413
0.329299
0.
0.0142993
0.0646224
0.379382
0.
0.00313694
-0.0105392
0.277961
0.
0.010489
-0.0262272
0.335562
0.
-0.00744718
0.0845059
0.336575
0.0141357
0.
0.0890488
0.378959
0.0201523
0.
-0.000326383
0.262739
0.0241051
0.
-0.0273737
0.312575
-0.00198028
0.
0.0807844
0.38337
0.0121422
0.
-0.00282193
0.269834
0.0134545
0.
-0.0313109
0.244536
0.0153082
-0.0498548
-0.0217081
0.24828
-0.0219064
0.0219649
-0.0423256
0.352097
-0.0297193
-0.0452234
0.0219638
0.42489
-0.107274
-0.12747
0.161689
0.360091
0.101983
-0.12886
0.117389
0.322885
0.00824857
0.0273494
0.0522945
0.352915
0.098476
0.0770937
0.137186
0.257679
-0.0114456
-0.0274992
-0.010072
0.380057
0.00113427
-0.0327797
0.0240932
0.258079
0.0167314
0.028459
-0.0207093
0.341669
-0.00692146
0.0290657
0.0288284
0.309923
-0.0894959
0.11985
0.124441
0.371585
-0.00400613
-0.0113902
0.0446164
0.295339
-0.0367083
0.0487437
-0.0392125
0.335948
0.025034
0.123516
0.126593
