Vec Object: 1 MPI process
  type: seq
0.
0.
0.
-0.118663
0.
0.
0.
0.12347
0.151786
-0.168336
0.
-0.117228
0.166212
-0.177677
0.
-0.0986278
0.194031
0.198892
0.
-0.0703439
0.166761
0.170911
0.
-0.121102
0.383143
0.0144667
0.
0.0202037
0.373371
0.0122877
0.
0.0100488
0.387724
-0.0189527
0.
0.00909706
0.390136
-0.0244314
0.
0.0288981
0.
0.
0.
-0.0550189
0.
0.
0.
-0.139549
0.293555
-0.0520899
0.
-0.0169086
0.323466
0.0832833
0.
-0.00584242
0.299593
-0.048442
0.
0.00430562
0.326082
0.116108
0.
0.0137819
0.324325
0.0620164
0.
0.0170163
0.32526
-0.102618
0.
0.00717846
0.294867
0.0465259
0.
-0.0300252
0.322331
-0.0607724
0.
-0.0133267
0.
0.
0.
-0.0994043
0.
0.
0.
-0.0640364
0.
0.
0.
0.0979082
0.
0.
0.
0.0430499
0.
0.
0.
-0.117054
0.
0.
0.
-0.096503
0.
0.
0.
-0.0497955
0.
0.
0.
0.198586
0.
0.
0.
0.161493
0.
0.
0.
0.0941204
0.
0.
0.
-0.0656695
0.
0.
0.
0.058071
0.
0.
0.
0.0469192
0.
0.
0.
-0.011835
0.
0.
0.
0.34206
0.
0.
0.
0.240888
0.
0.
0.
0.129031
0.
0.
0.
-0.00605099
1.
0.
0.
0.0535894
0.403077
-0.00860214
-0.00133093
0.0052732
0.375434
0.
-0.00139472
-0.00362362
0.278989
0.
0.000369999
-0.03449
0.350305
0.
0.0108637
0.0802714
0.380873
0.
0.00182185
-0.0120432
0.281414
0.
0.00816731
-0.0409823
0.351265
0.
-0.00817482
0.107389
0.360406
0.0101059
0.
0.116459
0.378849
0.0208869
0.
-0.00143812
0.266999
0.0252331
0.
-0.0400831
0.333745
-0.00358196
0.
0.108378
0.384514
0.00988039
0.
-0.00407097
0.273369
0.0106223
0.
-0.0473966
0.242025
0.00949471
-0.0432948
-0.0350571
0.247745
-0.0178167
0.0187908
-0.0636261
0.336524
-0.0334922
-0.0301317
0.0362798
0.429315
-0.0796256
-0.108608
0.196775
0.368749
0.0761487
-0.10846
0.149815
0.297825
0.0266084
0.0244267
0.0745727
0.349728
0.077109
0.0625001
0.178054
0.24329
-0.00616306
-0.0253171
-0.0117029
0.35433
0.000316167
-0.0215713
0.039344
0.256858
0.0092792
0.0243794
-0.0374923
0.316962
-0.0152623
0.0198114
0.0489067
0.310251
-0.0676064
0.103181
0.155779
0.345725
-6.5179e-05
-0.0130854
0.067878
0.26258
-0.0543557
0.0332022
0.0138323
0.332708
0.0140987
0.105002
0.169315
