Vec Object: 1 MPI process
  type: seq
0.
0.
0.
-0.110907
0.
0.
0.
0.156589
0.149055
-0.168504
0.
-0.126039
0.16433
-0.177725
0.
-0.105341
0.195975
0.197059
0.
-0.0690327
0.164267
0.172012
0.
-0.131377
0.381017
0.0167095
0.
0.0301371
0.372052
0.013971
0.
0.0166851
0.38629
-0.0196018
0.
0.0158921
0.387732
-0.0267902
0.
0.0389169
0.
0.
0.
-0.0595569
0.
0.
0.
-0.154286
0.289191
-0.0507163
0.
-0.0174779
0.324201
0.0808072
0.
-0.0133927
0.2956
-0.0475257
0.
0.00606676
0.326823
0.114409
0.
0.00596298
0.320038
0.059844
0.
0.0188953
0.325855
-0.100281
0.
-0.0010633
0.290305
0.0474325
0.
-0.0322115
0.322845
-0.0590754
0.
-0.0221973
0.
0.
0.
-0.075164
0.
0.
0.
-0.0731637
0.
0.
0.
0.134489
0.
0.
0.
0.0329262
0.
0.
0.
-0.127282
0.
0.
0.
-0.0663409
0.
0.
0.
0.00371406
0.
0.
0.
0.249179
0.
0.
0.
0.215865
0.
0.
0.
0.134055
0.
0.
0.
-0.0198575
0.
0.
0.
0.0735273
0.
0.
0.
0.0917437
0.
0.
0.
-0.00992574
0.
0.
0.
0.395065
0.
0.
0.
0.300568
0.
0.
0.
0.175451
0.
0.
0.
-0.00915406
1.
0.
0.
0.0570067
0.403208
-0.00859536
-0.00148195
0.0148291
0.375715
0.
-0.000928104
-0.00507914
0.280599
0.
0.000886947
-0.0446019
0.360738
0.
0.00927159
0.0893156
0.382281
0.
0.00118124
-0.0129947
0.282812
0.
0.00710487
-0.0521064
0.358612
0.
-0.00838475
0.119985
0.371864
0.00815525
0.
0.130931
0.37957
0.0209998
0.
-0.00294649
0.268958
0.0253702
0.
-0.0504791
0.343825
-0.0039135
0.
0.124638
0.385941
0.00876741
0.
-0.00489067
0.274963
0.00926801
0.
-0.0592635
0.240635
0.00647785
-0.0393899
-0.0439727
0.247251
-0.0155259
0.0167974
-0.0775691
0.327506
-0.0349427
-0.0238571
0.0431731
0.432968
-0.0657491
-0.0988914
0.215993
0.374243
0.0631345
-0.0983042
0.167267
0.282536
0.0330013
0.0221685
0.0864895
0.348704
0.0655266
0.0560065
0.201013
0.236188
-0.00310388
-0.0240216
-0.0134955
0.339465
-0.000133383
-0.0165867
0.0476186
0.255656
0.00486249
0.0220009
-0.048053
0.304441
-0.0186057
0.0163251
0.0597376
0.311632
-0.0564288
0.0943304
0.173496
0.332391
0.00182339
-0.0130852
0.0799727
0.242263
-0.0582235
0.0265047
0.0475665
0.331793
0.00863496
0.0949797
0.193815
