Vec Object: 1 MPI process
  type: seq
0.
0.
0.
-0.115757
0.
0.
0.
0.0454228
0.160841
-0.16729
0.
-0.0828899
0.171384
-0.177783
0.
-0.0747338
0.190251
0.203116
0.
-0.061386
0.175101
0.166906
0.
-0.0817982
0.38701
0.0102537
0.
0.00552505
0.375069
0.00965778
0.
0.00542198
0.389579
-0.019787
0.
0.00654801
0.395165
-0.0194138
0.
0.0123757
0.
0.
0.
-0.037478
0.
0.
0.
-0.0923401
0.307761
-0.0558234
0.
-0.0176158
0.320836
0.0877001
0.
0.00335976
0.312839
-0.0509768
0.
-0.00711501
0.323763
0.115742
0.
0.0209341
0.338678
0.0695814
0.
0.00399758
0.32345
-0.104621
0.
0.0159118
0.30888
0.0423823
0.
-0.0225572
0.320695
-0.0629357
0.
-0.00217734
0.
0.
0.
-0.135414
0.
0.
0.
-0.0224761
0.
0.
0.
0.0128674
0.
0.
0.
0.095245
0.
0.
0.
-0.0765207
0.
0.
0.
-0.151314
0.
0.
0.
-0.178902
0.
0.
0.
0.0659987
0.
0.
0.
0.0180805
0.
0.
0.
-0.00222258
0.
0.
0.
-0.156506
0.
0.
0.
0.0300616
0.
0.
0.
-0.0600996
0.
0.
0.
-0.00763165
0.
0.
0.
0.189351
0.
0.
0.
0.0769633
0.
0.
0.
0.0208864
0.
0.
0.
0.00385899
1.
0.
0.
0.0472385
0.39962
-0.00843808
-0.000714946
-0.00369186
0.377452
0.
-0.0029897
-0.00299403
0.272779
0.
-0.00165239
-0.0173296
0.315645
0.
0.0167108
0.055831
0.37883
0.
0.00395717
-0.0101591
0.275267
0.
0.0121029
-0.0190207
0.324748
0.
-0.00680463
0.0707424
0.320472
0.0168378
0.
0.0724412
0.37978
0.0194351
0.
-0.000707766
0.2598
0.022848
0.
-0.0218906
0.298154
-0.000270409
0.
0.0656419
0.383216
0.0135499
0.
-0.00267394
0.26739
0.0152337
0.
-0.0235508
0.246205
0.0187682
-0.0529412
-0.0141953
0.248473
-0.0239517
0.0232322
-0.0305699
0.360256
-0.0270646
-0.0567871
0.0140405
0.424415
-0.125027
-0.139445
0.14056
0.356751
0.118535
-0.142266
0.0981438
0.33415
-0.00725863
0.0278797
0.0401243
0.356055
0.110726
0.0877151
0.114069
0.267387
-0.0139105
-0.0286543
-0.00875515
0.393426
0.00155191
-0.0405305
0.0161548
0.258068
0.0200112
0.0305038
-0.0103666
0.357672
-0.000384969
0.0368024
0.0185649
0.311935
-0.103327
0.1299
0.106987
0.387615
-0.00650802
-0.00920424
0.0318552
0.309756
-0.0180598
0.0599605
-0.062006
0.339483
0.0319884
0.134167
0.10322
