Vec Object: 1 MPI process
  type: seq
0.
0.
0.
-0.0919752
0.
0.
0.
0.021333
0.166639
-0.167335
0.
-0.0601689
0.174102
-0.17888
0.
-0.0600196
0.189317
0.205866
0.
-0.050462
0.180435
0.164481
0.
-0.0537984
0.388802
0.00872512
0.
0.0009904
0.375745
0.00844291
0.
0.00819537
0.391015
-0.0211582
0.
0.00891454
0.397848
-0.0170373
0.
0.00591199
0.
0.
0.
-0.02314
0.
0.
0.
-0.0637959
0.318637
-0.0572296
0.
-0.0140544
0.3183
0.0892543
0.
0.00348672
0.323553
-0.0510508
0.
-0.0131846
0.322027
0.112106
0.
0.0179553
0.350205
0.0739692
0.
-0.00304049
0.322208
-0.103052
0.
0.0141178
0.318617
0.0381573
0.
-0.0140616
0.320096
-0.062558
0.
-0.00228116
0.
0.
0.
-0.121663
0.
0.
0.
0.0122329
0.
0.
0.
-0.0118252
0.
0.
0.
0.139226
0.
0.
0.
-0.0476442
0.
0.
0.
-0.14913
0.
0.
0.
-0.224714
0.
0.
0.
0.00568729
0.
0.
0.
-0.0471206
0.
0.
0.
-0.0343253
0.
0.
0.
-0.160679
0.
0.
0.
0.0321647
0.
0.
0.
-0.0933842
0.
0.
0.
0.00548785
0.
0.
0.
0.100208
0.
0.
0.
-0.00707276
0.
0.
0.
-0.0109183
0.
0.
0.
0.0105043
1.
0.
0.
0.0389779
0.394505
-0.00817091
-0.000175884
-0.00235729
0.380685
0.
-0.004156
-0.00478677
0.267791
0.
-0.00344081
-0.0101308
0.288955
0.
0.0216704
0.0413943
0.377559
0.
0.00526736
-0.010041
0.269267
0.
0.0153233
-0.00731985
0.302455
0.
-0.00517572
0.0465395
0.287742
0.0220077
0.
0.0446362
0.382357
0.0179122
0.
-0.00245126
0.254424
0.0193152
0.
-0.0140563
0.268299
0.00457105
0.
0.0422272
0.382937
0.0158367
0.
-0.00332729
0.262818
0.0179095
0.
-0.011792
0.25001
0.0243328
-0.0551479
-0.00326833
0.248853
-0.0252956
0.0231817
-0.0116378
0.370342
-0.0225291
-0.0817275
0.00187971
0.429411
-0.157049
-0.161975
0.104334
0.357653
0.148521
-0.167899
0.0667031
0.340073
-0.0413218
0.0255069
0.021551
0.364574
0.129178
0.109753
0.0776272
0.28707
-0.0160364
-0.0303727
-0.0070786
0.409526
0.00204083
-0.0540099
0.00443364
0.256154
0.0212616
0.0328314
0.00770369
0.38848
0.0142575
0.0554307
0.00457151
0.322028
-0.128158
0.147163
0.0798812
0.414857
-0.0103289
-0.00342704
0.0136107
0.317996
0.0301555
0.0807996
-0.0809221
0.350543
0.0440319
0.150131
0.0682721
