Vec Object: 1 MPI process
  type: seq
0.
0.
0.
-0.112377
0.
0.
0.
0.0390831
0.161924
-0.167225
0.
-0.0786199
0.1719
-0.17791
0.
-0.071975
0.189958
0.203606
0.
-0.0596116
0.176113
0.166423
0.
-0.076684
0.387352
0.00990431
0.
0.00451633
0.375164
0.00945713
0.
0.00575523
0.38976
-0.0200215
0.
0.00698847
0.395669
-0.0189256
0.
0.0110292
0.
0.
0.
-0.0347628
0.
0.
0.
-0.0864662
0.30965
-0.0561262
0.
-0.0171951
0.320437
0.0880284
0.
0.00359758
0.314654
-0.0511106
0.
-0.00839167
0.323454
0.115243
0.
0.0206798
0.340644
0.0704567
0.
0.00247557
0.323219
-0.104468
0.
0.0158747
0.310639
0.0416667
0.
-0.0211195
0.320522
-0.0629572
0.
-0.00190485
0.
0.
0.
-0.135131
0.
0.
0.
-0.0160372
0.
0.
0.
0.00613075
0.
0.
0.
0.103539
0.
0.
0.
-0.0707801
0.
0.
0.
-0.153318
0.
0.
0.
-0.190121
0.
0.
0.
0.0528502
0.
0.
0.
0.00382003
0.
0.
0.
-0.0103882
0.
0.
0.
-0.161103
0.
0.
0.
0.029217
0.
0.
0.
-0.0689411
0.
0.
0.
-0.00572345
0.
0.
0.
0.171918
0.
0.
0.
0.0595537
0.
0.
0.
0.0122151
0.
0.
0.
0.00530982
1.
0.
0.
0.0460552
0.398884
-0.00840614
-0.000627892
-0.00368737
0.377946
0.
-0.00320258
-0.0032532
0.271894
0.
-0.00195268
-0.015882
0.311041
0.
0.0175502
0.0530868
0.378658
0.
0.0042171
-0.0101131
0.274292
0.
0.0126574
-0.0168097
0.321001
0.
-0.00656167
0.0662855
0.314935
0.017754
0.
0.0671408
0.380151
0.0191713
0.
-0.000959329
0.25881
0.0223395
0.
-0.020313
0.293167
0.000425034
0.
0.0610071
0.383198
0.0139978
0.
-0.00272787
0.266566
0.0157927
0.
-0.0212315
0.246804
0.0198523
-0.0537134
-0.0118835
0.248535
-0.0244748
0.0234793
-0.0268842
0.362589
-0.0261886
-0.0609398
0.0116529
0.424717
-0.130887
-0.143425
0.133772
0.35614
0.124001
-0.146783
0.0920687
0.336816
-0.0129674
0.0277864
0.0364498
0.357312
0.114476
0.0914566
0.106919
0.270732
-0.014534
-0.0289987
-0.00830575
0.397211
0.0016673
-0.0431103
0.0138159
0.257922
0.0207566
0.0310653
-0.00695905
0.363048
0.00199514
0.0397099
0.0156237
0.313071
-0.107867
0.133122
0.101636
0.392783
-0.00729905
-0.00831098
0.0280709
0.313146
-0.0106195
0.0637994
-0.0675769
0.340976
0.0342551
0.137433
0.096153
