Vec Object: 1 MPI process
  type: seq
0.
0.
0.
-0.0917233
0.
0.
0.
0.0212346
0.166691
-0.167342
0.
-0.0599688
0.174128
-0.178896
0.
-0.059885
0.189318
0.205892
0.
-0.0503482
0.180481
0.164463
0.
-0.0535459
0.388818
0.00871595
0.
0.000957911
0.375756
0.00842804
0.
0.00822548
0.391035
-0.0211714
0.
0.00893
0.397872
-0.0170193
0.
0.00586149
0.
0.
0.
-0.0230282
0.
0.
0.
-0.0635966
0.318744
-0.0572414
0.
-0.0140123
0.318272
0.0892673
0.
0.00347854
0.323662
-0.051043
0.
-0.013228
0.322011
0.112063
0.
0.0179149
0.350321
0.0740039
0.
-0.00308758
0.322197
-0.10303
0.
0.0140876
0.318708
0.0381165
0.
-0.0139826
0.320096
-0.0625493
0.
-0.00229554
0.
0.
0.
-0.121415
0.
0.
0.
0.0125181
0.
0.
0.
-0.0119105
0.
0.
0.
0.139566
0.
0.
0.
-0.0474378
0.
0.
0.
-0.148972
0.
0.
0.
-0.22495
0.
0.
0.
0.00527738
0.
0.
0.
-0.0475587
0.
0.
0.
-0.034471
0.
0.
0.
-0.160478
0.
0.
0.
0.0322502
0.
0.
0.
-0.0935091
0.
0.
0.
0.00562928
0.
0.
0.
0.0994743
0.
0.
0.
-0.007699
0.
0.
0.
-0.0110274
0.
0.
0.
0.0105381
1.
0.
0.
0.0388812
0.394444
-0.00816677
-0.000169822
-0.00233476
0.38072
0.
-0.00416641
-0.0048048
0.267745
0.
-0.00345898
-0.0100712
0.288688
0.
0.0217202
0.0412677
0.377541
0.
0.00527754
-0.0100386
0.269204
0.
0.0153551
-0.00721668
0.302227
0.
-0.00515616
0.0463218
0.287409
0.0220558
0.
0.0443997
0.382386
0.0178981
0.
-0.00246873
0.254377
0.0192725
0.
-0.0139927
0.26799
0.00462898
0.
0.0420367
0.38293
0.015855
0.
-0.00333503
0.262776
0.0179274
0.
-0.0116945
0.250051
0.0243793
-0.0551408
-0.00319426
0.248857
-0.0252849
0.0231625
-0.0114833
0.370398
-0.0224929
-0.0819788
0.00177726
0.429499
-0.157336
-0.162192
0.104016
0.357721
0.148792
-0.168144
0.0664409
0.34001
-0.0416513
0.0254635
0.0213978
0.364672
0.129319
0.10997
0.0773278
0.287268
-0.0160408
-0.0303871
-0.00707772
0.409613
0.00204367
-0.0541174
0.00433606
0.256121
0.0212338
0.0328441
0.00785511
0.388782
0.01441
0.0556346
0.00446498
0.322172
-0.128383
0.147317
0.079659
0.415089
-0.010355
-0.0033665
0.0134727
0.31794
0.0306668
0.0809752
-0.0809658
0.350685
0.0441343
0.15025
0.0679977
