Vec Object: 1 MPI process
  type: seq
0.
0.
0.
-0.11774
0.
0.
0.
0.0502886
0.160084
-0.16735
0.
-0.0858684
0.171013
-0.177714
0.
-0.0766762
0.190477
0.202779
0.
-0.0625521
0.174394
0.167245
0.
-0.0853212
0.386764
0.0105132
0.
0.00628679
0.374998
0.00980229
0.
0.00526787
0.389463
-0.0196328
0.
0.00627759
0.394808
-0.0197651
0.
0.0133626
0.
0.
0.
-0.0393163
0.
0.
0.
-0.0964676
0.306474
-0.0555942
0.
-0.0178273
0.3211
0.0874537
0.
0.00311478
0.311613
-0.0508563
0.
-0.00619374
0.323973
0.116039
0.
0.0210044
0.337348
0.0689611
0.
0.00509685
0.323609
-0.104685
0.
0.0158337
0.307668
0.0428547
0.
-0.023492
0.320824
-0.0628941
0.
-0.00247029
0.
0.
0.
-0.134979
0.
0.
0.
-0.0268313
0.
0.
0.
0.0180764
0.
0.
0.
0.0896405
0.
0.
0.
-0.0804768
0.
0.
0.
-0.149277
0.
0.
0.
-0.170448
0.
0.
0.
0.0755862
0.
0.
0.
0.0284797
0.
0.
0.
0.00398069
0.
0.
0.
-0.152369
0.
0.
0.
0.0309976
0.
0.
0.
-0.0533268
0.
0.
0.
-0.00878282
0.
0.
0.
0.201647
0.
0.
0.
0.089457
0.
0.
0.
0.0275785
0.
0.
0.
0.00285444
1.
0.
0.
0.0479775
0.400086
-0.00845816
-0.00077358
-0.00360359
0.377139
0.
-0.00284382
-0.00284659
0.27338
0.
-0.00145133
-0.018381
0.318777
0.
0.0161465
0.0577607
0.378947
0.
0.00377463
-0.0102102
0.275913
0.
0.0117278
-0.0205799
0.327269
0.
-0.00696239
0.0738299
0.324209
0.0162145
0.
0.0761427
0.379552
0.0196099
0.
-0.000565604
0.260478
0.0231701
0.
-0.0230322
0.301511
-0.00070947
0.
0.0689324
0.383234
0.0132361
0.
-0.00266386
0.267953
0.0148389
0.
-0.0252075
0.245809
0.0180047
-0.0523334
-0.0158416
0.248432
-0.0235425
0.0230091
-0.0331599
0.358542
-0.0276706
-0.0540272
0.0157445
0.424344
-0.120993
-0.136718
0.145284
0.357324
0.114774
-0.139187
0.102406
0.331989
-0.00349405
0.0278635
0.0427457
0.355256
0.108056
0.0852097
0.119124
0.265131
-0.0134246
-0.0284072
-0.00906977
0.390631
0.00146584
-0.0387538
0.0178384
0.258126
0.0193937
0.0300836
-0.0127172
0.354006
-0.00195655
0.0349082
0.0207116
0.311298
-0.100197
0.127657
0.110784
0.384019
-0.00595069
-0.00977104
0.0345827
0.307007
-0.0228098
0.0573492
-0.0576113
0.338557
0.0304183
0.131844
0.108267
