Vec Object: 1 MPI process
  type: seq
0.
0.
0.
-0.122044
0.
0.
0.
0.069144
0.157523
-0.167618
0.
-0.0958676
0.169683
-0.17758
0.
-0.0833489
0.191361
0.20165
0.
-0.0660271
0.172018
0.168393
0.
-0.0969141
0.385869
0.0114886
0.
0.00928997
0.374703
0.0103502
0.
0.00531594
0.389081
-0.01919
0.
0.00574585
0.393555
-0.0210178
0.
0.0170458
0.
0.
0.
-0.045035
0.
0.
0.
-0.11027
0.302308
-0.0547012
0.
-0.018048
0.321913
0.0864931
0.
0.0017249
0.307685
-0.0502996
0.
-0.00293129
0.324652
0.116707
0.
0.0204952
0.333084
0.0668285
0.
0.00895019
0.324132
-0.104624
0.
0.0148472
0.30366
0.0442711
0.
-0.0261789
0.321281
-0.0625843
0.
-0.00417166
0.
0.
0.
-0.129821
0.
0.
0.
-0.040421
0.
0.
0.
0.0384488
0.
0.
0.
0.0722478
0.
0.
0.
-0.0931967
0.
0.
0.
-0.13873
0.
0.
0.
-0.138509
0.
0.
0.
0.11012
0.
0.
0.
0.0659163
0.
0.
0.
0.0276556
0.
0.
0.
-0.133278
0.
0.
0.
0.036186
0.
0.
0.
-0.0272238
0.
0.
0.
-0.0115336
0.
0.
0.
0.243741
0.
0.
0.
0.133367
0.
0.
0.
0.0536403
0.
0.
0.
-0.000334447
1.
0.
0.
0.0500139
0.4014
-0.00851683
-0.000961046
-0.0026403
0.376271
0.
-0.0023698
-0.00258841
0.275294
0.
-0.000821643
-0.0222584
0.328936
0.
0.0143618
0.0643755
0.379365
0.
0.00315942
-0.0105232
0.277894
0.
0.0105311
-0.0260195
0.33528
0.
-0.00743164
0.0841296
0.336153
0.0142069
0.
0.0885926
0.378974
0.020135
0.
-0.000327326
0.262662
0.0240767
0.
-0.0272082
0.312198
-0.00194165
0.
0.0803546
0.383363
0.0121808
0.
-0.00281109
0.26977
0.0135033
0.
-0.0310845
0.244579
0.0154043
-0.0499507
-0.0214982
0.248286
-0.0219687
0.0220079
-0.0419969
0.352336
-0.029649
-0.0455142
0.0217363
0.424851
-0.10775
-0.127792
0.16111
0.359976
0.102427
-0.129215
0.116856
0.323243
0.00786911
0.0273786
0.0519455
0.352987
0.098821
0.0773654
0.136535
0.257933
-0.0115224
-0.0275326
-0.0100403
0.38045
0.00114675
-0.0329841
0.0238611
0.258087
0.0168372
0.0285203
-0.0204319
0.342096
-0.00675852
0.0292539
0.0285245
0.309951
-0.0898691
0.120126
0.123946
0.372022
-0.00407443
-0.0113422
0.0442486
0.295801
-0.0362837
0.0490341
-0.0399412
0.336026
0.0252218
0.123816
0.125925
