Vec Object: 1 MPI process
  type: seq
0.
0.
0.
-0.0779528
0.
0.
0.
0.0192653
0.169829
-0.16801
0.
-0.0484684
0.175903
-0.180025
0.
-0.0515598
0.189835
0.20754
0.
-0.0431439
0.182992
0.163665
0.
-0.039176
0.389817
0.00840617
0.
-0.00073293
0.376744
0.0072281
0.
0.00972451
0.392666
-0.0219884
0.
0.0093159
0.399364
-0.0161232
0.
0.00310083
0.
0.
0.
-0.0180012
0.
0.
0.
-0.0551711
0.32547
-0.0580411
0.
-0.0115701
0.316335
0.0901071
0.
0.00291884
0.330656
-0.0502125
0.
-0.0151826
0.3211
0.109208
0.
0.0153361
0.357663
0.075817
0.
-0.00509864
0.321623
-0.101515
0.
0.0120519
0.324222
0.0357294
0.
-0.00968624
0.32051
-0.0618527
0.
-0.00333653
0.
0.
0.
-0.104375
0.
0.
0.
0.0263795
0.
0.
0.
-0.0125219
0.
0.
0.
0.153772
0.
0.
0.
-0.0392735
0.
0.
0.
-0.136393
0.
0.
0.
-0.232759
0.
0.
0.
-0.0137473
0.
0.
0.
-0.0674843
0.
0.
0.
-0.0381661
0.
0.
0.
-0.141552
0.
0.
0.
0.0383831
0.
0.
0.
-0.0948063
0.
0.
0.
0.0140295
0.
0.
0.
0.0597591
0.
0.
0.
-0.0389439
0.
0.
0.
-0.0118035
0.
0.
0.
0.0108708
1.
0.
0.
0.0324287
0.39012
-0.00780298
0.000268763
-0.000915769
0.38297
0.
-0.00475289
-0.00574271
0.265066
0.
-0.00462233
-0.00671661
0.271781
0.
0.0248083
0.0338722
0.375993
0.
0.00577614
-0.0096354
0.26511
0.
0.0173519
-0.00136488
0.287656
0.
-0.00369798
0.0338264
0.266191
0.024818
0.
0.0313594
0.384309
0.0170989
0.
-0.00337169
0.25196
0.0161894
0.
-0.0105687
0.247764
0.00868298
0.
0.0316777
0.382131
0.0167847
0.
-0.00366676
0.260318
0.018575
0.
-0.0063348
0.252633
0.0270575
-0.0535597
5.78253e-06
0.248869
-0.0233947
0.0212144
-0.00337857
0.372083
-0.0206833
-0.0973431
-0.0039754
0.436367
-0.173596
-0.175567
0.0859254
0.364699
0.164336
-0.182773
0.0521618
0.331182
-0.0601184
0.022279
0.0130461
0.371255
0.136468
0.122817
0.0610581
0.299517
-0.0159266
-0.0312687
-0.00768924
0.412308
0.00215768
-0.0592403
-0.0011874
0.253312
0.017751
0.033399
0.0157946
0.407594
0.0239516
0.0689354
-0.00117968
0.333134
-0.141366
0.156194
0.0674309
0.427601
-0.0113282
0.00020218
0.00632645
0.309713
0.0611102
0.0896232
-0.079796
0.361058
0.0495178
0.155936
0.0534841
