Vec Object: 1 MPI process
  type: seq
0.
0.
0.
-0.111886
0.
0.
0.
0.15292
0.149329
-0.168502
0.
-0.125238
0.164525
-0.177729
0.
-0.104725
0.195738
0.197279
0.
-0.0693599
0.164518
0.171909
0.
-0.130412
0.38128
0.0164355
0.
0.0288545
0.372223
0.0137583
0.
0.0157715
0.386482
-0.0194939
0.
0.0149032
0.388021
-0.0265075
0.
0.0376396
0.
0.
0.
-0.0590393
0.
0.
0.
-0.152673
0.289657
-0.0508494
0.
-0.0172894
0.324122
0.0811066
0.
-0.0124226
0.296027
-0.0476056
0.
0.00603229
0.326742
0.114645
0.
0.0069886
0.320494
0.0600527
0.
0.0188493
0.325789
-0.100583
0.
4.40846e-06
0.290798
0.0473312
0.
-0.0319022
0.322792
-0.0592872
0.
-0.021069
0.
0.
0.
-0.0779857
0.
0.
0.
-0.0722393
0.
0.
0.
0.130425
0.
0.
0.
0.0338879
0.
0.
0.
-0.126212
0.
0.
0.
-0.0697937
0.
0.
0.
-0.0022311
0.
0.
0.
0.243626
0.
0.
0.
0.209909
0.
0.
0.
0.12964
0.
0.
0.
-0.0250606
0.
0.
0.
0.0717881
0.
0.
0.
0.0867793
0.
0.
0.
-0.0101463
0.
0.
0.
0.389306
0.
0.
0.
0.294055
0.
0.
0.
0.170273
0.
0.
0.
-0.00876198
1.
0.
0.
0.0565016
0.403223
-0.00859892
-0.00146765
0.013537
0.375657
0.
-0.00097728
-0.00489618
0.280435
0.
0.000834382
-0.0433231
0.359642
0.
0.00943626
0.0883124
0.3821
0.
0.0012476
-0.0129025
0.282674
0.
0.00721374
-0.0507322
0.357856
0.
-0.0083684
0.118601
0.370671
0.00835944
0.
0.12937
0.379461
0.0209978
0.
-0.00275803
0.268756
0.0253711
0.
-0.0491741
0.34278
-0.00389382
0.
0.122821
0.385749
0.0088832
0.
-0.00481366
0.2748
0.00940716
0.
-0.0578115
0.24079
0.00679745
-0.0398198
-0.0428806
0.247313
-0.0157732
0.0170185
-0.0759095
0.328499
-0.0348124
-0.024482
0.0425156
0.432543
-0.0672205
-0.0999316
0.213879
0.373635
0.064516
-0.0993805
0.165374
0.284232
0.0324165
0.0224294
0.0852489
0.348802
0.0667776
0.0566695
0.198499
0.236941
-0.00343194
-0.0241659
-0.0132067
0.341099
-8.5833e-05
-0.0170911
0.0467662
0.255802
0.00534045
0.0222618
-0.0467786
0.305776
-0.0182799
0.0166598
0.0586266
0.311457
-0.0576207
0.0952836
0.171559
0.333816
0.00162788
-0.0131133
0.0787288
0.244525
-0.0579644
0.0271769
0.0438126
0.331876
0.00921223
0.0960621
0.191121
