Vec Object: 1 MPI process
  type: seq
0.
0.
0.
-0.122865
0.
0.
0.
0.0850088
0.155657
-0.167853
0.
-0.103034
0.168629
-0.177567
0.
-0.0883086
0.19211
0.200816
0.
-0.0680559
0.1703
0.169225
0.
-0.105059
0.385126
0.0123098
0.
0.0120255
0.374399
0.0108415
0.
0.00601545
0.388762
-0.0189695
0.
0.00592911
0.392569
-0.0220087
0.
0.0201833
0.
0.
0.
-0.0486601
0.
0.
0.
-0.120008
0.299411
-0.0539343
0.
-0.0177969
0.322446
0.0856403
0.
6.10051e-05
0.304989
-0.0497679
0.
-0.000466516
0.325123
0.116853
0.
0.0192856
0.330158
0.0652562
0.
0.0117834
0.3245
-0.104285
0.
0.013312
0.300804
0.0451275
0.
-0.0276808
0.321623
-0.062182
0.
-0.00621126
0.
0.
0.
-0.122695
0.
0.
0.
-0.0490936
0.
0.
0.
0.0557277
0.
0.
0.
0.0612911
0.
0.
0.
-0.101644
0.
0.
0.
-0.127736
0.
0.
0.
-0.112269
0.
0.
0.
0.137142
0.
0.
0.
0.0951668
0.
0.
0.
0.047266
0.
0.
0.
-0.114905
0.
0.
0.
0.041814
0.
0.
0.
-0.00543261
0.
0.
0.
-0.0124543
0.
0.
0.
0.2749
0.
0.
0.
0.166814
0.
0.
0.
0.0756224
0.
0.
0.
-0.00237521
1.
0.
0.
0.0511696
0.402129
-0.0085526
-0.0010887
-0.00113802
0.375825
0.
-0.0020424
-0.00266355
0.276577
0.
-0.000406121
-0.0255266
0.336014
0.
0.0131637
0.0693212
0.379734
0.
0.00271792
-0.0109003
0.279161
0.
0.00972164
-0.0302831
0.340707
0.
-0.00771777
0.0915672
0.344313
0.0128287
0.
0.0975978
0.378746
0.0204471
0.
-0.000421317
0.264147
0.0245779
0.
-0.0306883
0.319472
-0.00262706
0.
0.0890001
0.383569
0.0114235
0.
-0.00309449
0.271007
0.0125467
0.
-0.0357459
0.243747
0.0135002
-0.0479655
-0.0256799
0.248156
-0.0206948
0.0210897
-0.0485861
0.347485
-0.0309987
-0.040027
0.0263267
0.425844
-0.0984503
-0.121503
0.172551
0.362454
0.0937497
-0.122307
0.127414
0.315768
0.0148968
0.0266717
0.0589895
0.351692
0.0919354
0.0721889
0.149551
0.253022
-0.0099273
-0.0268566
-0.0106095
0.37245
0.000891918
-0.0290511
0.0285931
0.257854
0.0146178
0.0272655
-0.0258658
0.333789
-0.00982024
0.025763
0.0347424
0.309616
-0.0825614
0.11467
0.133868
0.363439
-0.0027384
-0.0121668
0.0516653
0.286123
-0.0438229
0.0434937
-0.0245569
0.334655
0.0215479
0.117842
0.139362
