Vec Object: 1 MPI process
  type: seq
0.
0.
0.
-0.120753
0.
0.
0.
0.0611004
0.158558
-0.1675
0.
-0.0918447
0.170236
-0.177616
0.
-0.0806327
0.190983
0.202105
0.
-0.0647127
0.172975
0.16793
0.
-0.092289
0.386244
0.0110754
0.
0.00798785
0.374836
0.0101149
0.
0.00518217
0.389238
-0.0193523
0.
0.00587405
0.394072
-0.0204987
0.
0.0154854
0.
0.
0.
-0.0428254
0.
0.
0.
-0.104742
0.30396
-0.0550845
0.
-0.0180472
0.321598
0.0869072
0.
0.00239896
0.309235
-0.0505507
0.
-0.00427332
0.324383
0.116501
0.
0.0208486
0.334767
0.0676953
0.
0.00737616
0.323923
-0.104702
0.
0.0153889
0.305264
0.043733
0.
-0.0251833
0.321094
-0.0627418
0.
-0.00334368
0.
0.
0.
-0.132572
0.
0.
0.
-0.0351579
0.
0.
0.
0.0297298
0.
0.
0.
0.0789603
0.
0.
0.
-0.0882013
0.
0.
0.
-0.143649
0.
0.
0.
-0.152005
0.
0.
0.
0.0957976
0.
0.
0.
0.0503955
0.
0.
0.
0.0176156
0.
0.
0.
-0.141892
0.
0.
0.
0.0337235
0.
0.
0.
-0.0383307
0.
0.
0.
-0.0106342
0.
0.
0.
0.226646
0.
0.
0.
0.115339
0.
0.
0.
0.0425076
0.
0.
0.
0.000905093
1.
0.
0.
0.0492685
0.400915
-0.00849456
-0.000887133
-0.00316442
0.376586
0.
-0.00255771
-0.00264521
0.274543
0.
-0.00106715
-0.0206227
0.324904
0.
0.0150613
0.0616839
0.379188
0.
0.00340707
-0.010369
0.277129
0.
0.0110018
-0.023781
0.332132
0.
-0.0072533
0.0799899
0.331445
0.0150003
0.
0.083577
0.379171
0.0199358
0.
-0.000375489
0.2618
0.0237425
0.
-0.0254532
0.307992
-0.00148772
0.
0.0756839
0.383294
0.0126054
0.
-0.00271737
0.269053
0.0140412
0.
-0.0286515
0.24506
0.0164572
-0.0509673
-0.0192017
0.248347
-0.022634
0.0224533
-0.0384089
0.354912
-0.0288652
-0.0488075
0.0192718
0.424517
-0.113028
-0.131349
0.154741
0.358786
0.107349
-0.133168
0.111014
0.327014
0.00352748
0.0276485
0.0481648
0.353829
0.102585
0.0804234
0.129443
0.260768
-0.012335
-0.0278931
-0.00967212
0.384686
0.00128043
-0.0352659
0.021364
0.258144
0.0179474
0.0291761
-0.0173586
0.346825
-0.00490856
0.0314076
0.0252655
0.310359
-0.0939953
0.123159
0.118569
0.376837
-0.0048284
-0.0107705
0.0402662
0.300649
-0.031302
0.0522943
-0.047581
0.336947
0.0272993
0.127086
0.118685
