Vec Object: 1 MPI process
  type: seq
0.
0.
0.
-0.0829057
0.
0.
0.
0.0191558
0.168588
-0.167669
0.
-0.0528672
0.17514
-0.179523
0.
-0.0549151
0.18951
0.206876
0.
-0.0460659
0.182061
0.163897
0.
-0.04461
0.389418
0.00846539
0.
-0.000128254
0.376259
0.00778434
0.
0.00923224
0.391923
-0.0216587
0.
0.00930573
0.39877
-0.0164282
0.
0.00412537
0.
0.
0.
-0.0195384
0.
0.
0.
-0.0576062
0.322741
-0.0576975
0.
-0.0124896
0.317161
0.0897546
0.
0.00314313
0.327785
-0.0506316
0.
-0.0145813
0.321441
0.110402
0.
0.0163766
0.354672
0.0751706
0.
-0.00450908
0.321831
-0.10216
0.
0.0128971
0.322031
0.0366512
0.
-0.0112505
0.320245
-0.0621686
0.
-0.00289642
0.
0.
0.
-0.111443
0.
0.
0.
0.0217925
0.
0.
0.
-0.013293
0.
0.
0.
0.149879
0.
0.
0.
-0.0413851
0.
0.
0.
-0.141949
0.
0.
0.
-0.23117
0.
0.
0.
-0.00757997
0.
0.
0.
-0.0611604
0.
0.
0.
-0.0378649
0.
0.
0.
-0.150498
0.
0.
0.
0.0358243
0.
0.
0.
-0.0957177
0.
0.
0.
0.0107834
0.
0.
0.
0.074321
0.
0.
0.
-0.0281892
0.
0.
0.
-0.0127796
0.
0.
0.
0.0111695
1.
0.
0.
0.0351178
0.391985
-0.00797742
7.56234e-05
-0.0014775
0.382055
0.
-0.00453224
-0.00541789
0.266091
0.
-0.00414465
-0.0079818
0.278677
0.
0.0235708
0.0367401
0.376725
0.
0.00560895
-0.00986878
0.266794
0.
0.0165427
-0.00357093
0.293618
0.
-0.0043502
0.0385877
0.27486
0.0237702
0.
0.0361983
0.383515
0.0173997
0.
-0.00306096
0.252808
0.0175416
0.
-0.0118149
0.25615
0.00694034
0.
0.0354962
0.382543
0.0164619
0.
-0.00357891
0.26127
0.018432
0.
-0.00831793
0.251606
0.0260191
-0.0544612
-0.000954433
0.248926
-0.0244619
0.0221748
-0.0062679
0.371843
-0.0213046
-0.0912568
-0.00181365
0.433279
-0.16747
-0.170214
0.092794
0.361218
0.158425
-0.177038
0.0574157
0.335883
-0.0532862
0.023651
0.016114
0.368499
0.133976
0.117839
0.0670428
0.294608
-0.0160426
-0.0309099
-0.00729889
0.411857
0.00212603
-0.0575795
0.000904023
0.254633
0.0195764
0.033219
0.0129707
0.400006
0.0201195
0.0634513
0.000861142
0.328244
-0.136398
0.152786
0.0719808
0.423034
-0.0111014
-0.0011651
0.00886873
0.31408
0.0493811
0.0867483
-0.0810878
0.35649
0.0476128
0.154065
0.0587296
