Vec Object: 1 MPI process
  type: seq
0.
0.
0.
-0.0791782
0.
0.
0.
0.0191335
0.169498
-0.167908
0.
-0.0496163
0.17569
-0.179883
0.
-0.0524629
0.189731
0.207362
0.
-0.0439291
0.182753
0.163714
0.
-0.0405808
0.38971
0.00841257
0.
-0.000580601
0.3766
0.0073885
0.
0.00961107
0.392454
-0.0218993
0.
0.0093337
0.399206
-0.0161972
0.
0.0033647
0.
0.
0.
-0.0183451
0.
0.
0.
-0.0556984
0.324734
-0.057945
0.
-0.0118047
0.316563
0.0900093
0.
0.00297653
0.329878
-0.0503365
0.
-0.0150474
0.321187
0.109534
0.
0.0156136
0.356855
0.0756546
0.
-0.00496975
0.321675
-0.101692
0.
0.0122802
0.323637
0.0359708
0.
-0.0100806
0.320424
-0.0619421
0.
-0.0032179
0.
0.
0.
-0.106267
0.
0.
0.
0.0252914
0.
0.
0.
-0.012843
0.
0.
0.
0.153
0.
0.
0.
-0.0396751
0.
0.
0.
-0.137919
0.
0.
0.
-0.232523
0.
0.
0.
-0.0122806
0.
0.
0.
-0.0660034
0.
0.
0.
-0.0382241
0.
0.
0.
-0.144086
0.
0.
0.
0.0377051
0.
0.
0.
-0.0952187
0.
0.
0.
0.0131838
0.
0.
0.
0.0634714
0.
0.
0.
-0.0362984
0.
0.
0.
-0.0122072
0.
0.
0.
0.0110086
1.
0.
0.
0.0331595
0.390637
-0.00785402
0.000214364
-0.00106292
0.382724
0.
-0.00469589
-0.00566421
0.265333
0.
-0.00449253
-0.00704407
0.273644
0.
0.0244779
0.0346279
0.376206
0.
0.00573602
-0.00970932
0.265566
0.
0.0171337
-0.0019333
0.289269
0.
-0.00388333
0.0350637
0.268534
0.0245472
0.
0.0326005
0.384094
0.0171766
0.
-0.00329699
0.252168
0.0165691
0.
-0.0108839
0.25005
0.00820001
0.
0.0326561
0.382255
0.0167053
0.
-0.00365109
0.260568
0.0185536
0.
-0.00684199
0.252363
0.0267813
-0.0538347
-0.000210671
0.248897
-0.0237245
0.0214947
-0.00410145
0.372079
-0.0208355
-0.0957305
-0.00341792
0.435498
-0.172016
-0.174136
0.0877104
0.363672
0.162803
-0.181259
0.0535037
0.332589
-0.0583897
0.0226536
0.013826
0.370503
0.13585
0.121517
0.0625878
0.298207
-0.0159617
-0.0311705
-0.00756962
0.412268
0.00215104
-0.0588532
-0.000645208
0.253695
0.0182975
0.0333534
0.0150898
0.405557
0.0229298
0.0674509
-0.000663459
0.331757
-0.140072
0.155304
0.0686033
0.426443
-0.0112914
-0.000150822
0.00696568
0.311007
0.0580762
0.0889445
-0.0802308
0.359777
0.0490477
0.155491
0.0548142
