Vec Object: 1 MPI process
  type: seq
0.
0.
0.
-0.0335058
0.
0.
0.
0.373392
0.164399
-0.144504
0.
0.137579
0.180612
-0.154242
0.
0.158697
0.234642
0.161162
0.
0.251775
0.180965
0.151946
0.
0.129588
0.351193
0.0460199
0.
0.110543
0.350389
0.0391773
0.
0.0665783
0.356031
-0.0449439
0.
0.110485
0.357769
-0.0555116
0.
0.115143
0.
0.
0.
-0.123467
0.
0.
0.
-0.275956
0.265017
-0.0696377
0.
-0.154733
0.329292
0.0488195
0.
-0.225642
0.273465
-0.0734836
0.
-0.138161
0.332949
0.0770771
0.
-0.222309
0.296859
0.0748432
0.
-0.0986809
0.330927
-0.0605157
0.
-0.227435
0.263398
0.0718644
0.
-0.136041
0.325252
-0.0343434
0.
-0.246686
0.
0.
0.
0.116557
0.
0.
0.
-0.125959
0.
0.
0.
0.377012
0.
0.
0.
0.0152886
0.
0.
0.
-0.194431
0.
0.
0.
0.159441
0.
0.
0.
0.367976
0.
0.
0.
0.59043
0.
0.
0.
0.563313
0.
0.
0.
0.389751
0.
0.
0.
0.312354
0.
0.
0.
0.168963
0.
0.
0.
0.376565
0.
0.
0.
-0.0139692
0.
0.
0.
0.786131
0.
0.
0.
0.699376
0.
0.
0.
0.519022
0.
0.
0.
-0.0821229
1.
0.
0.
0.407691
0.390444
-0.0062688
-0.00102797
0.120334
0.390575
0.
0.00139184
-0.114862
0.287828
0.
0.00252345
-0.291575
0.387958
0.
0.0027526
0.270249
0.406492
0.
-0.00071743
-0.0969222
0.287701
0.
0.00341252
-0.292583
0.369166
0.
-0.00737738
0.323462
0.400589
0.00111903
0.
0.334128
0.398853
0.0167948
0.
-0.111783
0.277821
0.0193366
0.
-0.290578
0.366083
-2.63937e-05
0.
0.358448
0.414386
0.00542845
0.
-0.0881964
0.281489
0.00617376
0.
-0.303472
0.230515
-0.0035727
-0.0184129
-0.226671
0.241288
-0.00480375
0.00600585
-0.311322
0.27097
-0.0241327
-0.00484103
0.0168161
0.45049
-0.00162086
-0.0498371
0.497124
0.395472
0.00370937
-0.0499927
0.387128
0.189626
0.0329686
0.00715122
0.128496
0.33528
0.00829726
0.032185
0.435771
0.200838
0.00170741
-0.0156499
-0.11486
0.251473
-0.000454634
-0.000822016
0.0649756
0.24435
-0.00599896
0.00906713
-0.254651
0.239879
-0.0223939
0.00865945
0.0653683
0.314949
-0.00204999
0.0489134
0.365249
0.263124
0.00884722
-0.00508537
0.124746
0.118448
-0.0390232
0.00636743
0.255426
0.319359
-0.0147113
0.0438179
0.432731
