Vec Object: 1 MPI process
  type: seq
0.
0.
0.
-0.121197
0.
0.
0.
0.063417
0.158253
-0.167533
0.
-0.0930351
0.170075
-0.177603
0.
-0.0814317
0.191092
0.201971
0.
-0.0651138
0.172692
0.168067
0.
-0.0936625
0.386136
0.0111945
0.
0.00835851
0.374799
0.0101821
0.
0.00520452
0.389192
-0.0193018
0.
0.00582214
0.393921
-0.02065
0.
0.0159348
0.
0.
0.
-0.0434925
0.
0.
0.
-0.106383
0.303468
-0.0549745
0.
-0.0180593
0.321692
0.0867889
0.
0.00221682
0.308773
-0.05048
0.
-0.00388004
0.324463
0.116571
0.
0.0207662
0.334265
0.06744
0.
0.00783938
0.323985
-0.104687
0.
0.0152502
0.304788
0.0438966
0.
-0.0254899
0.321149
-0.0626999
0.
-0.00356726
0.
0.
0.
-0.131852
0.
0.
0.
-0.0367449
0.
0.
0.
0.0322373
0.
0.
0.
0.0769325
0.
0.
0.
-0.089698
0.
0.
0.
-0.142287
0.
0.
0.
-0.148102
0.
0.
0.
0.0999755
0.
0.
0.
0.0549238
0.
0.
0.
0.020515
0.
0.
0.
-0.139471
0.
0.
0.
0.0344
0.
0.
0.
-0.0351276
0.
0.
0.
-0.0109294
0.
0.
0.
0.23168
0.
0.
0.
0.120622
0.
0.
0.
0.0457123
0.
0.
0.
0.000531485
1.
0.
0.
0.0494983
0.401064
-0.00850132
-0.000909196
-0.00303014
0.376488
0.
-0.00250173
-0.00262146
0.274768
0.
-0.000993472
-0.0210946
0.326103
0.
0.014852
0.0624754
0.379239
0.
0.00333379
-0.0104105
0.27736
0.
0.0108611
-0.0244348
0.333073
0.
-0.00730747
0.0812143
0.33285
0.0147637
0.
0.0850597
0.379108
0.0199965
0.
-0.000354182
0.262057
0.0238455
0.
-0.0259605
0.309248
-0.0016276
0.
0.0770545
0.383311
0.0124797
0.
-0.0027402
0.269267
0.013882
0.
-0.0293604
0.244916
0.0161466
-0.0506741
-0.0198784
0.24833
-0.0224412
0.0223271
-0.0394649
0.35416
-0.029099
-0.0478155
0.0199931
0.424599
-0.11146
-0.130293
0.156624
0.359122
0.105887
-0.131991
0.112738
0.325932
0.00484356
0.0275786
0.0492717
0.35357
0.101478
0.0795056
0.131528
0.259922
-0.0121009
-0.0277877
-0.00978468
0.383452
0.00124159
-0.034585
0.0220919
0.258132
0.0176296
0.0289857
-0.0182717
0.345418
-0.00546681
0.0307543
0.0262132
0.31022
-0.092771
0.122263
0.120148
0.375411
-0.00460503
-0.0109481
0.0414314
0.29926
-0.0328355
0.0513177
-0.0453942
0.336662
0.0266829
0.126124
0.120807
