Vec Object: 1 MPI process
  type: seq
0.
0.
0.
-0.0741797
0.
0.
0.
0.020303
0.171054
-0.168459
0.
-0.044418
0.176758
-0.180602
0.
-0.0481751
0.190332
0.208209
0.
-0.0402259
0.183813
0.163582
0.
-0.0343282
0.390208
0.00844861
0.
-0.0012353
0.37737
0.0065522
0.
0.0100088
0.393533
-0.0223276
0.
0.00911337
0.399947
-0.0159003
0.
0.00218782
0.
0.
0.
-0.0171676
0.
0.
0.
-0.05398
0.328246
-0.0584276
0.
-0.010791
0.315435
0.0904997
0.
0.00273276
0.333609
-0.0496763
0.
-0.0155123
0.32081
0.107951
0.
0.0143206
0.360708
0.0763525
0.
-0.00539388
0.321451
-0.100829
0.
0.0112006
0.326393
0.0348711
0.
-0.00839735
0.320931
-0.0614898
0.
-0.0037712
0.
0.
0.
-0.0975386
0.
0.
0.
0.0294806
0.
0.
0.
-0.0107292
0.
0.
0.
0.15477
0.
0.
0.
-0.0388513
0.
0.
0.
-0.130667
0.
0.
0.
-0.232508
0.
0.
0.
-0.0180642
0.
0.
0.
-0.0716744
0.
0.
0.
-0.0371811
0.
0.
0.
-0.131533
0.
0.
0.
0.0407336
0.
0.
0.
-0.0923433
0.
0.
0.
0.0169804
0.
0.
0.
0.0472338
0.
0.
0.
-0.0472629
0.
0.
0.
-0.00957855
0.
0.
0.
0.010008
1.
0.
0.
0.0296727
0.38808
-0.00758294
0.00048978
-0.000402005
0.383883
0.
-0.00495032
-0.005971
0.264131
0.
-0.00511913
-0.00558153
0.264764
0.
0.0260197
0.0311478
0.375082
0.
0.00589357
-0.00927813
0.263387
0.
0.018174
0.000573863
0.281567
0.
-0.00293034
0.0295081
0.257373
0.0257484
0.
0.0271222
0.385123
0.0168298
0.
-0.00358519
0.251328
0.014654
0.
-0.00952891
0.239012
0.0105837
0.
0.0283302
0.381572
0.0170318
0.
-0.00366489
0.259425
0.0185402
0.
-0.00462048
0.253575
0.0280926
-0.0523429
0.000570691
0.24866
-0.0218766
0.0200327
-0.00103789
0.371708
-0.0202083
-0.103165
-0.00588669
0.439842
-0.179015
-0.180844
0.0796735
0.36912
0.169667
-0.188213
0.0476125
0.325086
-0.0657332
0.0208797
0.0104552
0.37412
0.138446
0.127347
0.055859
0.304314
-0.0158103
-0.0316553
-0.00819192
0.41197
0.00216999
-0.0602818
-0.00306629
0.251691
0.0153591
0.0335722
0.0180625
0.415175
0.0276736
0.0745096
-0.00288821
0.338676
-0.1459
0.159335
0.063375
0.431444
-0.0112986
0.00139711
0.00421369
0.304245
0.0713953
0.0914943
-0.0777366
0.366201
0.0509587
0.157211
0.0490177
