Vec Object: 1 MPI process
  type: seq
0.
0.
0.
-0.0858415
0.
0.
0.
0.0195513
0.167933
-0.167532
0.
-0.0552798
0.174772
-0.179289
0.
-0.0566526
0.189406
0.206531
0.
-0.0475762
0.181533
0.164068
0.
-0.0476334
0.389209
0.0085324
0.
0.000226088
0.376056
0.00803185
0.
0.00890978
0.391584
-0.0214885
0.
0.00922043
0.398458
-0.0166172
0.
0.00470329
0.
0.
0.
-0.0206057
0.
0.
0.
-0.0593846
0.321335
-0.0575324
0.
-0.0130084
0.317564
0.0895813
0.
0.00326454
0.326324
-0.0508037
0.
-0.0141669
0.321634
0.110999
0.
0.0169201
0.353137
0.0747899
0.
-0.00408471
0.321952
-0.102477
0.
0.0133264
0.320878
0.0371527
0.
-0.0121582
0.320162
-0.062314
0.
-0.00267456
0.
0.
0.
-0.115062
0.
0.
0.
0.0188561
0.
0.
0.
-0.0131857
0.
0.
0.
0.146826
0.
0.
0.
-0.0431292
0.
0.
0.
-0.144628
0.
0.
0.
-0.229543
0.
0.
0.
-0.00359439
0.
0.
0.
-0.0569825
0.
0.
0.
-0.0371064
0.
0.
0.
-0.154513
0.
0.
0.
0.0345066
0.
0.
0.
-0.0954635
0.
0.
0.
0.00901019
0.
0.
0.
0.0826612
0.
0.
0.
-0.0216281
0.
0.
0.
-0.0126484
0.
0.
0.
0.0110916
1.
0.
0.
0.0364715
0.392887
-0.00805223
-1.52736e-05
-0.00177892
0.381583
0.
-0.004409
-0.00521788
0.266654
0.
-0.0039019
-0.00868589
0.282212
0.
0.022923
0.0382879
0.377044
0.
0.00550362
-0.00994881
0.267651
0.
0.0161254
-0.00480336
0.296666
0.
-0.00465169
0.0412139
0.279299
0.0231881
0.
0.0389378
0.383112
0.0175678
0.
-0.00286827
0.253321
0.0181819
0.
-0.0125358
0.260374
0.00609464
0.
0.0376681
0.382706
0.0162658
0.
-0.00350554
0.261786
0.0182925
0.
-0.00944464
0.25106
0.0254624
-0.0547911
-0.00162563
0.248917
-0.0248482
0.022581
-0.00797432
0.371482
-0.0216855
-0.0880278
-0.000604704
0.431842
-0.164048
-0.167413
0.0965906
0.359773
0.155157
-0.173967
0.0604146
0.337723
-0.0493713
0.0243251
0.017872
0.36712
0.132475
0.115131
0.0704575
0.292037
-0.016074
-0.0307278
-0.00716694
0.41129
0.00210212
-0.0564921
0.00206335
0.255213
0.020298
0.0331072
0.0112974
0.396069
0.0181142
0.060663
0.00204582
0.325959
-0.13367
0.150923
0.0745431
0.420399
-0.0108916
-0.00192074
0.0103663
0.315814
0.0429309
0.0849081
-0.081357
0.35433
0.0464725
0.152865
0.0617721
