Vec Object: 1 MPI process
  type: seq
0.
0.
0.
-0.103054
0.
0.
0.
0.0280754
0.164282
-0.167183
0.
-0.0693322
0.172988
-0.178303
0.
-0.066017
0.189484
0.204705
0.
-0.0553223
0.178309
0.165401
0.
-0.0653002
0.388076
0.00923743
0.
0.00259812
0.37539
0.00900686
0.
0.00684448
0.390262
-0.0205729
0.
0.00802795
0.396754
-0.0179258
0.
0.00832992
0.
0.
0.
-0.0287301
0.
0.
0.
-0.0742283
0.313981
-0.0567035
0.
-0.0158403
0.319461
0.0886675
0.
0.00373062
0.318883
-0.0512254
0.
-0.0109724
0.322753
0.113861
0.
0.0195895
0.34521
0.0722906
0.
-0.000556188
0.322708
-0.103902
0.
0.0152715
0.314567
0.0399716
0.
-0.0176756
0.320216
-0.0628553
0.
-0.00182652
0.
0.
0.
-0.130789
0.
0.
0.
-0.00159752
0.
0.
0.
-0.00531174
0.
0.
0.
0.122051
0.
0.
0.
-0.0584431
0.
0.
0.
-0.153829
0.
0.
0.
-0.210552
0.
0.
0.
0.0269524
0.
0.
0.
-0.0242312
0.
0.
0.
-0.0249139
0.
0.
0.
-0.165235
0.
0.
0.
0.0294062
0.
0.
0.
-0.0842726
0.
0.
0.
-0.000605451
0.
0.
0.
0.134943
0.
0.
0.
0.024029
0.
0.
0.
-0.00254105
0.
0.
0.
0.0083013
1.
0.
0.
0.0429224
0.39696
-0.00831549
-0.000421034
-0.00323583
0.3792
0.
-0.00367831
-0.00396966
0.269877
0.
-0.00265949
-0.0129112
0.300454
0.
0.0195151
0.0471828
0.378214
0.
0.0047672
-0.0100832
0.271945
0.
0.0139389
-0.0120381
0.312212
0.
-0.00594864
0.0564413
0.302013
0.0198407
0.
0.055685
0.381138
0.0185546
0.
-0.00165719
0.2566
0.0210127
0.
-0.0170655
0.281446
0.00224797
0.
0.0512769
0.383138
0.0149526
0.
-0.00297873
0.264713
0.0169466
0.
-0.0163715
0.248276
0.022155
-0.0548923
-0.00717682
0.248688
-0.025259
0.0236543
-0.0190187
0.367049
-0.0242914
-0.0708138
0.00664332
0.426309
-0.143927
-0.152443
0.118949
0.355885
0.136188
-0.157072
0.0790622
0.340439
-0.0265979
0.0270502
0.0287619
0.360557
0.122245
0.100236
0.0918039
0.27853
-0.0155523
-0.0297093
-0.00746127
0.404361
0.00188227
-0.0487448
0.00897785
0.257306
0.0216699
0.0320979
0.000517124
0.37533
0.00773978
0.0469164
0.00974472
0.316623
-0.117955
0.140163
0.0903886
0.404015
-0.00894174
-0.00604576
0.0203843
0.317855
0.00820461
0.0724089
-0.0765568
0.345044
0.039217
0.144185
0.0815263
