Vec Object: 1 MPI process
  type: seq
0.
0.
0.
-0.120948
0.
0.
0.
0.0620797
0.158428
-0.167514
0.
-0.0923513
0.170168
-0.177611
0.
-0.0809723
0.191029
0.202048
0.
-0.0648846
0.172855
0.167988
0.
-0.0928741
0.386198
0.0111258
0.
0.00814417
0.37482
0.0101432
0.
0.00518997
0.389218
-0.0193306
0.
0.00585063
0.394008
-0.0205629
0.
0.0156754
0.
0.
0.
-0.0431106
0.
0.
0.
-0.105441
0.303751
-0.055038
0.
-0.0180536
0.321638
0.0868573
0.
0.00232316
0.309038
-0.050521
0.
-0.00410636
0.324417
0.116531
0.
0.0208157
0.334553
0.0675868
0.
0.00757299
0.32395
-0.104697
0.
0.0153321
0.305061
0.0438031
0.
-0.025315
0.321117
-0.0627244
0.
-0.0034367
0.
0.
0.
-0.132275
0.
0.
0.
-0.0358363
0.
0.
0.
0.0307894
0.
0.
0.
0.0780931
0.
0.
0.
-0.0888401
0.
0.
0.
-0.143079
0.
0.
0.
-0.150353
0.
0.
0.
0.0975695
0.
0.
0.
0.0523161
0.
0.
0.
0.0188421
0.
0.
0.
-0.140875
0.
0.
0.
0.034006
0.
0.
0.
-0.0369762
0.
0.
0.
-0.0107628
0.
0.
0.
0.228786
0.
0.
0.
0.117582
0.
0.
0.
0.0438622
0.
0.
0.
0.000745421
1.
0.
0.
0.0493673
0.400979
-0.00849746
-0.000896543
-0.00310932
0.376544
0.
-0.00253385
-0.00263441
0.274639
0.
-0.00103568
-0.0208224
0.325415
0.
0.014972
0.0620203
0.379209
0.
0.00337589
-0.0103862
0.277228
0.
0.0109418
-0.0240584
0.332533
0.
-0.0072765
0.080511
0.332044
0.0148994
0.
0.0842079
0.379144
0.0199618
0.
-0.000365714
0.261909
0.0237868
0.
-0.0256679
0.308528
-0.00154783
0.
0.076266
0.383301
0.0125519
0.
-0.00272659
0.269144
0.0139734
0.
-0.0289521
0.244999
0.0163252
-0.0508433
-0.0194894
0.24834
-0.0225524
0.0224002
-0.0388578
0.354593
-0.0289649
-0.0483835
0.0195779
0.42455
-0.11236
-0.130899
0.155543
0.358928
0.106726
-0.132666
0.111747
0.326557
0.00409084
0.0276198
0.0486347
0.353718
0.102115
0.0800314
0.130329
0.260407
-0.0122361
-0.0278484
-0.00972038
0.384163
0.00126397
-0.0349756
0.0216727
0.258139
0.0178133
0.0290955
-0.0177476
0.346226
-0.00514728
0.0311279
0.0256671
0.310298
-0.0934739
0.122778
0.11924
0.37623
-0.00473332
-0.010847
0.0407607
0.300063
-0.0319608
0.0518775
-0.046658
0.336824
0.0270368
0.126677
0.119586
