Vec Object: 1 MPI process
  type: seq
0.
0.
0.
-0.0845381
0.
0.
0.
0.0193377
0.168219
-0.167589
0.
-0.0542192
0.17493
-0.179389
0.
-0.0558963
0.189446
0.206681
0.
-0.0469197
0.181766
0.16399
0.
-0.0463018
0.3893
0.00850035
0.
6.84329e-05
0.37614
0.00792731
0.
0.00905498
0.391727
-0.0215626
0.
0.00926403
0.398594
-0.0165324
0.
0.00444779
0.
0.
0.
-0.0201193
0.
0.
0.
-0.0585672
0.321946
-0.0576034
0.
-0.0127798
0.317391
0.0896562
0.
0.00321174
0.326958
-0.0507326
0.
-0.0143555
0.321549
0.110741
0.
0.0166836
0.353804
0.0749594
0.
-0.00427933
0.321898
-0.102341
0.
0.0131407
0.321382
0.0369326
0.
-0.0117558
0.320194
-0.0622523
0.
-0.00277012
0.
0.
0.
-0.113498
0.
0.
0.
0.0201786
0.
0.
0.
-0.0132791
0.
0.
0.
0.148236
0.
0.
0.
-0.0423175
0.
0.
0.
-0.143485
0.
0.
0.
-0.230322
0.
0.
0.
-0.0053969
0.
0.
0.
-0.058878
0.
0.
0.
-0.0374908
0.
0.
0.
-0.152827
0.
0.
0.
0.0350752
0.
0.
0.
-0.0956397
0.
0.
0.
0.00978794
0.
0.
0.
0.0789667
0.
0.
0.
-0.0245663
0.
0.
0.
-0.0127649
0.
0.
0.
0.011145
1.
0.
0.
0.0358864
0.3925
-0.00802089
2.35763e-05
-0.00164737
0.381788
0.
-0.00446334
-0.00530724
0.266407
0.
-0.00400719
-0.0083756
0.280677
0.
0.0232052
0.0376092
0.37691
0.
0.00555097
-0.00991706
0.26728
0.
0.0163068
-0.00426034
0.295343
0.
-0.00452325
0.0400588
0.277372
0.0234443
0.
0.0377269
0.383287
0.0174937
0.
-0.00295444
0.253092
0.0179079
0.
-0.0122161
0.258546
0.00645791
0.
0.0367067
0.382639
0.0163535
0.
-0.00353944
0.26156
0.0183584
0.
-0.00894643
0.251298
0.0257068
-0.0546595
-0.00131853
0.248923
-0.0246936
0.0224121
-0.00721482
0.371659
-0.0215148
-0.0894376
-0.00113776
0.432453
-0.165556
-0.168634
0.0949193
0.360372
0.156595
-0.17531
0.059087
0.336974
-0.0511013
0.024036
0.0170938
0.367715
0.133146
0.116318
0.0689456
0.293157
-0.0160638
-0.030807
-0.0072176
0.411565
0.00211317
-0.0569833
0.00155285
0.254969
0.0200028
0.033158
0.0120424
0.397783
0.0189873
0.0618709
0.0015198
0.326933
-0.134869
0.151742
0.0734108
0.421567
-0.0109902
-0.00158892
0.00969924
0.315107
0.0457601
0.0857358
-0.0812777
0.355253
0.0469803
0.153406
0.0604207
