Vec Object: 1 MPI process
  type: seq
0.
0.
0.
-0.102844
0.
0.
0.
0.184529
0.147232
-0.168311
0.
-0.130376
0.163007
-0.177553
0.
-0.108609
0.198028
0.195154
0.
-0.0646193
0.162606
0.172603
0.
-0.136995
0.378713
0.0190851
0.
0.0419323
0.370495
0.0158731
0.
0.0255277
0.384462
-0.0207903
0.
0.0259311
0.385257
-0.0292026
0.
0.0505574
0.
0.
0.
-0.0640877
0.
0.
0.
-0.166991
0.285706
-0.0499526
0.
-0.0205613
0.324797
0.0782712
0.
-0.0221383
0.292416
-0.0472088
0.
0.00441096
0.327457
0.112184
0.
-0.00342544
0.316645
0.0585788
0.
0.017438
0.326369
-0.0975783
0.
-0.01073
0.286579
0.0483256
0.
-0.0356611
0.323236
-0.0572357
0.
-0.0322515
0.
0.
0.
-0.0527923
0.
0.
0.
-0.0800574
0.
0.
0.
0.165566
0.
0.
0.
0.0263439
0.
0.
0.
-0.13545
0.
0.
0.
-0.0392655
0.
0.
0.
0.0493989
0.
0.
0.
0.291403
0.
0.
0.
0.261031
0.
0.
0.
0.167686
0.
0.
0.
0.0208181
0.
0.
0.
0.0867359
0.
0.
0.
0.129649
0.
0.
0.
-0.00857204
0.
0.
0.
0.438638
0.
0.
0.
0.349923
0.
0.
0.
0.215389
0.
0.
0.
-0.0129992
1.
0.
0.
0.0625124
0.402841
-0.00853872
-0.00157027
0.0271572
0.376395
0.
-0.000565404
-0.00660584
0.281773
0.
0.00125843
-0.0561439
0.368679
0.
0.00808475
0.0970901
0.38392
0.
0.00070745
-0.0134786
0.283765
0.
0.00633043
-0.0642553
0.36395
0.
-0.00845735
0.130647
0.380444
0.00667098
0.
0.142701
0.380667
0.0209305
0.
-0.00450633
0.270421
0.0252374
0.
-0.0621562
0.351296
-0.00393903
0.
0.13886
0.387735
0.00793679
0.
-0.00524906
0.276123
0.0082856
0.
-0.0719661
0.239427
0.00414222
-0.0361118
-0.0537802
0.246719
-0.0136794
0.0151036
-0.0917733
0.319871
-0.0356657
-0.0195301
0.0469437
0.436335
-0.0548692
-0.0911234
0.232387
0.378866
0.0529099
-0.0903446
0.181618
0.269475
0.0366166
0.0200983
0.0950895
0.348005
0.0561308
0.0512912
0.220176
0.230607
-0.000719468
-0.0229021
-0.0169513
0.326969
-0.000474476
-0.0130484
0.0533331
0.254431
0.00133885
0.0200169
-0.0593214
0.294492
-0.0207821
0.0141005
0.0671522
0.313083
-0.0475613
0.08718
0.188185
0.32176
0.00322689
-0.012666
0.0884729
0.224788
-0.0590711
0.0218244
0.0762159
0.331217
0.00438565
0.0868474
0.214413
