Vec Object: 1 MPI process
  type: seq
0.
0.
0.
-0.107541
0.
0.
0.
0.0325216
0.163223
-0.167182
0.
-0.0734983
0.172502
-0.178105
0.
-0.0686895
0.189666
0.204205
0.
-0.0573211
0.177326
0.165853
0.
-0.0704489
0.387753
0.00952031
0.
0.00341705
0.375281
0.00921559
0.
0.00630383
0.390013
-0.0203196
0.
0.00756063
0.396268
-0.0183634
0.
0.00950573
0.
0.
0.
-0.0314345
0.
0.
0.
-0.0795853
0.311997
-0.0564555
0.
-0.0165171
0.319919
0.0883908
0.
0.00372873
0.316933
-0.0512057
0.
-0.00985026
0.323073
0.11453
0.
0.0201611
0.343108
0.0714814
0.
0.000750443
0.322938
-0.104194
0.
0.0156229
0.312786
0.0407534
0.
-0.0192648
0.320338
-0.0629258
0.
-0.00178273
0.
0.
0.
-0.133368
0.
0.
0.
-0.0081057
0.
0.
0.
-0.000747321
0.
0.
0.
0.113737
0.
0.
0.
-0.0639014
0.
0.
0.
-0.15426
0.
0.
0.
-0.202093
0.
0.
0.
0.0380807
0.
0.
0.
-0.0121884
0.
0.
0.
-0.0189753
0.
0.
0.
-0.164418
0.
0.
0.
0.0289807
0.
0.
0.
-0.0780949
0.
0.
0.
-0.00305473
0.
0.
0.
0.151349
0.
0.
0.
0.0395314
0.
0.
0.
0.00334679
0.
0.
0.
0.00701087
1.
0.
0.
0.0444275
0.397883
-0.00836077
-0.000517454
-0.00350479
0.378607
0.
-0.00346311
-0.00362683
0.270796
0.
-0.00233288
-0.014219
0.305313
0.
0.0186086
0.0498225
0.37843
0.
0.00452398
-0.0100893
0.273038
0.
0.0133505
-0.0141768
0.316273
0.
-0.00623998
0.0608834
0.307973
0.0188891
0.
0.060805
0.380665
0.0188375
0.
-0.0013232
0.257598
0.0216488
0.
-0.0184952
0.286869
0.00137309
0.
0.055579
0.383173
0.014529
0.
-0.00284682
0.265553
0.0164433
0.
-0.0185231
0.247584
0.0211328
-0.0544591
-0.00921933
0.248616
-0.0249782
0.0236444
-0.0225148
0.365165
-0.0251366
-0.0662389
0.00886316
0.425423
-0.138033
-0.14833
0.125605
0.355793
0.130674
-0.152375
0.0848532
0.339228
-0.0202886
0.0274765
0.0321618
0.359009
0.118836
0.0961873
0.0985044
0.274936
-0.0151567
-0.0293967
-0.007804
0.401357
0.00179226
-0.0462267
0.0111113
0.257639
0.0213958
0.0316687
-0.0028359
0.36971
0.00506201
0.0435239
0.0122976
0.314827
-0.113395
0.136998
0.0953645
0.398987
-0.00822344
-0.00711512
0.0237363
0.316239
-0.000688075
0.06852
-0.0730768
0.343064
0.0369905
0.141226
0.0879535
