Vec Object: 1 MPI process
  type: seq
0.
0.
0.
-0.0760144
0.
0.
0.
0.0196551
0.170407
-0.168207
0.
-0.0465171
0.176293
-0.180286
0.
-0.0499711
0.190046
0.207854
0.
-0.0417685
0.183392
0.163606
0.
-0.0368166
0.390002
0.00841276
0.
-0.000982169
0.37702
0.00692587
0.
0.00988651
0.393059
-0.0221462
0.
0.00924748
0.39964
-0.0160078
0.
0.00265762
0.
0.
0.
-0.0175215
0.
0.
0.
-0.0544633
0.326769
-0.0582171
0.
-0.0111839
0.315921
0.0902857
0.
0.00282474
0.332035
-0.0499748
0.
-0.0153721
0.320957
0.108625
0.
0.0148542
0.359088
0.0760824
0.
-0.00527332
0.321538
-0.101197
0.
0.0116509
0.325245
0.0353174
0.
-0.00904341
0.320688
-0.0616879
0.
-0.00354318
0.
0.
0.
-0.101104
0.
0.
0.
0.0280264
0.
0.
0.
-0.0117846
0.
0.
0.
0.154616
0.
0.
0.
-0.0388651
0.
0.
0.
-0.133695
0.
0.
0.
-0.232856
0.
0.
0.
-0.015998
0.
0.
0.
-0.0697105
0.
0.
0.
-0.0378438
0.
0.
0.
-0.136931
0.
0.
0.
0.039532
0.
0.
0.
-0.093817
0.
0.
0.
0.0154596
0.
0.
0.
0.0536069
0.
0.
0.
-0.0431578
0.
0.
0.
-0.0108836
0.
0.
0.
0.0105311
1.
0.
0.
0.0311366
0.389182
-0.00770547
0.000369036
-0.000666537
0.383401
0.
-0.00484875
-0.00586325
0.264614
0.
-0.00485326
-0.00616537
0.268494
0.
0.0253826
0.0325724
0.375588
0.
0.00583775
-0.00948395
0.264303
0.
0.0177367
-0.000415625
0.284807
0.
-0.00335273
0.0317353
0.262059
0.0252719
0.
0.0292889
0.38469
0.0169682
0.
-0.00348544
0.251633
0.0154917
0.
-0.0100524
0.243693
0.00955723
0.
0.0300446
0.381887
0.0169106
0.
-0.0036783
0.25989
0.0185815
0.
-0.00549281
0.253091
0.0275414
-0.053023
0.000316814
0.248794
-0.0227378
0.0206846
-0.00220738
0.371984
-0.0204418
-0.100123
-0.0049087
0.437958
-0.176241
-0.178062
0.0829042
0.366662
0.166923
-0.185374
0.0499324
0.328474
-0.0629326
0.0216186
0.0117627
0.372592
0.137462
0.125015
0.0585136
0.301793
-0.015866
-0.0314459
-0.00791776
0.412242
0.00216598
-0.0598102
-0.00210062
0.252589
0.0166944
0.0334781
0.0169326
0.411164
0.0257227
0.0715525
-0.00202666
0.335661
-0.143558
0.157708
0.0654616
0.429504
-0.0113478
0.000790227
0.00528044
0.307256
0.0661701
0.090636
-0.0789038
0.363405
0.05026
0.156611
0.0512879
