Vec Object: 1 MPI process
  type: seq
0.
0.
0.
-0.074062
0.
0.
0.
0.0203573
0.171101
-0.168478
0.
-0.0442703
0.176792
-0.180626
0.
-0.048045
0.190354
0.208235
0.
-0.0401147
0.183843
0.163582
0.
-0.0341555
0.390223
0.00845241
0.
-0.00125247
0.377397
0.00652377
0.
0.0100151
0.393569
-0.0223409
0.
0.00910133
0.399969
-0.0158934
0.
0.00215503
0.
0.
0.
-0.0171495
0.
0.
0.
-0.0539572
0.328353
-0.0584433
0.
-0.0107644
0.315398
0.0905158
0.
0.00272679
0.333724
-0.0496535
0.
-0.0155195
0.3208
0.107902
0.
0.0142824
0.360826
0.0763709
0.
-0.00539957
0.321445
-0.100802
0.
0.0111682
0.326476
0.0348395
0.
-0.00835391
0.32095
-0.0614749
0.
-0.00378741
0.
0.
0.
-0.097287
0.
0.
0.
0.0295695
0.
0.
0.
-0.010645
0.
0.
0.
0.154748
0.
0.
0.
-0.0388682
0.
0.
0.
-0.13045
0.
0.
0.
-0.232465
0.
0.
0.
-0.0181952
0.
0.
0.
-0.0717949
0.
0.
0.
-0.0371221
0.
0.
0.
-0.131138
0.
0.
0.
0.0408157
0.
0.
0.
-0.0922235
0.
0.
0.
0.0170865
0.
0.
0.
0.046796
0.
0.
0.
-0.0475339
0.
0.
0.
-0.00947497
0.
0.
0.
0.00996473
1.
0.
0.
0.0295667
0.387999
-0.00757354
0.000498844
-0.000383617
0.383918
0.
-0.0049574
-0.00597759
0.264097
0.
-0.00513862
-0.00554088
0.264493
0.
0.0260653
0.0310464
0.375043
0.
0.00589705
-0.00926174
0.263321
0.
0.0182058
0.000641927
0.281332
0.
-0.00289833
0.0293525
0.257033
0.0257814
0.
0.0269724
0.385154
0.0168201
0.
-0.00359118
0.251309
0.0145911
0.
-0.0094935
0.23867
0.0106597
0.
0.0282113
0.381547
0.0170398
0.
-0.00366277
0.259392
0.0185352
0.
-0.00456062
0.253609
0.0281329
-0.0522908
0.000585406
0.248648
-0.0218094
0.0199834
-0.000959494
0.371681
-0.0201929
-0.103381
-0.00595423
0.439982
-0.179207
-0.181044
0.079447
0.369308
0.169858
-0.188414
0.0474525
0.324828
-0.0659194
0.0208268
0.0103666
0.374232
0.138511
0.127509
0.0556757
0.304495
-0.0158072
-0.031671
-0.00821201
0.411942
0.00217006
-0.0603088
-0.00313335
0.251623
0.0152568
0.0335794
0.0181379
0.415465
0.0278125
0.0747234
-0.00294662
0.338901
-0.146064
0.159449
0.0632294
0.431576
-0.0112921
0.00143846
0.00414098
0.304019
0.0717513
0.0915445
-0.0776467
0.36641
0.0510032
0.157248
0.0488617
