Vec Object: 1 MPI process
  type: seq
0.
0.
0.
-0.0915564
0.
0.
0.
0.0211707
0.166726
-0.167346
0.
-0.0598364
0.174145
-0.178906
0.
-0.0597957
0.189319
0.20591
0.
-0.0502727
0.180511
0.164451
0.
-0.0533786
0.388829
0.00870993
0.
0.000936454
0.375763
0.0084181
0.
0.0082454
0.391049
-0.0211802
0.
0.00894011
0.397889
-0.0170073
0.
0.0058281
0.
0.
0.
-0.0229545
0.
0.
0.
-0.0634655
0.318815
-0.0572493
0.
-0.0139844
0.318253
0.0892759
0.
0.00347307
0.323734
-0.0510378
0.
-0.0132566
0.322
0.112035
0.
0.017888
0.350398
0.0740269
0.
-0.00311857
0.32219
-0.103015
0.
0.0140675
0.318768
0.0380896
0.
-0.0139304
0.320097
-0.0625434
0.
-0.00230515
0.
0.
0.
-0.121249
0.
0.
0.
0.0127064
0.
0.
0.
-0.0119656
0.
0.
0.
0.13979
0.
0.
0.
-0.047302
0.
0.
0.
-0.148866
0.
0.
0.
-0.225105
0.
0.
0.
0.00500728
0.
0.
0.
-0.0478473
0.
0.
0.
-0.034566
0.
0.
0.
-0.160343
0.
0.
0.
0.0323073
0.
0.
0.
-0.0935899
0.
0.
0.
0.00572309
0.
0.
0.
0.0989893
0.
0.
0.
-0.00811235
0.
0.
0.
-0.0110978
0.
0.
0.
0.0105601
1.
0.
0.
0.0388169
0.394403
-0.00816399
-0.000165786
-0.00231977
0.380743
0.
-0.0041733
-0.00481673
0.267714
0.
-0.00347104
-0.0100318
0.288512
0.
0.0217532
0.0411838
0.377529
0.
0.00528426
-0.010037
0.269162
0.
0.0153763
-0.00714836
0.302075
0.
-0.00514313
0.0461777
0.287188
0.0220877
0.
0.0442432
0.382406
0.0178887
0.
-0.00248029
0.254347
0.019244
0.
-0.0139507
0.267784
0.00466753
0.
0.0419107
0.382925
0.0158671
0.
-0.00334015
0.262749
0.0179391
0.
-0.0116299
0.250079
0.0244101
-0.0551358
-0.00314551
0.248859
-0.0252774
0.0231495
-0.0113812
0.370435
-0.022469
-0.0821456
0.00170945
0.429558
-0.157526
-0.162336
0.103805
0.357767
0.148972
-0.168305
0.0662674
0.339967
-0.0418695
0.0254345
0.0212965
0.364737
0.129413
0.110113
0.0771298
0.287399
-0.0160436
-0.0303966
-0.00707734
0.40967
0.00204553
-0.0541884
0.00427147
0.256098
0.0212149
0.0328525
0.00795521
0.388982
0.0145112
0.0557701
0.00439458
0.322269
-0.128532
0.147418
0.079512
0.415241
-0.0103721
-0.00332634
0.0133815
0.317901
0.031006
0.0810912
-0.0809936
0.350779
0.044202
0.150328
0.0678164
