Vec Object: 1 MPI process
  type: seq
0.
0.
0.
-0.116722
0.
0.
0.
0.0476515
0.160487
-0.167317
0.
-0.0842814
0.171212
-0.177749
0.
-0.0756391
0.190354
0.202958
0.
-0.0619381
0.17477
0.167064
0.
-0.0834484
0.386896
0.0103732
0.
0.00587451
0.375037
0.00972461
0.
0.00534146
0.389524
-0.0197139
0.
0.0064171
0.394999
-0.0195768
0.
0.0128315
0.
0.
0.
-0.0383433
0.
0.
0.
-0.0942668
0.307157
-0.0557183
0.
-0.0177231
0.320961
0.0875869
0.
0.00325389
0.312262
-0.0509232
0.
-0.00668771
0.323861
0.115886
0.
0.0209785
0.338053
0.0692926
0.
0.0045076
0.323524
-0.104655
0.
0.0158865
0.308312
0.0426058
0.
-0.0230012
0.320754
-0.0629191
0.
-0.00230315
0.
0.
0.
-0.135275
0.
0.
0.
-0.0245261
0.
0.
0.
0.0152499
0.
0.
0.
0.0926058
0.
0.
0.
-0.0783757
0.
0.
0.
-0.150427
0.
0.
0.
-0.175015
0.
0.
0.
0.0704362
0.
0.
0.
0.0228938
0.
0.
0.
0.000624807
0.
0.
0.
-0.154666
0.
0.
0.
0.0304635
0.
0.
0.
-0.0569957
0.
0.
0.
-0.00818812
0.
0.
0.
0.195082
0.
0.
0.
0.0827653
0.
0.
0.
0.0239487
0.
0.
0.
0.00338797
1.
0.
0.
0.0475922
0.399842
-0.00844765
-0.000742528
-0.00366056
0.377303
0.
-0.00292128
-0.00292152
0.273062
0.
-0.00155763
-0.017816
0.317115
0.
0.0164451
0.0567307
0.378885
0.
0.00387199
-0.0101808
0.275572
0.
0.0119265
-0.0197469
0.325935
0.
-0.00687946
0.0721867
0.32223
0.016545
0.
0.0741701
0.37967
0.0195177
0.
-0.000637714
0.260118
0.0230016
0.
-0.0224193
0.299734
-0.000480012
0.
0.0671731
0.383224
0.0134034
0.
-0.0026663
0.267654
0.0150496
0.
-0.0243204
0.246018
0.0184122
-0.0526638
-0.0149615
0.248454
-0.0237646
0.0231328
-0.0317779
0.359463
-0.0273484
-0.0554842
0.0148324
0.424368
-0.123137
-0.138166
0.142768
0.357005
0.116773
-0.140821
0.100133
0.333169
-0.00547775
0.0278801
0.0413427
0.355674
0.109484
0.0865343
0.116423
0.266326
-0.0136885
-0.0285396
-0.00890265
0.392135
0.00151225
-0.0396977
0.0169356
0.258099
0.019732
0.0303103
-0.0114677
0.355952
-0.00112789
0.0359044
0.0195578
0.311623
-0.101861
0.128852
0.108754
0.385934
-0.00624802
-0.00947476
0.0331206
0.308509
-0.020323
0.0587333
-0.0600041
0.339039
0.0312537
0.133086
0.105566
