Vec Object: 1 MPI process
  type: seq
0.
0.
0.
-0.0768945
0.
0.
0.
0.0194473
0.170135
-0.168111
0.
-0.047428
0.176106
-0.180161
0.
-0.0507216
0.189942
0.207706
0.
-0.0424172
0.183207
0.163629
0.
-0.0379132
0.389915
0.00840677
0.
-0.000867394
0.376885
0.00707189
0.
0.0098161
0.39287
-0.0220714
0.
0.0092857
0.39951
-0.0160599
0.
0.00286371
0.
0.
0.
-0.0177283
0.
0.
0.
-0.0547635
0.326155
-0.0581328
0.
-0.0113619
0.316118
0.0902002
0.
0.00286789
0.331382
-0.0500902
0.
-0.0152903
0.321023
0.108902
0.
0.0150808
0.358414
0.0759602
0.
-0.00519897
0.321577
-0.101348
0.
0.0118401
0.324763
0.03551
0.
-0.00933888
0.3206
-0.061767
0.
-0.00344599
0.
0.
0.
-0.102638
0.
0.
0.
0.0272908
0.
0.
0.
-0.0121585
0.
0.
0.
0.1543
0.
0.
0.
-0.0390109
0.
0.
0.
-0.13497
0.
0.
0.
-0.23286
0.
0.
0.
-0.014986
0.
0.
0.
-0.0687178
0.
0.
0.
-0.0380294
0.
0.
0.
-0.139137
0.
0.
0.
0.0389975
0.
0.
0.
-0.0943242
0.
0.
0.
0.0147935
0.
0.
0.
0.0564531
0.
0.
0.
-0.0412364
0.
0.
0.
-0.0113491
0.
0.
0.
0.0107067
1.
0.
0.
0.0317478
0.389629
-0.00775278
0.000320921
-0.000782638
0.383198
0.
-0.00480417
-0.00580917
0.264824
0.
-0.00474372
-0.00642179
0.270048
0.
0.0251124
0.0331818
0.375785
0.
0.00581007
-0.00955898
0.264685
0.
0.0175547
-0.000855771
0.286155
0.
-0.00351899
0.0327093
0.264013
0.0250611
0.
0.030249
0.38451
0.017029
0.
-0.00343459
0.251781
0.0158262
0.
-0.0102902
0.245625
0.00914029
0.
0.0308023
0.382006
0.0168533
0.
-0.00367548
0.260091
0.0185834
0.
-0.0058825
0.252878
0.0273128
-0.0532846
0.000180591
0.248834
-0.0230604
0.0209406
-0.00274467
0.372048
-0.0205517
-0.0988192
-0.0044755
0.437197
-0.175013
-0.176887
0.0843125
0.365709
0.165719
-0.184155
0.0509648
0.329789
-0.0616406
0.0219304
0.0123546
0.371958
0.137007
0.123991
0.0596925
0.300723
-0.015894
-0.0313614
-0.00780741
0.412295
0.0021626
-0.0595587
-0.00167582
0.252939
0.0172085
0.0334406
0.0164112
0.40948
0.0248906
0.0703156
-0.00163633
0.33445
-0.142536
0.157002
0.0663773
0.428626
-0.0113458
0.000517967
0.00576232
0.308444
0.0638267
0.0901867
-0.079344
0.362281
0.0499233
0.156309
0.0523029
