Vec Object: 1 MPI process
  type: seq
0.
0.
0.
-0.0768234
0.
0.
0.
0.0194621
0.170156
-0.168118
0.
-0.0473561
0.176121
-0.180171
0.
-0.050663
0.189949
0.207718
0.
-0.0423664
0.183221
0.163627
0.
-0.0378263
0.389922
0.00840705
0.
-0.000876556
0.376896
0.00706069
0.
0.009822
0.392885
-0.0220772
0.
0.00928309
0.39952
-0.0160557
0.
0.00284739
0.
0.
0.
-0.0177109
0.
0.
0.
-0.0547379
0.326203
-0.0581393
0.
-0.0113477
0.316103
0.0902068
0.
0.00286443
0.331433
-0.0500813
0.
-0.0152972
0.321018
0.10888
0.
0.015063
0.358467
0.07597
0.
-0.0052053
0.321574
-0.101336
0.
0.0118253
0.324801
0.0354948
0.
-0.00931525
0.320606
-0.0617609
0.
-0.00345362
0.
0.
0.
-0.102518
0.
0.
0.
0.027351
0.
0.
0.
-0.0121309
0.
0.
0.
0.15433
0.
0.
0.
-0.0389965
0.
0.
0.
-0.134871
0.
0.
0.
-0.232863
0.
0.
0.
-0.0150683
0.
0.
0.
-0.0687992
0.
0.
0.
-0.038017
0.
0.
0.
-0.138966
0.
0.
0.
0.0390399
0.
0.
0.
-0.0942871
0.
0.
0.
0.0148462
0.
0.
0.
0.0562268
0.
0.
0.
-0.041391
0.
0.
0.
-0.0113147
0.
0.
0.
0.0106939
1.
0.
0.
0.0317
0.389595
-0.00774917
0.000324633
-0.000773454
0.383214
0.
-0.0048077
-0.00581358
0.264808
0.
-0.00475225
-0.00640149
0.269927
0.
0.0251336
0.0331339
0.375769
0.
0.00581233
-0.00955334
0.264655
0.
0.0175689
-0.000820827
0.28605
0.
-0.00350621
0.0326323
0.26386
0.0250779
0.
0.0301728
0.384524
0.0170242
0.
-0.00343875
0.251769
0.0158004
0.
-0.0102712
0.245474
0.00917262
0.
0.0307422
0.381997
0.0168579
0.
-0.00367587
0.260075
0.0185836
0.
-0.00585152
0.252895
0.0273307
-0.0532647
0.000191916
0.248831
-0.023036
0.0209209
-0.00270165
0.372044
-0.0205429
-0.0989217
-0.00450986
0.437256
-0.17511
-0.176979
0.0842012
0.365782
0.165814
-0.184251
0.0508827
0.329689
-0.061744
0.021906
0.0123074
0.372008
0.137043
0.124072
0.0595989
0.300807
-0.0158918
-0.0313679
-0.0078159
0.412292
0.0021629
-0.0595795
-0.00170945
0.252912
0.0171693
0.0334436
0.016453
0.409612
0.024956
0.0704123
-0.00166747
0.334544
-0.142617
0.157057
0.0663048
0.428696
-0.0113465
0.000539614
0.00572387
0.308353
0.064013
0.0902238
-0.0793107
0.362368
0.0499505
0.156334
0.0522221
