Vec Object: 1 MPI process
  type: seq
0.
0.
0.
-0.0938802
0.
0.
0.
0.0221485
0.166244
-0.167293
0.
-0.0616864
0.173908
-0.178769
0.
-0.0610337
0.189318
0.205667
0.
-0.051314
0.180088
0.164623
0.
-0.0557134
0.388679
0.00879784
0.
0.00124026
0.37567
0.00855131
0.
0.00796618
0.390865
-0.0210586
0.
0.00879047
0.397663
-0.0171763
0.
0.00629798
0.
0.
0.
-0.0240063
0.
0.
0.
-0.0653538
0.317834
-0.057141
0.
-0.0143709
0.318509
0.0891566
0.
0.00354555
0.322737
-0.0511033
0.
-0.0128475
0.322149
0.112424
0.
0.0182562
0.349337
0.0737027
0.
-0.00267232
0.322289
-0.103212
0.
0.0143405
0.317932
0.0384649
0.
-0.0146618
0.320097
-0.0626211
0.
-0.00217747
0.
0.
0.
-0.123484
0.
0.
0.
0.0100378
0.
0.
0.
-0.0110968
0.
0.
0.
0.13658
0.
0.
0.
-0.0492602
0.
0.
0.
-0.150256
0.
0.
0.
-0.222815
0.
0.
0.
0.00887627
0.
0.
0.
-0.0437063
0.
0.
0.
-0.0331345
0.
0.
0.
-0.162058
0.
0.
0.
0.0315486
0.
0.
0.
-0.0923297
0.
0.
0.
0.00442468
0.
0.
0.
0.105808
0.
0.
0.
-0.00224345
0.
0.
0.
-0.00998597
0.
0.
0.
0.0102239
1.
0.
0.
0.0396958
0.394959
-0.00820067
-0.000220678
-0.00252437
0.380421
0.
-0.00407693
-0.00464962
0.268141
0.
-0.00330468
-0.0105842
0.29095
0.
0.021297
0.0423538
0.377691
0.
0.00518894
-0.010056
0.269739
0.
0.0150843
-0.00810243
0.30416
0.
-0.00531969
0.048189
0.290232
0.0216434
0.
0.0464378
0.382138
0.0180195
0.
-0.00231825
0.254778
0.0196301
0.
-0.0145415
0.270614
0.00414276
0.
0.0436826
0.382987
0.0156964
0.
-0.00326805
0.263136
0.0177686
0.
-0.0125353
0.249702
0.0239787
-0.0551823
-0.00384766
0.248827
-0.0253584
0.0233141
-0.0128207
0.369891
-0.0228073
-0.0798392
0.00265885
0.428775
-0.15487
-0.160342
0.106748
0.357182
0.146465
-0.166058
0.0687043
0.340468
-0.0388289
0.0258225
0.0227189
0.363845
0.128093
0.108122
0.0799136
0.28559
-0.0159941
-0.0302639
-0.00709695
0.408827
0.00201844
-0.0531812
0.00517557
0.256393
0.0214429
0.0327301
0.00654525
0.386215
0.0131156
0.0539109
0.00538825
0.320972
-0.126455
0.146
0.0815771
0.413094
-0.0101243
-0.00388231
0.0146721
0.318333
0.0263168
0.0794521
-0.080518
0.349504
0.04325
0.149212
0.0703751
