Vec Object: 1 MPI process
  type: seq
0.
0.
0.
-0.0969217
0.
0.
0.
0.0237248
0.16561
-0.16724
0.
-0.0641409
0.173605
-0.178604
0.
-0.0626524
0.189344
0.205351
0.
-0.0526511
0.179522
0.164863
0.
-0.0588053
0.388483
0.00892643
0.
0.00165759
0.375564
0.00871191
0.
0.00759604
0.390647
-0.0208998
0.
0.00856711
0.397368
-0.0174084
0.
0.00693395
0.
0.
0.
-0.0254678
0.
0.
0.
-0.0680326
0.316563
-0.0570003
0.
-0.0148685
0.318833
0.0890001
0.
0.00362714
0.321456
-0.0511672
0.
-0.0122754
0.322345
0.112915
0.
0.0187195
0.34797
0.0732612
0.
-0.00203789
0.322423
-0.103456
0.
0.0146757
0.316836
0.0389571
0.
-0.015635
0.320117
-0.0627113
0.
-0.00203157
0.
0.
0.
-0.126178
0.
0.
0.
0.00638703
0.
0.
0.
-0.00961913
0.
0.
0.
0.132094
0.
0.
0.
-0.0520426
0.
0.
0.
-0.151789
0.
0.
0.
-0.219359
0.
0.
0.
0.0143246
0.
0.
0.
-0.0378541
0.
0.
0.
-0.0308917
0.
0.
0.
-0.163757
0.
0.
0.
0.0306792
0.
0.
0.
-0.0902314
0.
0.
0.
0.00274517
0.
0.
0.
0.115004
0.
0.
0.
0.0058526
0.
0.
0.
-0.00808896
0.
0.
0.
0.00968986
1.
0.
0.
0.0408009
0.39565
-0.00824325
-0.000289138
-0.00277859
0.38001
0.
-0.00394882
-0.00442766
0.268704
0.
-0.00309052
-0.0113228
0.294096
0.
0.0207072
0.0439039
0.377882
0.
0.00505793
-0.0100714
0.270478
0.
0.0147065
-0.00936769
0.306839
0.
-0.0055376
0.0508503
0.294147
0.0210579
0.
0.0493788
0.381798
0.0181926
0.
-0.00210274
0.255358
0.0201087
0.
-0.0153378
0.274233
0.00348908
0.
0.0460747
0.383052
0.0154637
0.
-0.00317182
0.263646
0.0175231
0.
-0.0137508
0.249221
0.0234007
-0.0551693
-0.00484651
0.248783
-0.0253963
0.0234799
-0.0147715
0.369077
-0.0232705
-0.0768527
0.00392693
0.427854
-0.151346
-0.157751
0.110659
0.356583
0.143148
-0.163121
0.0719834
0.340807
-0.0348306
0.0262819
0.0246308
0.362721
0.126281
0.105528
0.0836666
0.283254
-0.0158937
-0.0300876
-0.00716788
0.407557
0.00197894
-0.0517972
0.0063834
0.256735
0.0216333
0.0325495
0.00463923
0.382631
0.0113221
0.0515489
0.00674236
0.319409
-0.12371
0.144122
0.0843583
0.41021
-0.00976932
-0.00460229
0.016441
0.318562
0.0202666
0.0772256
-0.0795949
0.347939
0.0419688
0.147665
0.0738571
