Vec Object: 1 MPI process
  type: seq
0.
0.
0.
-0.0886971
0.
0.
0.
0.0202226
0.167323
-0.167428
0.
-0.0575669
0.174448
-0.179087
0.
-0.0582495
0.189346
0.206215
0.
-0.0489539
0.181024
0.164252
0.
-0.0505142
0.389016
0.00861401
0.
0.000575969
0.375896
0.00823732
0.
0.00858261
0.3913
-0.021332
0.
0.00909711
0.398169
-0.0168081
0.
0.00526226
0.
0.
0.
-0.0217365
0.
0.
0.
-0.0613239
0.320051
-0.0573866
0.
-0.0135009
0.317921
0.0894253
0.
0.00337367
0.324998
-0.050935
0.
-0.0137288
0.321817
0.111533
0.
0.0174161
0.351738
0.0744136
0.
-0.00362484
0.32207
-0.102757
0.
0.0137101
0.31981
0.0376249
0.
-0.0130406
0.320116
-0.0624362
0.
-0.00248017
0.
0.
0.
-0.118283
0.
0.
0.
0.0158551
0.
0.
0.
-0.0127384
0.
0.
0.
0.143472
0.
0.
0.
-0.0450956
0.
0.
0.
-0.146895
0.
0.
0.
-0.227534
0.
0.
0.
0.000553319
0.
0.
0.
-0.0525928
0.
0.
0.
-0.0360093
0.
0.
0.
-0.157726
0.
0.
0.
0.0333487
0.
0.
0.
-0.0947461
0.
0.
0.
0.00734703
0.
0.
0.
0.090769
0.
0.
0.
-0.0150185
0.
0.
0.
-0.0120826
0.
0.
0.
0.0108822
1.
0.
0.
0.0376819
0.393676
-0.00811257
-9.38522e-05
-0.00205607
0.381153
0.
-0.00429108
-0.00501925
0.267187
0.
-0.00368158
-0.0093589
0.28543
0.
0.0223274
0.0397448
0.377304
0.
0.00539652
-0.0100017
0.268426
0.
0.0157436
-0.0059788
0.299433
0.
-0.00490952
0.0437062
0.283333
0.0226353
0.
0.0415814
0.382749
0.0177285
0.
-0.00267636
0.253828
0.0187365
0.
-0.0132383
0.264177
0.00535277
0.
0.0397753
0.382829
0.0160699
0.
-0.00342565
0.262271
0.0181282
0.
-0.010533
0.250558
0.0249355
-0.0550071
-0.00234935
0.248892
-0.025108
0.0228969
-0.00965731
0.371011
-0.0220692
-0.0850396
0.000552344
0.430629
-0.160781
-0.164833
0.100206
0.358658
0.152052
-0.171103
0.0633239
0.339039
-0.0456118
0.0249091
0.0195758
0.36589
0.130973
0.112594
0.0737722
0.289675
-0.0160745
-0.0305602
-0.00709651
0.410562
0.00207554
-0.0553714
0.00316861
0.255688
0.0208256
0.0329873
0.00964592
0.39246
0.0162759
0.058149
0.00320707
0.324013
-0.131088
0.149162
0.0770161
0.417837
-0.0106487
-0.0026315
0.01185
0.317049
0.0368885
0.0830385
-0.081318
0.352469
0.0453484
0.151632
0.0647588
