Vec Object: 1 MPI process
  type: seq
0.
0.
0.
-0.087085
0.
0.
0.
0.0198097
0.167665
-0.167483
0.
-0.0562804
0.174628
-0.179198
0.
-0.0573567
0.189375
0.206392
0.
-0.0481852
0.181311
0.164146
0.
-0.0488926
0.389124
0.0085661
0.
0.000377509
0.375983
0.00812492
0.
0.0087687
0.391455
-0.0214195
0.
0.00917117
0.398331
-0.0166994
0.
0.00494649
0.
0.
0.
-0.0210873
0.
0.
0.
-0.0602043
0.320768
-0.0574675
0.
-0.0132242
0.317723
0.0895122
0.
0.0033132
0.325737
-0.0508648
0.
-0.0139802
0.321714
0.111236
0.
0.0171395
0.352519
0.074627
0.
-0.00389006
0.322003
-0.102602
0.
0.0134971
0.320408
0.0373597
0.
-0.0125421
0.320139
-0.0623693
0.
-0.00258745
0.
0.
0.
-0.116498
0.
0.
0.
0.0175667
0.
0.
0.
-0.0130312
0.
0.
0.
0.145408
0.
0.
0.
-0.0439549
0.
0.
0.
-0.145654
0.
0.
0.
-0.228719
0.
0.
0.
-0.00182289
0.
0.
0.
-0.0551119
0.
0.
0.
-0.0366711
0.
0.
0.
-0.155989
0.
0.
0.
0.0339878
0.
0.
0.
-0.0952058
0.
0.
0.
0.00827982
0.
0.
0.
0.0861855
0.
0.
0.
-0.0187813
0.
0.
0.
-0.0124537
0.
0.
0.
0.0110152
1.
0.
0.
0.0370095
0.39324
-0.00807978
-5.04786e-05
-0.00190139
0.381393
0.
-0.00435752
-0.00513185
0.266887
0.
-0.00380442
-0.0089797
0.283635
0.
0.0226602
0.0389264
0.377162
0.
0.00545757
-0.00997438
0.267994
0.
0.0159568
-0.00531703
0.29789
0.
-0.00476753
0.0423043
0.281083
0.0229462
0.
0.0400892
0.382951
0.017638
0.
-0.00278521
0.25354
0.0184303
0.
-0.0128411
0.26206
0.00576334
0.
0.0385844
0.382763
0.0161812
0.
-0.00347158
0.261998
0.0182241
0.
-0.00991858
0.250838
0.025232
-0.0548967
-0.00193216
0.248907
-0.0249737
0.0227272
-0.0087034
0.37129
-0.0218508
-0.0867116
-9.96753e-05
0.431295
-0.162621
-0.166276
0.0981705
0.359257
0.153799
-0.172708
0.06168
0.338348
-0.0477299
0.0245873
0.0186134
0.366573
0.131827
0.114017
0.0718988
0.290995
-0.016078
-0.030654
-0.00712966
0.410993
0.00209095
-0.0560116
0.00254618
0.255429
0.0205465
0.0330565
0.010582
0.394476
0.0173024
0.0595482
0.00254943
0.325083
-0.13254
0.150152
0.0756198
0.419285
-0.0107902
-0.00223271
0.0110079
0.316402
0.0402756
0.0841033
-0.0813754
0.353495
0.0459852
0.152336
0.0630669
