Vec Object: 1 MPI process
  type: seq
0.
0.
0.
-0.112059
0.
0.
0.
0.0385767
0.162017
-0.16722
0.
-0.0782546
0.171943
-0.177922
0.
-0.07174
0.189935
0.203648
0.
-0.0594542
0.1762
0.166382
0.
-0.0762429
0.387381
0.00987565
0.
0.00443416
0.375172
0.00944009
0.
0.00578934
0.389777
-0.0200422
0.
0.00702821
0.395712
-0.0188846
0.
0.0109174
0.
0.
0.
-0.0345272
0.
0.
0.
-0.085968
0.309814
-0.0561508
0.
-0.0171529
0.320402
0.0880553
0.
0.0036122
0.314812
-0.0511198
0.
-0.00849839
0.323427
0.115196
0.
0.0206501
0.340816
0.0705308
0.
0.00234867
0.323199
-0.104451
0.
0.0158639
0.310791
0.0416035
0.
-0.0209916
0.320508
-0.062957
0.
-0.00188908
0.
0.
0.
-0.135057
0.
0.
0.
-0.0154775
0.
0.
0.
0.00559582
0.
0.
0.
0.104259
0.
0.
0.
-0.0702875
0.
0.
0.
-0.153438
0.
0.
0.
-0.19103
0.
0.
0.
0.0517595
0.
0.
0.
0.00263732
0.
0.
0.
-0.0110453
0.
0.
0.
-0.16142
0.
0.
0.
0.0291721
0.
0.
0.
-0.0696478
0.
0.
0.
-0.00554649
0.
0.
0.
0.170438
0.
0.
0.
0.0580933
0.
0.
0.
0.0115259
0.
0.
0.
0.0054334
1.
0.
0.
0.0459469
0.398817
-0.00840319
-0.000620254
-0.0036804
0.377991
0.
-0.00322099
-0.00327775
0.271817
0.
-0.00197906
-0.015761
0.31064
0.
0.0176238
0.0528531
0.378642
0.
0.0042392
-0.0101104
0.274205
0.
0.0127058
-0.0166215
0.320672
0.
-0.00653989
0.0659023
0.31445
0.0178337
0.
0.066688
0.380185
0.0191481
0.
-0.00098321
0.258725
0.0222933
0.
-0.0201809
0.29273
0.000488372
0.
0.0606151
0.383196
0.014036
0.
-0.0027345
0.266494
0.0158399
0.
-0.0210358
0.246857
0.0199444
-0.0537735
-0.011689
0.248541
-0.0245156
0.0234961
-0.0265705
0.362781
-0.0261134
-0.0613061
0.0114514
0.424754
-0.131393
-0.14377
0.13319
0.3561
0.124473
-0.147176
0.0915513
0.337018
-0.0134727
0.0277717
0.0361398
0.357426
0.114793
0.0917851
0.106313
0.271024
-0.0145831
-0.0290276
-0.0082681
0.397521
0.00167671
-0.0433322
0.0136196
0.257906
0.0208119
0.0311109
-0.0066659
0.363515
0.00220602
0.0399697
0.0153793
0.313181
-0.108259
0.133398
0.101183
0.393226
-0.00736604
-0.00823015
0.0277542
0.313404
-0.00994776
0.0641325
-0.0680126
0.341113
0.0344498
0.137709
0.0955579
