Vec Object: 1 MPI process
  type: seq
0.
0.
0.
-0.10981
0.
0.
0.
0.03532
0.16264
-0.167196
0.
-0.0757959
0.172234
-0.178011
0.
-0.0701617
0.189789
0.203934
0.
-0.0583709
0.176783
0.166107
0.
-0.0732594
0.387574
0.00968779
0.
0.00389656
0.375227
0.009325
0.
0.00603974
0.389894
-0.0201838
0.
0.00730096
0.395999
-0.0186124
0.
0.0101778
0.
0.
0.
-0.0329325
0.
0.
0.
-0.0826413
0.310932
-0.0563118
0.
-0.0168436
0.320157
0.0882319
0.
0.003689
0.315895
-0.0511723
0.
-0.00920614
0.323245
0.114865
0.
0.0204206
0.341988
0.0710254
0.
0.00150947
0.323064
-0.104329
0.
0.015762
0.311818
0.0411701
0.
-0.0201124
0.320416
-0.0629475
0.
-0.00181179
0.
0.
0.
-0.134352
0.
0.
0.
-0.0116831
0.
0.
0.
0.0021706
0.
0.
0.
0.109142
0.
0.
0.
-0.0669759
0.
0.
0.
-0.154037
0.
0.
0.
-0.19693
0.
0.
0.
0.0445647
0.
0.
0.
-0.00516275
0.
0.
0.
-0.0152923
0.
0.
0.
-0.163237
0.
0.
0.
0.0289821
0.
0.
0.
-0.0741927
0.
0.
0.
-0.00430111
0.
0.
0.
0.160526
0.
0.
0.
0.0483901
0.
0.
0.
0.0071104
0.
0.
0.
0.00625803
1.
0.
0.
0.045187
0.398349
-0.00838228
-0.00056794
-0.00360863
0.378301
0.
-0.0033456
-0.00345172
0.271293
0.
-0.00215952
-0.0149565
0.307913
0.
0.0181265
0.0512838
0.378536
0.
0.00438717
-0.0100967
0.273612
0.
0.0130356
-0.0153566
0.318427
0.
-0.00638877
0.0633148
0.311143
0.0183751
0.
0.0636431
0.380425
0.0189894
0.
-0.00115259
0.258145
0.0219703
0.
-0.0193017
0.289741
0.000931445
0.
0.0579959
0.383186
0.0142918
0.
-0.0027868
0.266011
0.0161549
0.
-0.019729
0.247225
0.0205613
-0.0541512
-0.0103968
0.248579
-0.0247714
0.0235896
-0.0244668
0.364042
-0.0256078
-0.0638179
0.0101055
0.425057
-0.134812
-0.146111
0.129271
0.355891
0.127665
-0.149842
0.0880789
0.338262
-0.016942
0.0276436
0.0340701
0.358221
0.116901
0.0940317
0.102257
0.273023
-0.0148951
-0.0292201
-0.00802108
0.399555
0.00173809
-0.0448284
0.0123123
0.257782
0.0211467
0.0314079
-0.00468813
0.36669
0.00365648
0.0417666
0.0137633
0.313982
-0.110904
0.135258
0.0981574
0.396205
-0.00781314
-0.00766817
0.0256524
0.314993
-0.00528037
0.06639
-0.0707729
0.342084
0.035762
0.139544
0.091593
