Vec Object: 1 MPI process
  type: seq
0.
0.
0.
-0.0773336
0.
0.
0.
0.0193635
0.170005
-0.168067
0.
-0.0478661
0.176019
-0.180103
0.
-0.0510769
0.189895
0.207636
0.
-0.042725
0.183117
0.163643
0.
-0.0384436
0.389873
0.00840574
0.
-0.000811206
0.376824
0.00713898
0.
0.00977892
0.392783
-0.0220362
0.
0.00930011
0.399448
-0.0160861
0.
0.00296332
0.
0.
0.
-0.0178386
0.
0.
0.
-0.0549268
0.325865
-0.0580936
0.
-0.011449
0.316211
0.0901605
0.
0.00288915
0.331074
-0.0501429
0.
-0.0152467
0.321055
0.109032
0.
0.0151887
0.358095
0.0759004
0.
-0.00515869
0.321596
-0.101419
0.
0.0119299
0.324534
0.0356025
0.
-0.0094839
0.320561
-0.0618037
0.
-0.00339969
0.
0.
0.
-0.103372
0.
0.
0.
0.0269161
0.
0.
0.
-0.0123198
0.
0.
0.
0.154098
0.
0.
0.
-0.0391093
0.
0.
0.
-0.135574
0.
0.
0.
-0.232831
0.
0.
0.
-0.0144751
0.
0.
0.
-0.0682112
0.
0.
0.
-0.0380968
0.
0.
0.
-0.140167
0.
0.
0.
0.0387391
0.
0.
0.
-0.0945398
0.
0.
0.
0.0144722
0.
0.
0.
0.0578381
0.
0.
0.
-0.0402836
0.
0.
0.
-0.0115506
0.
0.
0.
0.0107805
1.
0.
0.
0.0320367
0.389838
-0.0077744
0.000298611
-0.000838643
0.383102
0.
-0.00478263
-0.00578177
0.264926
0.
-0.00469215
-0.00654569
0.270783
0.
0.0249838
0.0334732
0.375874
0.
0.00579607
-0.00959231
0.264865
0.
0.0174687
-0.00106936
0.286792
0.
-0.00359571
0.0331791
0.264937
0.024959
0.
0.0307148
0.384424
0.0170584
0.
-0.0034087
0.251855
0.0159815
0.
-0.0104066
0.246534
0.00894537
0.
0.0311696
0.38206
0.0168248
0.
-0.00367248
0.260187
0.0185812
0.
-0.00607204
0.252775
0.0272046
-0.0534035
0.000109478
0.24885
-0.0232055
0.0210582
-0.00300902
0.372068
-0.0206064
-0.098196
-0.00426558
0.436843
-0.174418
-0.176328
0.084991
0.365274
0.165138
-0.183572
0.0514665
0.33039
-0.0610053
0.0220782
0.0126439
0.371659
0.136782
0.123497
0.060265
0.300213
-0.0159077
-0.0313219
-0.00775658
0.412306
0.00216066
-0.0594286
-0.00147055
0.253099
0.0174426
0.033423
0.0161542
0.408681
0.0244938
0.0697303
-0.00144541
0.333888
-0.142044
0.156662
0.0668199
0.428198
-0.0113403
0.000385563
0.00599807
0.30899
0.0626875
0.0899557
-0.079541
0.361759
0.0497551
0.156155
0.0527974
