Vec Object: 1 MPI process
  type: seq
0.
0.
0.
-0.0895494
0.
0.
0.
0.229214
0.145702
-0.166809
0.
-0.127673
0.161936
-0.176277
0.
-0.105293
0.202858
0.19069
0.
-0.0467377
0.161283
0.172409
0.
-0.136332
0.373314
0.0245463
0.
0.0722607
0.366611
0.0204774
0.
0.0499681
0.379543
-0.0246413
0.
0.0556966
0.379697
-0.034622
0.
0.0802138
0.
0.
0.
-0.0765278
0.
0.
0.
-0.192464
0.280042
-0.0503685
0.
-0.0360938
0.325842
0.0728773
0.
-0.0433497
0.287237
-0.0486463
0.
-0.010039
0.328643
0.106618
0.
-0.0266555
0.311177
0.0583208
0.
0.00467437
0.32734
-0.0913054
0.
-0.0341882
0.280376
0.0509556
0.
-0.0490389
0.323817
-0.0531712
0.
-0.0560278
0.
0.
0.
-0.0145227
0.
0.
0.
-0.09367
0.
0.
0.
0.215908
0.
0.
0.
0.0157974
0.
0.
0.
-0.151671
0.
0.
0.
0.00664878
0.
0.
0.
0.125617
0.
0.
0.
0.36044
0.
0.
0.
0.334304
0.
0.
0.
0.221901
0.
0.
0.
0.0904773
0.
0.
0.
0.106241
0.
0.
0.
0.19125
0.
0.
0.
-0.0100824
0.
0.
0.
0.510449
0.
0.
0.
0.430634
0.
0.
0.
0.28251
0.
0.
0.
-0.0255134
1.
0.
0.
0.0821314
0.401039
-0.0082889
-0.00162068
0.060533
0.378595
0.
8.81402e-06
-0.00938978
0.283538
0.
0.0017751
-0.0851058
0.380059
0.
0.006328
0.11079
0.387942
0.
5.02998e-05
-0.0127472
0.28508
0.
0.00523404
-0.0937445
0.370977
0.
-0.00838321
0.149479
0.392544
0.00447926
0.
0.162442
0.383726
0.0204772
0.
-0.00726523
0.272653
0.0245211
0.
-0.0909012
0.361616
-0.00351052
0.
0.164587
0.392363
0.00677211
0.
-0.00425734
0.27783
0.00698334
0.
-0.102203
0.237271
0.000728103
-0.0306919
-0.0795291
0.245601
-0.0107807
0.0122939
-0.124643
0.306785
-0.0355307
-0.0137527
0.0454475
0.442083
-0.0377791
-0.0786479
0.262244
0.386186
0.0368434
-0.0778285
0.205891
0.247195
0.0396462
0.0164163
0.10399
0.346647
0.0409615
0.0445458
0.252259
0.221747
0.00246112
-0.0209487
-0.0309013
0.305858
-0.000914729
-0.00821965
0.0575897
0.25203
-0.00366988
0.016741
-0.0880563
0.278498
-0.0232363
0.0114594
0.0726013
0.315544
-0.033401
0.075627
0.212112
0.30467
0.00525729
-0.0112505
0.096821
0.194874
-0.0568413
0.0155369
0.121796
0.330099
-0.00221493
0.0737041
0.248955
