Vec Object: 1 MPI process
  type: seq
0.
0.
0.
-0.0863859
0.
0.
0.
0.0196579
0.167815
-0.16751
0.
-0.055719
0.174708
-0.179248
0.
-0.0569627
0.189391
0.20647
0.
-0.0478447
0.181436
0.164102
0.
-0.0481858
0.389171
0.0085468
0.
0.000292226
0.376023
0.00807334
0.
0.00884831
0.391526
-0.0214582
0.
0.00919974
0.398402
-0.016653
0.
0.00480977
0.
0.
0.
-0.0208144
0.
0.
0.
-0.0597387
0.321085
-0.0575037
0.
-0.0131031
0.317635
0.0895508
0.
0.00328605
0.326065
-0.0508312
0.
-0.014086
0.321669
0.111104
0.
0.0170168
0.352864
0.0747187
0.
-0.00400057
0.321974
-0.102533
0.
0.0134018
0.320672
0.0372436
0.
-0.0123262
0.320151
-0.0623386
0.
-0.00263595
0.
0.
0.
-0.115698
0.
0.
0.
0.018295
0.
0.
0.
-0.0131258
0.
0.
0.
0.146213
0.
0.
0.
-0.0434847
0.
0.
0.
-0.145085
0.
0.
0.
-0.229192
0.
0.
0.
-0.00282529
0.
0.
0.
-0.0561713
0.
0.
0.
-0.036924
0.
0.
0.
-0.155174
0.
0.
0.
0.0342767
0.
0.
0.
-0.0953613
0.
0.
0.
0.00868918
0.
0.
0.
0.0842035
0.
0.
0.
-0.0203875
0.
0.
0.
-0.0125731
0.
0.
0.
0.0110611
1.
0.
0.
0.0367093
0.393043
-0.00806456
-3.08908e-05
-0.00183289
0.381499
0.
-0.00438643
-0.00518031
0.266757
0.
-0.0038589
-0.00881472
0.282839
0.
0.0228073
0.0385683
0.377097
0.
0.00548357
-0.00996053
0.267803
0.
0.0160511
-0.00502866
0.297206
0.
-0.00470314
0.0416924
0.280086
0.023082
0.
0.0394421
0.383041
0.0175986
0.
-0.00283201
0.253417
0.018292
0.
-0.0126694
0.261119
0.0059479
0.
0.0380691
0.382732
0.0162289
0.
-0.00349085
0.261879
0.0182632
0.
-0.0096522
0.250962
0.0253613
-0.0548396
-0.00175819
0.248913
-0.0249056
0.0226467
-0.00829285
0.371401
-0.0217575
-0.0874485
-0.000383294
0.431599
-0.163422
-0.166912
0.0972836
0.359541
0.154561
-0.173413
0.0609685
0.338007
-0.0486518
0.0244415
0.0181966
0.366878
0.132192
0.114641
0.0710883
0.291578
-0.0160765
-0.0306953
-0.00714933
0.411164
0.00209731
-0.0562832
0.00227512
0.25531
0.0204105
0.0330853
0.0109848
0.395368
0.0177565
0.0601708
0.00226599
0.32557
-0.133174
0.150585
0.0750146
0.419912
-0.0108481
-0.00205782
0.0106464
0.316081
0.0417636
0.0845576
-0.0813719
0.353959
0.0462595
0.152635
0.062338
