Vec Object: 1 MPI process
  type: seq
0.
0.
0.
-0.112821
0.
0.
0.
0.149333
0.149605
-0.168496
0.
-0.124409
0.16472
-0.17773
0.
-0.104088
0.195513
0.197489
0.
-0.0696316
0.16477
0.171803
0.
-0.129424
0.381529
0.0161746
0.
0.0276498
0.372383
0.0135573
0.
0.0149254
0.386661
-0.0193978
0.
0.0139992
0.388298
-0.0262371
0.
0.0364367
0.
0.
0.
-0.0585422
0.
0.
0.
-0.151098
0.290117
-0.0509853
0.
-0.0171421
0.324045
0.0813928
0.
-0.0115089
0.296446
-0.0476902
0.
0.00595347
0.326662
0.114864
0.
0.0079504
0.320943
0.0602652
0.
0.0187602
0.325725
-0.100867
0.
0.00100851
0.291282
0.0472337
0.
-0.0316219
0.322738
-0.0594883
0.
-0.0200035
0.
0.
0.
-0.0807156
0.
0.
0.
-0.0713214
0.
0.
0.
0.126454
0.
0.
0.
0.0348595
0.
0.
0.
-0.125157
0.
0.
0.
-0.0731454
0.
0.
0.
-0.00803758
0.
0.
0.
0.238187
0.
0.
0.
0.204073
0.
0.
0.
0.125322
0.
0.
0.
-0.0301185
0.
0.
0.
0.0700906
0.
0.
0.
0.0819255
0.
0.
0.
-0.0103646
0.
0.
0.
0.383655
0.
0.
0.
0.287668
0.
0.
0.
0.165219
0.
0.
0.
-0.00839542
1.
0.
0.
0.0560451
0.40323
-0.00860166
-0.00145308
0.0123357
0.375607
0.
-0.00102586
-0.00472194
0.280271
0.
0.000781985
-0.0421163
0.358558
0.
0.00959971
0.0873332
0.38193
0.
0.00131351
-0.0128079
0.282535
0.
0.00732209
-0.0494284
0.357105
0.
-0.00835083
0.117248
0.369488
0.0085616
0.
0.127837
0.379361
0.0209934
0.
-0.00257825
0.268555
0.0253683
0.
-0.0479402
0.341743
-0.00387073
0.
0.121051
0.385571
0.00899809
0.
-0.00473373
0.274638
0.00954567
0.
-0.0564305
0.240941
0.00711318
-0.0402405
-0.0418447
0.247371
-0.0160163
0.0172346
-0.0743213
0.329471
-0.0346775
-0.0251079
0.0418432
0.432132
-0.0686724
-0.100956
0.211813
0.37304
0.0658789
-0.100443
0.163517
0.285889
0.0318176
0.0226821
0.0840147
0.3489
0.0680069
0.0573296
0.196037
0.237684
-0.00375563
-0.0243066
-0.0129516
0.342698
-3.87673e-05
-0.0175947
0.0459147
0.255942
0.00581084
0.0225173
-0.0455656
0.307092
-0.0179515
0.0169981
0.0575154
0.311289
-0.0587952
0.0962208
0.16966
0.33522
0.00143376
-0.0131345
0.0774875
0.246733
-0.0576741
0.0278492
0.0401448
0.331961
0.00978238
0.0971259
0.188485
