Vec Object: 1 MPI process
  type: seq
0.
0.
0.
-0.109918
0.
0.
0.
0.0354642
0.162611
-0.167197
0.
-0.0759092
0.17222
-0.178007
0.
-0.0702344
0.189795
0.203921
0.
-0.0584217
0.176756
0.16612
0.
-0.0733975
0.387565
0.00969625
0.
0.00392077
0.375225
0.00933033
0.
0.00602744
0.389888
-0.0201772
0.
0.00728824
0.395986
-0.0186248
0.
0.0102114
0.
0.
0.
-0.0330062
0.
0.
0.
-0.0827934
0.31088
-0.0563045
0.
-0.0168588
0.320169
0.0882239
0.
0.00368626
0.315845
-0.0511702
0.
-0.00917394
0.323254
0.11488
0.
0.0204323
0.341933
0.0710028
0.
0.00154755
0.323071
-0.104335
0.
0.0157678
0.31177
0.0411904
0.
-0.0201536
0.32042
-0.0629482
0.
-0.00181427
0.
0.
0.
-0.134392
0.
0.
0.
-0.0118589
0.
0.
0.
0.00232165
0.
0.
0.
0.108916
0.
0.
0.
-0.0671282
0.
0.
0.
-0.154017
0.
0.
0.
-0.196667
0.
0.
0.
0.0448906
0.
0.
0.
-0.00480956
0.
0.
0.
-0.0151034
0.
0.
0.
-0.163166
0.
0.
0.
0.0289866
0.
0.
0.
-0.0739916
0.
0.
0.
-0.00436055
0.
0.
0.
0.160981
0.
0.
0.
0.0488323
0.
0.
0.
0.00730519
0.
0.
0.
0.00622039
1.
0.
0.
0.0452232
0.398371
-0.00838329
-0.000570388
-0.00361286
0.378286
0.
-0.00333983
-0.00344338
0.271318
0.
-0.00215109
-0.0149932
0.30804
0.
0.018103
0.051356
0.378541
0.
0.00438039
-0.0100972
0.27364
0.
0.0130203
-0.0154148
0.318532
0.
-0.00639592
0.0634343
0.311297
0.0183499
0.
0.0637833
0.380414
0.0189968
0.
-0.00114447
0.258172
0.0219856
0.
-0.0193419
0.289881
0.000910369
0.
0.0581158
0.383186
0.01428
0.
-0.00278411
0.266033
0.0161405
0.
-0.0197888
0.247208
0.020533
-0.0541349
-0.0104556
0.248577
-0.0247604
0.0235861
-0.0245634
0.363985
-0.0256311
-0.0637004
0.0101672
0.425041
-0.134654
-0.146002
0.129452
0.355898
0.127518
-0.149719
0.0882385
0.338209
-0.0167796
0.0276506
0.0341648
0.358183
0.116805
0.0939268
0.102443
0.272929
-0.0148815
-0.0292113
-0.00803218
0.399463
0.00173534
-0.0447594
0.012372
0.257788
0.0211328
0.0313946
-0.00477942
0.366543
0.00358843
0.0416819
0.0138367
0.313943
-0.110782
0.135172
0.098296
0.396068
-0.00779271
-0.00769476
0.0257481
0.314925
-0.00550108
0.0662854
-0.0706523
0.342037
0.0357015
0.13946
0.0917741
