Vec Object: 1 MPI process
  type: seq
0.
0.
0.
-0.119116
0.
0.
0.
0.0545002
0.159467
-0.167407
0.
-0.0882881
0.170704
-0.177668
0.
-0.0782678
0.190674
0.202506
0.
-0.063456
0.17382
0.167522
0.
-0.0881578
0.386558
0.0107339
0.
0.00694562
0.374937
0.0099245
0.
0.00519526
0.389371
-0.0195142
0.
0.00608857
0.394514
-0.0200572
0.
0.0141973
0.
0.
0.
-0.040768
0.
0.
0.
-0.0998232
0.305447
-0.0553961
0.
-0.0179489
0.321306
0.0872414
0.
0.00286298
0.310638
-0.0507425
0.
-0.00542743
0.324141
0.116248
0.
0.0209912
0.33629
0.0684519
0.
0.00600919
0.323737
-0.10471
0.
0.0157021
0.30669
0.0432216
0.
-0.0242071
0.320931
-0.0628438
0.
-0.00277587
0.
0.
0.
-0.134249
0.
0.
0.
-0.0302727
0.
0.
0.
0.0226048
0.
0.
0.
0.0852195
0.
0.
0.
-0.0836436
0.
0.
0.
-0.147243
0.
0.
0.
-0.163215
0.
0.
0.
0.0836153
0.
0.
0.
0.0371874
0.
0.
0.
0.00931389
0.
0.
0.
-0.14847
0.
0.
0.
0.0319659
0.
0.
0.
-0.0474762
0.
0.
0.
-0.00960659
0.
0.
0.
0.211715
0.
0.
0.
0.0998073
0.
0.
0.
0.0333867
0.
0.
0.
0.00205201
1.
0.
0.
0.0485294
0.400438
-0.00847344
-0.000820157
-0.00347046
0.376903
0.
-0.00272692
-0.00274914
0.273858
0.
-0.0012928
-0.0192652
0.321281
0.
0.0157
0.05934
0.379043
0.
0.00362593
-0.0102649
0.276418
0.
0.0114297
-0.0218621
0.329268
0.
-0.00708412
0.0763282
0.327178
0.0157172
0.
0.0791514
0.379385
0.019746
0.
-0.000472561
0.261019
0.0234133
0.
-0.0239893
0.304173
-0.0010404
0.
0.0716411
0.383253
0.0129808
0.
-0.0026734
0.268403
0.0145164
0.
-0.0265808
0.2455
0.0173805
-0.0518025
-0.0171941
0.248398
-0.0231875
0.0228005
-0.0352759
0.357101
-0.0281581
-0.0518643
0.0171544
0.424365
-0.117749
-0.13453
0.149115
0.357869
0.111749
-0.136726
0.105882
0.330072
-0.00056659
0.0278047
0.0449131
0.354651
0.105859
0.0832345
0.123273
0.26334
-0.0130012
-0.028202
-0.00932002
0.388276
0.00139275
-0.0373282
0.019241
0.258148
0.0188395
0.0297262
-0.0146086
0.351073
-0.00318292
0.0334447
0.022515
0.310866
-0.0976738
0.125836
0.113908
0.381106
-0.00549643
-0.0101977
0.0368503
0.304561
-0.0264113
0.0552722
-0.0537425
0.337867
0.0291504
0.129932
0.112438
