Vec Object: 1 MPI process
  type: seq
0.
0.
0.
-0.0785696
0.
0.
0.
0.0191891
0.16966
-0.167957
0.
-0.0490528
0.175793
-0.179952
0.
-0.0520223
0.18978
0.207449
0.
-0.0435458
0.182871
0.163688
0.
-0.0398899
0.389762
0.00840855
0.
-0.000655883
0.376669
0.00731126
0.
0.00966829
0.392557
-0.0219427
0.
0.00932692
0.399283
-0.0161603
0.
0.00323488
0.
0.
0.
-0.0181709
0.
0.
0.
-0.0554295
0.325093
-0.0579915
0.
-0.0116889
0.316452
0.0900567
0.
0.00294806
0.330257
-0.050277
0.
-0.0151159
0.321144
0.109375
0.
0.0154779
0.357249
0.0757349
0.
-0.00503535
0.32165
-0.101606
0.
0.0121688
0.323923
0.0358524
0.
-0.00988564
0.320465
-0.0618989
0.
-0.00327584
0.
0.
0.
-0.105342
0.
0.
0.
0.0258359
0.
0.
0.
-0.0126959
0.
0.
0.
0.153403
0.
0.
0.
-0.0394638
0.
0.
0.
-0.137176
0.
0.
0.
-0.232655
0.
0.
0.
-0.0130135
0.
0.
0.
-0.0667458
0.
0.
0.
-0.0382078
0.
0.
0.
-0.142859
0.
0.
0.
0.0380377
0.
0.
0.
-0.0950319
0.
0.
0.
0.0135992
0.
0.
0.
0.0616409
0.
0.
0.
-0.0376119
0.
0.
0.
-0.0120219
0.
0.
0.
0.0109465
1.
0.
0.
0.0328034
0.390386
-0.00782951
0.000240674
-0.00099068
0.382844
0.
-0.00472393
-0.00570338
0.265201
0.
-0.00455574
-0.00688306
0.272736
0.
0.0246394
0.0342577
0.376104
0.
0.00575605
-0.00967432
0.265344
0.
0.0172401
-0.00165348
0.288483
0.
-0.00379385
0.0344557
0.267392
0.0246804
0.
0.0319892
0.384199
0.0171384
0.
-0.00333431
0.252065
0.0163853
0.
-0.0107282
0.248937
0.00843437
0.
0.0321742
0.382196
0.0167447
0.
-0.00365953
0.260446
0.0185657
0.
-0.00659201
0.252496
0.0269162
-0.0537034
-0.000101346
0.248885
-0.0235675
0.0213599
-0.00374363
0.372086
-0.0207599
-0.09652
-0.00369227
0.435919
-0.172793
-0.174835
0.0868335
0.364165
0.163557
-0.182
0.0528423
0.331915
-0.0592442
0.0224711
0.0134411
0.370869
0.136156
0.122155
0.0618339
0.298847
-0.0159447
-0.0312182
-0.00762686
0.412295
0.00215445
-0.0590477
-0.000911745
0.25351
0.0180359
0.0333758
0.0154389
0.406551
0.0234295
0.0681747
-0.000918423
0.332423
-0.140707
0.155741
0.0680265
0.427015
-0.0113117
2.29707e-05
0.00664971
0.310386
0.0595695
0.0892847
-0.0800258
0.360397
0.0492813
0.155714
0.0541578
