Vec Object: 1 MPI process
  type: seq
0.
0.
0.
-0.0911428
0.
0.
0.
0.0210164
0.166812
-0.167356
0.
-0.0595082
0.174188
-0.178931
0.
-0.0595741
0.189321
0.205953
0.
-0.0500848
0.180586
0.164421
0.
-0.0529643
0.388855
0.00869522
0.
0.000883502
0.375781
0.00839322
0.
0.00829466
0.391084
-0.0212019
0.
0.00896473
0.397929
-0.016978
0.
0.00574557
0.
0.
0.
-0.0227732
0.
0.
0.
-0.0631434
0.318991
-0.0572688
0.
-0.013915
0.318206
0.0892973
0.
0.00345936
0.323914
-0.0510245
0.
-0.013327
0.321974
0.111964
0.
0.0178211
0.350589
0.0740836
0.
-0.00319467
0.322172
-0.102979
0.
0.0140173
0.318918
0.0380226
0.
-0.0138011
0.320098
-0.0625288
0.
-0.00232926
0.
0.
0.
-0.120835
0.
0.
0.
0.0131709
0.
0.
0.
-0.0120974
0.
0.
0.
0.140341
0.
0.
0.
-0.0469689
0.
0.
0.
-0.148599
0.
0.
0.
-0.225483
0.
0.
0.
0.00434301
0.
0.
0.
-0.0485567
0.
0.
0.
-0.0347962
0.
0.
0.
-0.16
0.
0.
0.
0.0324507
0.
0.
0.
-0.093784
0.
0.
0.
0.00595596
0.
0.
0.
0.0977905
0.
0.
0.
-0.00913145
0.
0.
0.
-0.0112662
0.
0.
0.
0.0106131
1.
0.
0.
0.0386567
0.394301
-0.00815702
-0.000155715
-0.00228245
0.380802
0.
-0.00419037
-0.00484624
0.267638
0.
-0.00350103
-0.00993418
0.288072
0.
0.0218352
0.0409761
0.377498
0.
0.00530083
-0.0100328
0.269057
0.
0.0154287
-0.00697914
0.301699
0.
-0.00511057
0.0458205
0.286639
0.0221668
0.
0.0438561
0.382454
0.0178655
0.
-0.00250888
0.254271
0.0191731
0.
-0.0138468
0.267272
0.0047637
0.
0.0415993
0.382912
0.0158969
0.
-0.00335277
0.26268
0.0179679
0.
-0.0114704
0.250147
0.0244863
-0.0551222
-0.00302582
0.248864
-0.0252579
0.0231165
-0.0111289
0.370524
-0.0224101
-0.0825597
0.00154161
0.429705
-0.157997
-0.162693
0.103284
0.357883
0.149417
-0.168707
0.0658386
0.339855
-0.0424103
0.0253619
0.021046
0.3649
0.129642
0.110469
0.0766403
0.287724
-0.0160501
-0.0304202
-0.0070771
0.409809
0.00205009
-0.0543633
0.00411159
0.256042
0.0211663
0.032873
0.00820252
0.389479
0.0147628
0.0561072
0.00422072
0.32251
-0.128901
0.14767
0.0791485
0.415619
-0.0104141
-0.00322667
0.0131565
0.3178
0.0318483
0.0813775
-0.0810582
0.351014
0.0443694
0.150521
0.0673687
