Vec Object: 1 MPI process
  type: seq
0.
0.
0.
-0.111646
0.
0.
0.
0.15383
0.149261
-0.168503
0.
-0.125441
0.164476
-0.177729
0.
-0.104881
0.195797
0.197225
0.
-0.0692835
0.164455
0.171935
0.
-0.130656
0.381215
0.0165028
0.
0.0291676
0.372181
0.0138103
0.
0.0159933
0.386435
-0.0195197
0.
0.0151422
0.38795
-0.0265769
0.
0.0379517
0.
0.
0.
-0.0591667
0.
0.
0.
-0.153073
0.289542
-0.0508159
0.
-0.0173324
0.324142
0.081033
0.
-0.0126597
0.295921
-0.0475851
0.
0.0060453
0.326762
0.114588
0.
0.00673835
0.32038
0.0600002
0.
0.0188651
0.325806
-0.100509
0.
-0.000256391
0.290675
0.0473562
0.
-0.0319766
0.322805
-0.0592353
0.
-0.0213451
0.
0.
0.
-0.0772889
0.
0.
0.
-0.0724697
0.
0.
0.
0.131432
0.
0.
0.
0.0336466
0.
0.
0.
-0.126478
0.
0.
0.
-0.06894
0.
0.
0.
-0.000757901
0.
0.
0.
0.245003
0.
0.
0.
0.211387
0.
0.
0.
0.130735
0.
0.
0.
-0.0237735
0.
0.
0.
0.072219
0.
0.
0.
0.08801
0.
0.
0.
-0.0100913
0.
0.
0.
0.390736
0.
0.
0.
0.295671
0.
0.
0.
0.171556
0.
0.
0.
-0.00885747
1.
0.
0.
0.0566231
0.40322
-0.00859811
-0.00147125
0.0138512
0.375671
0.
-0.000965043
-0.0049411
0.280476
0.
0.000847508
-0.0436358
0.359915
0.
0.0093952
0.0885609
0.382144
0.
0.00123105
-0.0129258
0.282708
0.
0.00718657
-0.051069
0.358045
0.
-0.00837261
0.118944
0.370968
0.00830858
0.
0.129758
0.379487
0.0209985
0.
-0.00280433
0.268806
0.0253713
0.
-0.0494935
0.343041
-0.00389907
0.
0.123271
0.385796
0.00885434
0.
-0.00483323
0.274841
0.00937243
0.
-0.0581677
0.240752
0.00671791
-0.0397132
-0.0431481
0.247298
-0.0157117
0.0169637
-0.0763175
0.328253
-0.0348454
-0.0243256
0.0426815
0.432648
-0.0668545
-0.0996731
0.214402
0.373786
0.0641724
-0.0991128
0.165844
0.283812
0.0325641
0.022365
0.0855585
0.348777
0.0664669
0.056504
0.199122
0.236754
-0.00335033
-0.0241302
-0.0132756
0.340694
-9.7677e-05
-0.0169651
0.0469794
0.255766
0.00522166
0.0221971
-0.0470912
0.305444
-0.0183616
0.0165758
0.0589045
0.3115
-0.0573244
0.0950468
0.17204
0.333462
0.00167663
-0.013107
0.0790397
0.243965
-0.0580321
0.0270088
0.044743
0.331855
0.00906858
0.0957933
0.191789
