Vec Object: 1 MPI process
  type: seq
0.
0.
0.
-0.122591
0.
0.
0.
0.0751054
0.156798
-0.167707
0.
-0.0986681
0.169282
-0.177568
0.
-0.0852679
0.191641
0.201329
0.
-0.0668706
0.171349
0.168717
0.
-0.100109
0.385591
0.0117952
0.
0.0102877
0.374595
0.0105297
0.
0.00551307
0.388965
-0.0190922
0.
0.00574577
0.393181
-0.0213936
0.
0.0182098
0.
0.
0.
-0.0464979
0.
0.
0.
-0.114091
0.301171
-0.0544145
0.
-0.0179848
0.322125
0.086179
0.
0.00115114
0.306624
-0.0501043
0.
-0.00197728
0.324837
0.116799
0.
0.0201172
0.331932
0.0662184
0.
0.0100564
0.324276
-0.104524
0.
0.0143405
0.302546
0.0446209
0.
-0.0268053
0.321414
-0.0624466
0.
-0.00487628
0.
0.
0.
-0.127376
0.
0.
0.
-0.0439163
0.
0.
0.
0.0449306
0.
0.
0.
0.0678134
0.
0.
0.
-0.0965665
0.
0.
0.
-0.134776
0.
0.
0.
-0.128598
0.
0.
0.
0.12044
0.
0.
0.
0.0770924
0.
0.
0.
0.0350512
0.
0.
0.
-0.12656
0.
0.
0.
0.0381954
0.
0.
0.
-0.0190183
0.
0.
0.
-0.0119961
0.
0.
0.
0.255794
0.
0.
0.
0.14622
0.
0.
0.
0.0618979
0.
0.
0.
-0.00115734
1.
0.
0.
0.0504863
0.401705
-0.00853141
-0.00101149
-0.00214844
0.376079
0.
-0.00224091
-0.0025897
0.275804
0.
-0.000656232
-0.0234738
0.331712
0.
0.0138871
0.0662813
0.379499
0.
0.00298701
-0.0106547
0.278402
0.
0.0102108
-0.0276353
0.337424
0.
-0.00754811
0.0870206
0.339369
0.0136639
0.
0.0920965
0.378866
0.0202636
0.
-0.000335374
0.263249
0.0242865
0.
-0.0285065
0.315068
-0.00222741
0.
0.0836773
0.383429
0.0118851
0.
-0.00290414
0.270259
0.0131293
0.
-0.0328485
0.244252
0.0146651
-0.049201
-0.0231152
0.248239
-0.0214838
0.0216675
-0.0445341
0.350482
-0.0301838
-0.0433161
0.0234984
0.42518
-0.104106
-0.125332
0.165559
0.360891
0.0990275
-0.1265
0.120954
0.320434
0.0107188
0.0271358
0.0546478
0.352451
0.09616
0.075305
0.141555
0.255997
-0.0109212
-0.027274
-0.0102755
0.377395
0.00104969
-0.0314278
0.0256646
0.258016
0.0160056
0.0280432
-0.0225557
0.338837
-0.00798811
0.0278405
0.0308896
0.309764
-0.0870112
0.118005
0.127765
0.368673
-0.0035513
-0.0116936
0.0470964
0.292175
-0.0394256
0.0468303
-0.0342035
0.335452
0.0237836
0.121506
0.131087
