Vec Object: 1 MPI process
  type: seq
0.
0.
0.
-0.0940006
0.
0.
0.
0.213733
0.145976
-0.167562
0.
-0.130444
0.162095
-0.176927
0.
-0.10814
0.200881
0.192518
0.
-0.0550132
0.161488
0.172698
0.
-0.138424
0.375508
0.022338
0.
0.0595983
0.368216
0.0185894
0.
0.0395921
0.38162
-0.022948
0.
0.0428416
0.381931
-0.0324421
0.
0.0678468
0.
0.
0.
-0.0710872
0.
0.
0.
-0.182445
0.282055
-0.049894
0.
-0.0285959
0.325454
0.0749899
0.
-0.0346576
0.28908
-0.0477528
0.
-0.00270615
0.328193
0.108894
0.
-0.0170955
0.313115
0.058079
0.
0.0110941
0.32697
-0.0938222
0.
-0.0245896
0.282601
0.0497742
0.
-0.0427752
0.323619
-0.0547791
0.
-0.0463667
0.
0.
0.
-0.0280641
0.
0.
0.
-0.0881977
0.
0.
0.
0.198349
0.
0.
0.
0.0197787
0.
0.
0.
-0.145215
0.
0.
0.
-0.00961838
0.
0.
0.
0.0985459
0.
0.
0.
0.336087
0.
0.
0.
0.308558
0.
0.
0.
0.203006
0.
0.
0.
0.0655662
0.
0.
0.
0.0998977
0.
0.
0.
0.169688
0.
0.
0.
-0.00872074
0.
0.
0.
0.484876
0.
0.
0.
0.402087
0.
0.
0.
0.2586
0.
0.
0.
-0.0198507
1.
0.
0.
0.0731365
0.401875
-0.00840496
-0.00161839
0.0464307
0.37764
0.
-0.000193541
-0.00838034
0.282923
0.
0.00160452
-0.0730483
0.376301
0.
0.00692784
0.10575
0.38629
0.
0.000264938
-0.0132945
0.284638
0.
0.00559967
-0.0815725
0.368772
0.
-0.00843661
0.14252
0.388573
0.00521959
0.
0.15529
0.382436
0.0206888
0.
-0.00628185
0.271874
0.024849
0.
-0.0790085
0.358271
-0.00373081
0.
0.155034
0.390439
0.00715418
0.
-0.00490573
0.277243
0.00739623
0.
-0.0897894
0.238063
0.00186703
-0.0326152
-0.068562
0.246032
-0.0117869
0.0132908
-0.111224
0.311524
-0.0358056
-0.0156345
0.0474409
0.440051
-0.0437549
-0.0830471
0.25104
0.383666
0.0424582
-0.0822067
0.197085
0.255225
0.0389703
0.0177559
0.101834
0.347201
0.0463105
0.046813
0.240761
0.224863
0.00147913
-0.0216593
-0.0243607
0.313449
-0.000781273
-0.00980235
0.0570839
0.252932
-0.00205183
0.0179048
-0.0759164
0.284153
-0.0225297
0.0122689
0.071972
0.314702
-0.0383896
0.0797064
0.203673
0.31071
0.00457361
-0.0118507
0.0949011
0.205659
-0.0580869
0.0175848
0.106096
0.330564
8.27187e-05
0.0783415
0.236589
