Vec Object: 1 MPI process
  type: seq
0.
0.
0.
-0.0744236
0.
0.
0.
0.0201962
0.17096
-0.16842
0.
-0.0447178
0.176688
-0.180555
0.
-0.0484378
0.190287
0.208157
0.
-0.0404506
0.183754
0.163583
0.
-0.0346801
0.390178
0.00844144
0.
-0.00120017
0.377316
0.00660902
0.
0.00999505
0.393462
-0.0223008
0.
0.00913672
0.399902
-0.0159145
0.
0.00225451
0.
0.
0.
-0.0172072
0.
0.
0.
-0.0540309
0.328029
-0.058396
0.
-0.0108455
0.315507
0.0904675
0.
0.00274512
0.333378
-0.0497219
0.
-0.0154966
0.320831
0.108051
0.
0.0143979
0.360471
0.0763149
0.
-0.00538116
0.321463
-0.100884
0.
0.0112662
0.326225
0.0349351
0.
-0.00848641
0.320892
-0.0615195
0.
-0.00373833
0.
0.
0.
-0.0980495
0.
0.
0.
0.0292946
0.
0.
0.
-0.0108961
0.
0.
0.
0.154801
0.
0.
0.
-0.0388244
0.
0.
0.
-0.131106
0.
0.
0.
-0.232588
0.
0.
0.
-0.0177923
0.
0.
0.
-0.0714223
0.
0.
0.
-0.0372958
0.
0.
0.
-0.132331
0.
0.
0.
0.0405656
0.
0.
0.
-0.0925799
0.
0.
0.
0.0167646
0.
0.
0.
0.0481274
0.
0.
0.
-0.0467053
0.
0.
0.
-0.00978424
0.
0.
0.
0.0100931
1.
0.
0.
0.0298866
0.388244
-0.0076017
0.000471617
-0.000439451
0.383813
0.
-0.00493591
-0.00595719
0.2642
0.
-0.00507988
-0.00566426
0.26531
0.
0.0259274
0.0313532
0.375159
0.
0.00588632
-0.00931059
0.263521
0.
0.0181098
0.000434953
0.282042
0.
-0.00299437
0.0298246
0.258059
0.0256812
0.
0.0274276
0.385059
0.0168494
0.
-0.00357259
0.251368
0.0147799
0.
-0.00960142
0.239702
0.010431
0.
0.0285724
0.381621
0.0170155
0.
-0.00366868
0.259492
0.0185495
0.
-0.00474269
0.253507
0.0280114
-0.0524468
0.000539541
0.248683
-0.0220104
0.0201314
-0.00119873
0.371759
-0.0202399
-0.102727
-0.00574897
0.439561
-0.178624
-0.18044
0.0801337
0.368745
0.169278
-0.187805
0.0479386
0.325602
-0.0653503
0.0209868
0.0106365
0.373896
0.138311
0.127017
0.0562328
0.30395
-0.015817
-0.031624
-0.00815139
0.412022
0.00216977
-0.0602243
-0.00292971
0.251828
0.0155634
0.0335579
0.0179076
0.414591
0.0273922
0.0740777
-0.00276866
0.338224
-0.145567
0.159103
0.0636711
0.431174
-0.0113106
0.00131253
0.00436229
0.304699
0.0706671
0.0913881
-0.0779161
0.365783
0.0508663
0.157134
0.0493361
