Vec Object: 1 MPI process
  type: seq
0.
0.
0.
-0.0825057
0.
0.
0.
0.0191263
0.168681
-0.167691
0.
-0.0525308
0.175194
-0.179558
0.
-0.0546678
0.189529
0.206925
0.
-0.0458504
0.182133
0.163875
0.
-0.0441902
0.389448
0.00845779
0.
-0.000176433
0.37629
0.00774695
0.
0.00927478
0.391973
-0.021683
0.
0.00931353
0.398815
-0.0164029
0.
0.00404571
0.
0.
0.
-0.0194011
0.
0.
0.
-0.0573818
0.322942
-0.0577217
0.
-0.0124177
0.317102
0.0897797
0.
0.00312591
0.327995
-0.0506046
0.
-0.0146348
0.321415
0.110316
0.
0.0162992
0.354891
0.0752223
0.
-0.00456292
0.321814
-0.102114
0.
0.0128353
0.322194
0.036581
0.
-0.0111263
0.320259
-0.0621468
0.
-0.00292858
0.
0.
0.
-0.110922
0.
0.
0.
0.0221806
0.
0.
0.
-0.0132781
0.
0.
0.
0.150259
0.
0.
0.
-0.0411721
0.
0.
0.
-0.141553
0.
0.
0.
-0.231355
0.
0.
0.
-0.00810279
0.
0.
0.
-0.0617045
0.
0.
0.
-0.0379377
0.
0.
0.
-0.149888
0.
0.
0.
0.0360144
0.
0.
0.
-0.0957114
0.
0.
0.
0.0110316
0.
0.
0.
0.0731767
0.
0.
0.
-0.0290686
0.
0.
0.
-0.0127601
0.
0.
0.
0.0111676
1.
0.
0.
0.0349225
0.391853
-0.00796594
8.90477e-05
-0.00143493
0.382122
0.
-0.00454931
-0.00544477
0.266012
0.
-0.00417946
-0.00788413
0.278171
0.
0.0236628
0.0365231
0.376676
0.
0.00562294
-0.00985527
0.266671
0.
0.0166022
-0.00339999
0.293182
0.
-0.00430538
0.038222
0.274225
0.0238511
0.
0.0358207
0.383573
0.0173765
0.
-0.0030868
0.252739
0.0174472
0.
-0.0117162
0.255542
0.00706393
0.
0.0351976
0.382517
0.0164882
0.
-0.00358798
0.261198
0.0184484
0.
-0.00816278
0.251684
0.0260971
-0.0544063
-0.000868725
0.248926
-0.0243978
0.0221117
-0.00603621
0.371882
-0.0212536
-0.0917133
-0.00198113
0.433493
-0.167944
-0.170611
0.0922661
0.361444
0.15888
-0.17747
0.0570037
0.335587
-0.0538254
0.0235524
0.0158725
0.368698
0.134178
0.118219
0.0665737
0.294973
-0.016036
-0.0309359
-0.00732202
0.411919
0.00212902
-0.0577222
0.000742944
0.254545
0.0194612
0.0332336
0.0131977
0.400567
0.0204046
0.0638519
0.000699397
0.328583
-0.136779
0.153047
0.0716273
0.423395
-0.0111263
-0.00105965
0.00866558
0.313801
0.0502833
0.086992
-0.0810252
0.356808
0.0477673
0.154223
0.0583145
