Vec Object: 1 MPI process
  type: seq
0.
0.
0.
-0.0824494
0.
0.
0.
0.0191226
0.168694
-0.167694
0.
-0.0524832
0.175201
-0.179563
0.
-0.0546327
0.189532
0.206932
0.
-0.0458198
0.182144
0.163872
0.
-0.0441309
0.389452
0.00845675
0.
-0.000183226
0.376295
0.0077416
0.
0.00928075
0.391981
-0.0216864
0.
0.00931455
0.398821
-0.0163994
0.
0.00403445
0.
0.
0.
-0.0193819
0.
0.
0.
-0.0573505
0.32297
-0.0577251
0.
-0.0124075
0.317094
0.0897833
0.
0.00312347
0.328025
-0.0506007
0.
-0.0146422
0.321411
0.110303
0.
0.0162882
0.354923
0.0752295
0.
-0.00457042
0.321812
-0.102107
0.
0.0128265
0.322218
0.036571
0.
-0.0111088
0.320262
-0.0621437
0.
-0.00293315
0.
0.
0.
-0.110848
0.
0.
0.
0.0222351
0.
0.
0.
-0.0132754
0.
0.
0.
0.150312
0.
0.
0.
-0.0411426
0.
0.
0.
-0.141497
0.
0.
0.
-0.231381
0.
0.
0.
-0.0081761
0.
0.
0.
-0.0617807
0.
0.
0.
-0.0379473
0.
0.
0.
-0.1498
0.
0.
0.
0.0360414
0.
0.
0.
-0.0957096
0.
0.
0.
0.0110667
0.
0.
0.
0.0730151
0.
0.
0.
-0.0291923
0.
0.
0.
-0.0127566
0.
0.
0.
0.0111671
1.
0.
0.
0.0348947
0.391834
-0.00796429
9.09632e-05
-0.0014289
0.382132
0.
-0.00455173
-0.00544855
0.266001
0.
-0.0041844
-0.00787032
0.278099
0.
0.0236759
0.0364924
0.37667
0.
0.00562491
-0.00985331
0.266654
0.
0.0166107
-0.00337583
0.29312
0.
-0.00429898
0.0381703
0.274134
0.0238625
0.
0.0357674
0.383582
0.0173732
0.
-0.00309043
0.252729
0.0174337
0.
-0.0117023
0.255456
0.00708154
0.
0.0351554
0.382513
0.0164919
0.
-0.00358924
0.261188
0.0184506
0.
-0.00814087
0.251694
0.0261082
-0.0543984
-0.000856757
0.248926
-0.0243886
0.0221027
-0.00600356
0.371887
-0.0212464
-0.091778
-0.0020048
0.433524
-0.168011
-0.170668
0.0921915
0.361476
0.158944
-0.177531
0.0569455
0.335544
-0.0539015
0.0235383
0.0158384
0.368727
0.134206
0.118272
0.0665075
0.295025
-0.016035
-0.0309396
-0.00732538
0.411927
0.00212943
-0.0577422
0.000720163
0.254532
0.0194446
0.0332357
0.0132297
0.400646
0.020445
0.0639088
0.000676581
0.328631
-0.136833
0.153083
0.0715774
0.423446
-0.0111298
-0.00104473
0.00863695
0.313761
0.0504109
0.0870263
-0.0810159
0.356854
0.0477891
0.154245
0.0582559
