Vec Object: 1 MPI process
  type: seq
0.
0.
0.
-0.0751695
0.
0.
0.
0.0199121
0.170689
-0.168313
0.
-0.0455911
0.176491
-0.180421
0.
-0.0491908
0.190164
0.208008
0.
-0.0410965
0.183579
0.16359
0.
-0.0357118
0.390092
0.00842457
0.
-0.00109587
0.377167
0.00676777
0.
0.00994775
0.393261
-0.0222246
0.
0.00919658
0.399774
-0.0159581
0.
0.00244951
0.
0.
0.
-0.0173435
0.
0.
0.
-0.0542137
0.32741
-0.058307
0.
-0.0110073
0.315712
0.0903769
0.
0.00278269
0.332717
-0.0498489
0.
-0.0154426
0.320891
0.108334
0.
0.0146209
0.359791
0.0762035
0.
-0.00533547
0.321499
-0.101038
0.
0.0114547
0.325744
0.035121
0.
-0.00875208
0.320788
-0.0616033
0.
-0.00364314
0.
0.
0.
-0.0995352
0.
0.
0.
0.0287109
0.
0.
0.
-0.0113519
0.
0.
0.
0.154788
0.
0.
0.
-0.0388017
0.
0.
0.
-0.132374
0.
0.
0.
-0.232763
0.
0.
0.
-0.016956
0.
0.
0.
-0.0706336
0.
0.
0.
-0.0375918
0.
0.
0.
-0.134603
0.
0.
0.
0.0400687
0.
0.
0.
-0.0932195
0.
0.
0.
0.0161332
0.
0.
0.
0.0507623
0.
0.
0.
-0.0450258
0.
0.
0.
-0.0103471
0.
0.
0.
0.0103211
1.
0.
0.
0.0305004
0.388709
-0.00765387
0.000420508
-0.000549209
0.383611
0.
-0.00489376
-0.00591388
0.2644
0.
-0.00496807
-0.00590651
0.266875
0.
0.0256611
0.0319477
0.375375
0.
0.00586381
-0.00939915
0.263905
0.
0.0179263
2.55678e-05
0.283402
0.
-0.00317359
0.0307495
0.260025
0.0254839
0.
0.0283249
0.384877
0.0169069
0.
-0.00353265
0.251492
0.0151344
0.
-0.00981702
0.24167
0.00999819
0.
0.0292829
0.381755
0.016966
0.
-0.00367604
0.259686
0.0185699
0.
-0.0051033
0.253307
0.0277798
-0.0527364
0.000439126
0.248743
-0.0223791
0.020408
-0.00167918
0.371885
-0.0203353
-0.101458
-0.00534395
0.438766
-0.177475
-0.179276
0.0814764
0.367699
0.168139
-0.186621
0.0488985
0.327042
-0.0642012
0.0212958
0.0111754
0.373254
0.137907
0.126049
0.0573317
0.302896
-0.0158393
-0.0315355
-0.00803572
0.412148
0.00216844
-0.0600377
-0.0025292
0.25221
0.0161322
0.033518
0.0174439
0.412911
0.0265778
0.0728382
-0.00241362
0.33695
-0.144594
0.158426
0.0645371
0.430374
-0.0113359
0.00106196
0.00480227
0.305975
0.0685096
0.0910467
-0.0784148
0.364601
0.0505826
0.156893
0.0502745
