Vec Object: 1 MPI process
  type: seq
0.
0.
0.
-0.0846648
0.
0.
0.
0.0193559
0.168191
-0.167583
0.
-0.054323
0.174915
-0.179379
0.
-0.0559708
0.189442
0.206666
0.
-0.0469844
0.181744
0.163997
0.
-0.0464319
0.389291
0.00850331
0.
8.37219e-05
0.376132
0.00793782
0.
0.009041
0.391713
-0.0215553
0.
0.00926017
0.398581
-0.0165406
0.
0.00447268
0.
0.
0.
-0.0201657
0.
0.
0.
-0.0586448
0.321886
-0.0575963
0.
-0.0128022
0.317408
0.0896488
0.
0.00321695
0.326895
-0.0507398
0.
-0.0143375
0.321557
0.110767
0.
0.0167069
0.353738
0.0749429
0.
-0.00426084
0.321903
-0.102354
0.
0.0131591
0.321332
0.0369542
0.
-0.0117949
0.32019
-0.0622585
0.
-0.00276064
0.
0.
0.
-0.113652
0.
0.
0.
0.0200514
0.
0.
0.
-0.0132732
0.
0.
0.
0.148102
0.
0.
0.
-0.0423938
0.
0.
0.
-0.143599
0.
0.
0.
-0.23025
0.
0.
0.
-0.00522407
0.
0.
0.
-0.0586966
0.
0.
0.
-0.0374567
0.
0.
0.
-0.152997
0.
0.
0.
0.0350188
0.
0.
0.
-0.0956269
0.
0.
0.
0.00971174
0.
0.
0.
0.0793261
0.
0.
0.
-0.0242826
0.
0.
0.
-0.0127576
0.
0.
0.
0.0111411
1.
0.
0.
0.0359444
0.392538
-0.00802405
1.97032e-05
-0.0016603
0.381768
0.
-0.00445803
-0.00529859
0.266431
0.
-0.0039968
-0.0084059
0.280828
0.
0.0231775
0.0376756
0.376923
0.
0.00554641
-0.00992039
0.267317
0.
0.016289
-0.00431337
0.295474
0.
-0.00453608
0.0401717
0.277562
0.0234193
0.
0.0378448
0.38327
0.017501
0.
-0.00294611
0.253114
0.0179352
0.
-0.0122472
0.258727
0.00642181
0.
0.0368003
0.382646
0.016345
0.
-0.00353623
0.261582
0.0183523
0.
-0.00899496
0.251275
0.0256829
-0.0546733
-0.00134774
0.248923
-0.0247097
0.0224293
-0.00728848
0.371643
-0.0215313
-0.089299
-0.00108574
0.432392
-0.165409
-0.168514
0.0950826
0.360311
0.156455
-0.175178
0.0592162
0.337051
-0.0509326
0.0240647
0.0171695
0.367657
0.133081
0.116202
0.0690928
0.293047
-0.0160651
-0.0307992
-0.00721213
0.41154
0.00211212
-0.0569361
0.00160272
0.254994
0.0200332
0.0331532
0.0119702
0.397614
0.0189013
0.0617515
0.00157089
0.326835
-0.134752
0.151662
0.0735212
0.421454
-0.010981
-0.00162141
0.00976388
0.31518
0.0454829
0.0856561
-0.0812882
0.355161
0.0469311
0.153354
0.0605519
