Vec Object: 1 MPI process
  type: seq
0.
0.
0.
-0.110133
0.
0.
0.
0.0357557
0.162554
-0.167199
0.
-0.0761369
0.172194
-0.177998
0.
-0.0703804
0.189808
0.203894
0.
-0.0585236
0.176702
0.166145
0.
-0.0736748
0.387547
0.00971332
0.
0.00396957
0.37522
0.00934104
0.
0.00600293
0.389877
-0.020164
0.
0.00726269
0.39596
-0.0186498
0.
0.0102791
0.
0.
0.
-0.0331544
0.
0.
0.
-0.0830996
0.310776
-0.0562899
0.
-0.016889
0.320192
0.0882078
0.
0.00368053
0.315744
-0.051166
0.
-0.00910909
0.323271
0.114912
0.
0.0204555
0.341824
0.0709572
0.
0.00162426
0.323083
-0.104347
0.
0.0157791
0.311675
0.041231
0.
-0.0202362
0.320429
-0.0629497
0.
-0.00181958
0.
0.
0.
-0.134471
0.
0.
0.
-0.0122119
0.
0.
0.
0.00262723
0.
0.
0.
0.108462
0.
0.
0.
-0.0674344
0.
0.
0.
-0.153976
0.
0.
0.
-0.196135
0.
0.
0.
0.0455471
0.
0.
0.
-0.00409788
0.
0.
0.
-0.0147218
0.
0.
0.
-0.163019
0.
0.
0.
0.0289968
0.
0.
0.
-0.0735848
0.
0.
0.
-0.00447941
0.
0.
0.
0.161896
0.
0.
0.
0.0497226
0.
0.
0.
0.00769923
0.
0.
0.
0.0061446
1.
0.
0.
0.0452956
0.398415
-0.0083853
-0.000575296
-0.0036211
0.378257
0.
-0.00332825
-0.00342671
0.271367
0.
-0.00213418
-0.015067
0.308295
0.
0.018056
0.0515011
0.378551
0.
0.00436674
-0.0100982
0.273696
0.
0.0129895
-0.0155318
0.318742
0.
-0.00641022
0.0636745
0.311606
0.0182994
0.
0.064065
0.380391
0.0190116
0.
-0.00112824
0.258225
0.0220163
0.
-0.0194226
0.290161
0.000868208
0.
0.0583571
0.383187
0.0142564
0.
-0.00277878
0.266078
0.0161115
0.
-0.0199092
0.247173
0.0204761
-0.0541017
-0.0105742
0.248573
-0.024738
0.0235787
-0.0247577
0.363871
-0.0256779
-0.0634647
0.0102912
0.42501
-0.134336
-0.145784
0.129815
0.355914
0.127221
-0.14947
0.0885594
0.338102
-0.0164538
0.0276644
0.0343554
0.358108
0.116611
0.0937164
0.102817
0.272742
-0.0148538
-0.0291936
-0.00805457
0.399279
0.00172978
-0.0446207
0.0124922
0.257801
0.0211044
0.0313678
-0.00496284
0.366246
0.00345203
0.0415123
0.0139845
0.313865
-0.110536
0.134999
0.0985748
0.395792
-0.00775157
-0.00774798
0.0259408
0.314788
-0.005943
0.0660753
-0.070408
0.341945
0.0355798
0.139291
0.0921387
