Vec Object: 1 MPI process
  type: seq
0.
0.
0.
-0.0804874
0.
0.
0.
0.270075
0.147442
-0.16259
0.
-0.100539
0.163763
-0.172406
0.
-0.0784674
0.210889
0.183253
0.
-0.00327782
0.163256
0.169414
0.
-0.110271
0.364892
0.032952
0.
0.121309
0.360301
0.0278214
0.
0.090821
0.371023
-0.0320152
0.
0.108369
0.371273
-0.0428754
0.
0.128107
0.
0.
0.
-0.101102
0.
0.
0.
-0.230077
0.274151
-0.0547654
0.
-0.0748636
0.327125
0.0653311
0.
-0.078985
0.281835
-0.0547807
0.
-0.050267
0.330195
0.0978913
0.
-0.0659118
0.305532
0.0619124
0.
-0.0294818
0.328628
-0.081954
0.
-0.0731534
0.273755
0.0568041
0.
-0.0804759
0.32435
-0.0473429
0.
-0.0947902
0.
0.
0.
0.0222255
0.
0.
0.
-0.115896
0.
0.
0.
0.263136
0.
0.
0.
0.000934097
0.
0.
0.
-0.176968
0.
0.
0.
0.0515495
0.
0.
0.
0.202769
0.
0.
0.
0.429385
0.
0.
0.
0.406162
0.
0.
0.
0.272763
0.
0.
0.
0.161696
0.
0.
0.
0.118904
0.
0.
0.
0.249912
0.
0.
0.
-0.021374
0.
0.
0.
0.586434
0.
0.
0.
0.512571
0.
0.
0.
0.351552
0.
0.
0.
-0.0522451
1.
0.
0.
0.129784
0.397187
-0.00773263
-0.00150839
0.116407
0.382594
0.
0.000592254
-0.0142061
0.285351
0.
0.00218289
-0.135454
0.388372
0.
0.00472458
0.129131
0.394381
0.
-0.000432262
-0.0106732
0.286313
0.
0.0043213
-0.143768
0.374866
0.
-0.00807619
0.174306
0.401215
0.00264832
0.
0.187073
0.38893
0.0195235
0.
-0.0118337
0.2749
0.0230856
0.
-0.139899
0.368569
-0.00243483
0.
0.197615
0.400008
0.00590918
0.
-0.00185237
0.279491
0.00617134
0.
-0.152818
0.234833
-0.00191351
-0.0252652
-0.127102
0.244179
-0.0080795
0.00948971
-0.178554
0.29248
-0.0328922
-0.00924672
0.0275649
0.447361
-0.021144
-0.0661907
0.302746
0.392424
0.0212921
-0.0656218
0.235495
0.223417
0.0391871
0.0124506
0.102148
0.344098
0.0259374
0.0387301
0.288054
0.212919
0.00388197
-0.0188092
-0.0633849
0.283414
-0.001084
-0.00443163
0.0507098
0.249203
-0.00674658
0.0134208
-0.140081
0.262242
-0.0241413
0.00979089
0.0634003
0.317243
-0.0192395
0.0640722
0.237553
0.287325
0.00700512
-0.00899599
0.0943798
0.163041
-0.0510307
0.0106914
0.161883
0.327822
-0.00854038
0.0606254
0.286875
