Vec Object: 1 MPI process
  type: seq
0.
0.
0.
-0.0761437
0.
0.
0.
0.019621
0.170366
-0.168192
0.
-0.046654
0.176264
-0.180267
0.
-0.0500849
0.19003
0.207832
0.
-0.0418667
0.183364
0.163609
0.
-0.0369808
0.389989
0.00841152
0.
-0.000965109
0.376999
0.00694839
0.
0.00987655
0.39303
-0.0221348
0.
0.00925395
0.39962
-0.0160154
0.
0.00268849
0.
0.
0.
-0.0175505
0.
0.
0.
-0.054505
0.326676
-0.0582042
0.
-0.0112104
0.315951
0.0902726
0.
0.00283112
0.331936
-0.0499926
0.
-0.0153606
0.320966
0.108667
0.
0.0148884
0.358986
0.0760642
0.
-0.00526298
0.321544
-0.10122
0.
0.0116795
0.325172
0.0353464
0.
-0.00908725
0.320674
-0.0617
0.
-0.00352851
0.
0.
0.
-0.101335
0.
0.
0.
0.0279197
0.
0.
0.
-0.011844
0.
0.
0.
0.154578
0.
0.
0.
-0.0388818
0.
0.
0.
-0.133888
0.
0.
0.
-0.232862
0.
0.
0.
-0.0158504
0.
0.
0.
-0.0695667
0.
0.
0.
-0.0378756
0.
0.
0.
-0.137268
0.
0.
0.
0.039452
0.
0.
0.
-0.0938983
0.
0.
0.
0.0153597
0.
0.
0.
0.0540315
0.
0.
0.
-0.0428744
0.
0.
0.
-0.0109575
0.
0.
0.
0.0105595
1.
0.
0.
0.0312293
0.38925
-0.00771279
0.000361654
-0.000683941
0.38337
0.
-0.00484207
-0.00585539
0.264645
0.
-0.00483659
-0.00620379
0.26873
0.
0.0253418
0.0326643
0.375619
0.
0.00583372
-0.00949574
0.264361
0.
0.017709
-0.000481379
0.285012
0.
-0.00337831
0.0318814
0.262355
0.0252404
0.
0.0294324
0.384662
0.0169773
0.
-0.00347807
0.251655
0.015543
0.
-0.0100877
0.243987
0.00949356
0.
0.0301579
0.381906
0.0169022
0.
-0.00367818
0.25992
0.0185823
0.
-0.00555096
0.253059
0.0275068
-0.0530635
0.000297355
0.248801
-0.0227881
0.020724
-0.002287
0.371996
-0.020458
-0.0999262
-0.00484392
0.437841
-0.176057
-0.177884
0.0831155
0.366515
0.166742
-0.18519
0.0500865
0.328678
-0.0627412
0.0216658
0.0118507
0.372495
0.137394
0.124861
0.0586897
0.301632
-0.0158701
-0.031433
-0.00790081
0.412252
0.00216553
-0.0597741
-0.00203699
0.252643
0.0167741
0.0334724
0.0168555
0.410909
0.0255971
0.071365
-0.00196861
0.335475
-0.143405
0.157602
0.0655988
0.429373
-0.0113483
0.000749616
0.00535211
0.307439
0.0658205
0.0905713
-0.0789726
0.363233
0.0502106
0.156567
0.0514392
