Vec Object: 1 MPI process
  type: seq
0.
0.
0.
-0.0748381
0.
0.
0.
0.0200309
0.170806
-0.168359
0.
-0.0452106
0.176576
-0.180478
0.
-0.0488648
0.190216
0.208073
0.
-0.0408166
0.183655
0.163586
0.
-0.035261
0.390129
0.00843121
0.
-0.00114167
0.377231
0.00669981
0.
0.00996966
0.393347
-0.0222575
0.
0.00917196
0.399829
-0.0159387
0.
0.0023644
0.
0.
0.
-0.0172803
0.
0.
0.
-0.0541277
0.327678
-0.0583453
0.
-0.0109362
0.315624
0.0904158
0.
0.00276605
0.333003
-0.0497946
0.
-0.0154677
0.320864
0.108212
0.
0.0145241
0.360085
0.0762524
0.
-0.00535694
0.321483
-0.100972
0.
0.011373
0.325952
0.0350401
0.
-0.00863521
0.320832
-0.0615673
0.
-0.00368451
0.
0.
0.
-0.0988884
0.
0.
0.
0.0289728
0.
0.
0.
-0.0111589
0.
0.
0.
0.154812
0.
0.
0.
-0.0388015
0.
0.
0.
-0.131824
0.
0.
0.
-0.232697
0.
0.
0.
-0.0173284
0.
0.
0.
-0.0709871
0.
0.
0.
-0.0374698
0.
0.
0.
-0.133622
0.
0.
0.
0.0402865
0.
0.
0.
-0.0929499
0.
0.
0.
0.0164088
0.
0.
0.
0.0496084
0.
0.
0.
-0.0457676
0.
0.
0.
-0.0101086
0.
0.
0.
0.0102254
1.
0.
0.
0.0302347
0.388508
-0.00763158
0.000442456
-0.000501268
0.383699
0.
-0.00491216
-0.0059333
0.264313
0.
-0.00501634
-0.00580073
0.266198
0.
0.0257767
0.0316893
0.375283
0.
0.00587387
-0.00936164
0.263739
0.
0.0180056
0.000204786
0.282814
0.
-0.0030968
0.030346
0.259174
0.0255702
0.
0.0279325
0.384956
0.0168818
0.
-0.00355062
0.251437
0.0149821
0.
-0.0097223
0.24082
0.0101847
0.
0.0289724
0.381698
0.0169879
0.
-0.00367349
0.259601
0.0185621
0.
-0.00494535
0.253394
0.0278798
-0.0526126
0.000484655
0.248718
-0.0222222
0.0202894
-0.00146769
0.371834
-0.0202931
-0.10201
-0.00552111
0.439108
-0.177978
-0.179781
0.0808909
0.368146
0.168636
-0.187136
0.0484785
0.326426
-0.0647078
0.0211617
0.0109387
0.373531
0.138085
0.126472
0.056851
0.303353
-0.0158292
-0.0315736
-0.00808565
0.412098
0.00216914
-0.0601224
-0.00270417
0.252046
0.0158891
0.033535
0.0176482
0.413638
0.0269317
0.073375
-0.00256954
0.337498
-0.145018
0.158721
0.0641591
0.430725
-0.0113266
0.00117187
0.00460926
0.305427
0.069456
0.0912011
-0.0782019
0.365109
0.0507088
0.157001
0.0498636
