Vec Object: 1 MPI process
  type: seq
0.
0.
0.
-0.116817
0.
0.
0.
0.0478831
0.160451
-0.16732
0.
-0.0844232
0.171195
-0.177746
0.
-0.0757315
0.190365
0.202942
0.
-0.0619936
0.174737
0.16708
0.
-0.0836161
0.386884
0.0103856
0.
0.00591074
0.375033
0.00973148
0.
0.00533408
0.389519
-0.0197066
0.
0.00640419
0.394982
-0.0195935
0.
0.0128784
0.
0.
0.
-0.0384309
0.
0.
0.
-0.0944634
0.307095
-0.0557074
0.
-0.0177332
0.320973
0.0875752
0.
0.00324227
0.312204
-0.0509175
0.
-0.00664386
0.323871
0.115901
0.
0.0209819
0.337989
0.069263
0.
0.00455993
0.323532
-0.104658
0.
0.0158828
0.308255
0.0426283
0.
-0.0230457
0.320761
-0.0629171
0.
-0.00231704
0.
0.
0.
-0.135254
0.
0.
0.
-0.0247336
0.
0.
0.
0.0154977
0.
0.
0.
0.0923389
0.
0.
0.
-0.0785641
0.
0.
0.
-0.15033
0.
0.
0.
-0.174613
0.
0.
0.
0.0708925
0.
0.
0.
0.0233888
0.
0.
0.
0.000919981
0.
0.
0.
-0.15447
0.
0.
0.
0.030508
0.
0.
0.
-0.0566735
0.
0.
0.
-0.008243
0.
0.
0.
0.195667
0.
0.
0.
0.08336
0.
0.
0.
0.0242671
0.
0.
0.
0.00334012
1.
0.
0.
0.0476274
0.399864
-0.00844861
-0.00074532
-0.00365641
0.377288
0.
-0.00291433
-0.00291448
0.27309
0.
-0.00154806
-0.0178661
0.317264
0.
0.0164183
0.0568225
0.37889
0.
0.00386329
-0.0101832
0.275603
0.
0.0119086
-0.0198211
0.326055
0.
-0.00688697
0.0723337
0.322408
0.0165153
0.
0.0743463
0.379659
0.0195261
0.
-0.000630927
0.26015
0.023017
0.
-0.0224736
0.299894
-0.000500925
0.
0.0673297
0.383224
0.0133885
0.
-0.0026658
0.267681
0.0150308
0.
-0.0243992
0.245999
0.0183759
-0.0526349
-0.0150399
0.248452
-0.0237451
0.0231222
-0.0319012
0.359382
-0.0273772
-0.0553527
0.0149135
0.424365
-0.122945
-0.138037
0.142993
0.357032
0.116594
-0.140674
0.100336
0.333067
-0.00529846
0.0278794
0.0414674
0.355636
0.109357
0.086415
0.116664
0.266218
-0.0136654
-0.0285278
-0.00891764
0.392002
0.00150816
-0.0396131
0.0170158
0.258102
0.0197026
0.0302904
-0.0115796
0.355777
-0.00120273
0.0358142
0.01966
0.311592
-0.101712
0.128745
0.108935
0.385763
-0.00622149
-0.00950177
0.0332504
0.308378
-0.0205492
0.058609
-0.059795
0.338995
0.0311789
0.132976
0.105806
