Vec Object: 1 MPI process
  type: seq
0.
0.
0.
-0.0763083
0.
0.
0.
0.0195794
0.170314
-0.168174
0.
-0.0468267
0.176228
-0.180243
0.
-0.050228
0.190009
0.207804
0.
-0.0419903
0.183329
0.163613
0.
-0.0371882
0.389972
0.00841012
0.
-0.000943483
0.376973
0.00697651
0.
0.00986367
0.392994
-0.0221206
0.
0.00926175
0.399595
-0.0160251
0.
0.0027275
0.
0.
0.
-0.0175883
0.
0.
0.
-0.0545593
0.326559
-0.058188
0.
-0.0112439
0.315989
0.0902562
0.
0.00283922
0.331811
-0.0500149
0.
-0.0153456
0.320979
0.10872
0.
0.0149315
0.358857
0.0760412
0.
-0.0052495
0.321551
-0.101249
0.
0.0117156
0.32508
0.0353829
0.
-0.00914286
0.320657
-0.0617152
0.
-0.00351002
0.
0.
0.
-0.101627
0.
0.
0.
0.0277832
0.
0.
0.
-0.0119174
0.
0.
0.
0.154525
0.
0.
0.
-0.0389056
0.
0.
0.
-0.134131
0.
0.
0.
-0.232867
0.
0.
0.
-0.0156618
0.
0.
0.
-0.0693825
0.
0.
0.
-0.0379138
0.
0.
0.
-0.13769
0.
0.
0.
0.0393509
0.
0.
0.
-0.0939983
0.
0.
0.
0.0152336
0.
0.
0.
0.0545689
0.
0.
0.
-0.042514
0.
0.
0.
-0.0110488
0.
0.
0.
0.0105942
1.
0.
0.
0.0313459
0.389336
-0.00772192
0.000352416
-0.000705928
0.383332
0.
-0.00483363
-0.00584533
0.264685
0.
-0.00481567
-0.00625233
0.269026
0.
0.0252904
0.0327801
0.375657
0.
0.00582857
-0.00951034
0.264434
0.
0.0176743
-0.000564561
0.285269
0.
-0.00341029
0.0320659
0.262728
0.0252005
0.
0.0296139
0.384628
0.0169888
0.
-0.00346863
0.251683
0.0156072
0.
-0.0101325
0.244356
0.00941373
0.
0.0303012
0.381929
0.0168914
0.
-0.00367788
0.259958
0.0185831
0.
-0.00562454
0.253019
0.0274632
-0.0531141
0.000272289
0.248809
-0.0228507
0.0207733
-0.00238805
0.372009
-0.0204786
-0.0996785
-0.00476201
0.437695
-0.175825
-0.17766
0.0833824
0.366331
0.166515
-0.184959
0.0502815
0.328931
-0.0624982
0.0217252
0.0119623
0.372374
0.137309
0.124667
0.0589125
0.301428
-0.0158754
-0.0314168
-0.00787959
0.412264
0.00216493
-0.0597277
-0.00195659
0.25271
0.0168734
0.0334652
0.0167575
0.410588
0.0254389
0.0711291
-0.00189505
0.335243
-0.143211
0.157468
0.0657721
0.429208
-0.0113486
0.000698206
0.00544293
0.307668
0.065378
0.0904882
-0.079058
0.363017
0.0501476
0.156511
0.0516308
