Vec Object: 1 MPI process
  type: seq
0.
0.
0.
-0.111207
0.
0.
0.
0.0372779
0.162259
-0.167209
0.
-0.077298
0.172057
-0.177955
0.
-0.0711254
0.189876
0.203759
0.
-0.0590376
0.176427
0.166275
0.
-0.0750851
0.387456
0.00980151
0.
0.00422185
0.375194
0.00939544
0.
0.00588254
0.389821
-0.0200968
0.
0.00713335
0.395824
-0.018778
0.
0.010627
0.
0.
0.
-0.0339084
0.
0.
0.
-0.0846679
0.310247
-0.0562144
0.
-0.0170376
0.320308
0.0881248
0.
0.00364649
0.315231
-0.0511422
0.
-0.00877596
0.323357
0.11507
0.
0.020567
0.341269
0.070724
0.
0.00201902
0.323147
-0.104406
0.
0.0158303
0.311189
0.0414365
0.
-0.0206532
0.320471
-0.062955
0.
-0.00185311
0.
0.
0.
-0.134825
0.
0.
0.
-0.0140066
0.
0.
0.
0.00422666
0.
0.
0.
0.106153
0.
0.
0.
-0.0689977
0.
0.
0.
-0.153715
0.
0.
0.
-0.193371
0.
0.
0.
0.0489297
0.
0.
0.
-0.000431033
0.
0.
0.
-0.0127345
0.
0.
0.
-0.162194
0.
0.
0.
0.029075
0.
0.
0.
-0.0714604
0.
0.
0.
-0.0050731
0.
0.
0.
0.166571
0.
0.
0.
0.0542917
0.
0.
0.
0.00976127
0.
0.
0.
0.00575594
1.
0.
0.
0.0456576
0.398638
-0.00839529
-0.000600094
-0.00365754
0.378109
0.
-0.00326932
-0.00334366
0.271614
0.
-0.00204866
-0.0154459
0.309586
0.
0.0178178
0.0522418
0.378602
0.
0.00429694
-0.0101042
0.273977
0.
0.0128333
-0.0161289
0.319806
0.
-0.00648204
0.0648973
0.313173
0.0180432
0.
0.0655025
0.380277
0.0190869
0.
-0.00104736
0.2585
0.0221701
0.
-0.0198367
0.291577
0.00065725
0.
0.0595921
0.383193
0.0141357
0.
-0.0027533
0.266307
0.0159631
0.
-0.0205253
0.246999
0.020185
-0.0539261
-0.0111827
0.248555
-0.0246191
0.0235365
-0.0257504
0.363279
-0.0259166
-0.0622738
0.0109256
0.424861
-0.13272
-0.144677
0.131666
0.356007
0.125712
-0.148208
0.090198
0.337526
-0.0148085
0.0277279
0.0353311
0.357729
0.115617
0.0926518
0.10473
0.271796
-0.0147083
-0.0291029
-0.00817056
0.398325
0.001701
-0.0439139
0.0131081
0.257861
0.0209502
0.0312286
-0.00589726
0.364743
0.00276389
0.0406588
0.0147446
0.313481
-0.109286
0.134121
0.100001
0.394385
-0.00754084
-0.00801521
0.0269303
0.314052
-0.00816212
0.0650077
-0.0691223
0.341482
0.0349599
0.138427
0.0940069
