Vec Object: 1 MPI process
  type: seq
0.
0.
0.
-0.114551
0.
0.
0.
0.1424
0.150157
-0.168472
0.
-0.122685
0.165105
-0.177725
0.
-0.102766
0.195093
0.197883
0.
-0.070029
0.165273
0.171584
0.
-0.127393
0.381992
0.0156886
0.
0.0254513
0.372676
0.0131874
0.
0.0134157
0.386984
-0.0192373
0.
0.0124184
0.388815
-0.0257302
0.
0.0342319
0.
0.
0.
-0.0575981
0.
0.
0.
-0.148049
0.291014
-0.0512618
0.
-0.0169503
0.323894
0.0819283
0.
-0.00983621
0.297267
-0.0478697
0.
0.0056854
0.326508
0.115255
0.
0.00969864
0.321823
0.060698
0.
0.0184727
0.325602
-0.101388
0.
0.00284171
0.292225
0.0470475
0.
-0.0311329
0.322633
-0.0598605
0.
-0.0180455
0.
0.
0.
-0.0859042
0.
0.
0.
-0.0694977
0.
0.
0.
0.118787
0.
0.
0.
0.0368357
0.
0.
0.
-0.123084
0.
0.
0.
-0.079551
0.
0.
0.
-0.0192443
0.
0.
0.
0.227647
0.
0.
0.
0.192754
0.
0.
0.
0.11697
0.
0.
0.
-0.0398087
0.
0.
0.
0.066824
0.
0.
0.
0.0725453
0.
0.
0.
-0.0107863
0.
0.
0.
0.372669
0.
0.
0.
0.275269
0.
0.
0.
0.15548
0.
0.
0.
-0.00772586
1.
0.
0.
0.0552563
0.403224
-0.00860498
-0.00142328
0.0101787
0.375528
0.
-0.00112129
-0.00439911
0.279947
0.
0.000677738
-0.0398973
0.356424
0.
0.00992297
0.0854435
0.381618
0.
0.00144389
-0.0126148
0.282257
0.
0.00753711
-0.047011
0.355614
0.
-0.00831231
0.114629
0.367153
0.00895981
0.
0.124849
0.379189
0.0209779
0.
-0.00224442
0.268158
0.0253522
0.
-0.045665
0.339692
-0.00381501
0.
0.117644
0.385249
0.009225
0.
-0.00456837
0.274316
0.00982047
0.
-0.0538608
0.241231
0.00773282
-0.0410551
-0.0399216
0.24748
-0.0164905
0.0176521
-0.0713379
0.331351
-0.0343962
-0.0263622
0.0404677
0.43135
-0.071519
-0.102956
0.207817
0.371889
0.06855
-0.102525
0.159905
0.289088
0.0305804
0.0231634
0.0815735
0.349099
0.0704024
0.0586409
0.191262
0.23914
-0.00438884
-0.0245778
-0.0125263
0.345795
5.37403e-05
-0.0185983
0.0442225
0.256204
0.00672791
0.0230126
-0.0433013
0.309666
-0.0172882
0.0176847
0.055304
0.31098
-0.0610934
0.0980486
0.165976
0.337964
0.00104981
-0.0131571
0.0750216
0.250991
-0.0570046
0.0291929
0.0330662
0.332135
0.0109018
0.0991986
0.18338
