Vec Object: 1 MPI process
  type: seq
0.
0.
0.
-0.0815199
0.
0.
0.
0.01908
0.168913
-0.167748
0.
-0.051691
0.175331
-0.179647
0.
-0.0540442
0.189579
0.207048
0.
-0.0453069
0.182314
0.163824
0.
-0.0431449
0.389522
0.00844086
0.
-0.000295359
0.376372
0.00765022
0.
0.00937791
0.392104
-0.0217441
0.
0.0093283
0.398926
-0.0163412
0.
0.00384781
0.
0.
0.
-0.0190716
0.
0.
0.
-0.056848
0.323448
-0.0577833
0.
-0.012239
0.316953
0.0898435
0.
0.00308278
0.328525
-0.0505338
0.
-0.0147632
0.321348
0.110097
0.
0.0161045
0.355445
0.0753497
0.
-0.0046913
0.321773
-0.101996
0.
0.012679
0.322605
0.0364056
0.
-0.0108192
0.3203
-0.0620909
0.
-0.00301003
0.
0.
0.
-0.109605
0.
0.
0.
0.0231245
0.
0.
0.
-0.0132089
0.
0.
0.
0.151154
0.
0.
0.
-0.040675
0.
0.
0.
-0.140543
0.
0.
0.
-0.231773
0.
0.
0.
-0.00937185
0.
0.
0.
-0.0630202
0.
0.
0.
-0.0380836
0.
0.
0.
-0.14831
0.
0.
0.
0.0364944
0.
0.
0.
-0.0956502
0.
0.
0.
0.0116517
0.
0.
0.
0.070341
0.
0.
0.
-0.0312244
0.
0.
0.
-0.012671
0.
0.
0.
0.0111485
1.
0.
0.
0.0344277
0.391516
-0.00793606
0.000123445
-0.00132823
0.382293
0.
-0.0045918
-0.00551059
0.265816
0.
-0.00426748
-0.00764091
0.276895
0.
0.0238944
0.03598
0.37655
0.
0.00565706
-0.00981874
0.26636
0.
0.0167524
-0.00297455
0.292079
0.
-0.0041902
0.03731
0.27262
0.0240527
0.
0.0348833
0.38372
0.0173185
0.
-0.00315
0.252569
0.0172057
0.
-0.0114721
0.254002
0.00737897
0.
0.0344569
0.382449
0.0165529
0.
-0.00360916
0.261017
0.0184856
0.
-0.00777776
0.251878
0.0262925
-0.0542596
-0.000663442
0.248923
-0.0242262
0.0219472
-0.00546505
0.371964
-0.0211287
-0.0928594
-0.00239787
0.434043
-0.169125
-0.171612
0.0909501
0.362034
0.160014
-0.178554
0.0559822
0.334804
-0.0551617
0.0233015
0.0152741
0.369204
0.134674
0.119168
0.0654107
0.295891
-0.0160175
-0.0310017
-0.00738476
0.412055
0.00213608
-0.0580681
0.000341518
0.254316
0.0191569
0.0332692
0.013757
0.401979
0.021122
0.064865
0.00029948
0.329453
-0.137728
0.153696
0.0707489
0.424288
-0.0111836
-0.000796654
0.00816463
0.313067
0.0525352
0.0875851
-0.0808425
0.357625
0.0481475
0.154608
0.057288
