Vec Object: 1 MPI process
  type: seq
0.
0.
0.
-0.0857744
0.
0.
0.
0.0195389
0.167947
-0.167535
0.
-0.0552255
0.17478
-0.179294
0.
-0.0566142
0.189408
0.206539
0.
-0.0475428
0.181545
0.164064
0.
-0.0475652
0.389213
0.00853067
0.
0.000217947
0.37606
0.00802665
0.
0.00891733
0.391591
-0.0214923
0.
0.00922288
0.398465
-0.0166128
0.
0.00469016
0.
0.
0.
-0.0205802
0.
0.
0.
-0.0593415
0.321366
-0.057536
0.
-0.0129967
0.317556
0.0895851
0.
0.00326186
0.326356
-0.0508003
0.
-0.0141768
0.321629
0.110986
0.
0.0169081
0.353171
0.0747986
0.
-0.00409497
0.321949
-0.10247
0.
0.013317
0.320904
0.0371414
0.
-0.0121375
0.320164
-0.062311
0.
-0.00267937
0.
0.
0.
-0.114983
0.
0.
0.
0.0189249
0.
0.
0.
-0.0131922
0.
0.
0.
0.1469
0.
0.
0.
-0.043086
0.
0.
0.
-0.144571
0.
0.
0.
-0.229586
0.
0.
0.
-0.00368854
0.
0.
0.
-0.0570817
0.
0.
0.
-0.037128
0.
0.
0.
-0.154429
0.
0.
0.
0.0345352
0.
0.
0.
-0.0954749
0.
0.
0.
0.00904991
0.
0.
0.
0.0824711
0.
0.
0.
-0.0217805
0.
0.
0.
-0.0126566
0.
0.
0.
0.011095
1.
0.
0.
0.0364419
0.392867
-0.00805068
-1.33246e-05
-0.00177223
0.381593
0.
-0.00441178
-0.0052225
0.266641
0.
-0.00390724
-0.00866998
0.282134
0.
0.0229373
0.0382532
0.377037
0.
0.00550609
-0.00994731
0.267632
0.
0.0161346
-0.00477553
0.296599
0.
-0.00464526
0.0411548
0.279201
0.0232013
0.
0.0388755
0.383121
0.017564
0.
-0.00287273
0.253309
0.0181681
0.
-0.0125194
0.260281
0.00611292
0.
0.0376186
0.382703
0.0162704
0.
-0.00350733
0.261774
0.018296
0.
-0.00941904
0.251072
0.0254749
-0.0547849
-0.00160947
0.248917
-0.0248408
0.0225728
-0.00793511
0.371491
-0.0216766
-0.0880996
-0.000632044
0.431873
-0.164125
-0.167475
0.096505
0.359803
0.155231
-0.174035
0.0603463
0.337687
-0.0494601
0.0243106
0.017832
0.36715
0.13251
0.115191
0.0703797
0.292094
-0.0160736
-0.0307318
-0.00716925
0.411305
0.00210271
-0.0565177
0.00203719
0.255201
0.0202837
0.0331099
0.0113358
0.396156
0.0181585
0.0607242
0.00201871
0.326008
-0.133732
0.150965
0.0744849
0.42046
-0.0108969
-0.00190378
0.0103318
0.31578
0.0430753
0.0849512
-0.0813545
0.354376
0.0464987
0.152893
0.0617024
