Vec Object: 1 MPI process
  type: seq
0.
0.
0.
-0.0884712
0.
0.
0.
0.0201595
0.167371
-0.167435
0.
-0.0573872
0.174473
-0.179103
0.
-0.0581255
0.189349
0.206239
0.
-0.0488475
0.181064
0.164237
0.
-0.0502875
0.389031
0.00860702
0.
0.00054799
0.375908
0.00822208
0.
0.00860888
0.391321
-0.0213441
0.
0.00910814
0.398192
-0.0167927
0.
0.00521794
0.
0.
0.
-0.0216439
0.
0.
0.
-0.0611632
0.32015
-0.0573978
0.
-0.0134623
0.317894
0.0894373
0.
0.00336538
0.325101
-0.0509257
0.
-0.0137646
0.321803
0.111492
0.
0.0173779
0.351846
0.0744437
0.
-0.00366287
0.32206
-0.102736
0.
0.0136808
0.319893
0.0375879
0.
-0.0129707
0.320119
-0.0624271
0.
-0.00249482
0.
0.
0.
-0.118038
0.
0.
0.
0.0160976
0.
0.
0.
-0.0127856
0.
0.
0.
0.14375
0.
0.
0.
-0.0449312
0.
0.
0.
-0.146727
0.
0.
0.
-0.227708
0.
0.
0.
0.000214803
0.
0.
0.
-0.0529523
0.
0.
0.
-0.0361086
0.
0.
0.
-0.157494
0.
0.
0.
0.033436
0.
0.
0.
-0.094819
0.
0.
0.
0.00747686
0.
0.
0.
0.0901252
0.
0.
0.
-0.0155509
0.
0.
0.
-0.0121426
0.
0.
0.
0.010903
1.
0.
0.
0.0375893
0.393616
-0.00810816
-8.79136e-05
-0.00203467
0.381186
0.
-0.00430037
-0.00503509
0.267145
0.
-0.00369858
-0.00930583
0.285181
0.
0.0223736
0.0396306
0.377285
0.
0.00540516
-0.00999822
0.268366
0.
0.0157732
-0.00588628
0.29922
0.
-0.00489012
0.0435104
0.283022
0.0226787
0.
0.0413721
0.382777
0.0177159
0.
-0.00269169
0.253787
0.0186946
0.
-0.0131825
0.263885
0.00540913
0.
0.0396081
0.38282
0.0160856
0.
-0.0034322
0.262233
0.0181421
0.
-0.0104469
0.250597
0.0249769
-0.0549934
-0.00228955
0.248895
-0.025091
0.0228744
-0.00952298
0.371053
-0.0220383
-0.0852718
0.000461084
0.43072
-0.161038
-0.165033
0.099921
0.358737
0.152296
-0.171326
0.0630931
0.338949
-0.0459081
0.0248652
0.0194408
0.365984
0.131094
0.112792
0.0735091
0.289858
-0.0160756
-0.0305733
-0.00710015
0.410625
0.00207776
-0.0554622
0.00308155
0.255653
0.0207892
0.0329972
0.00977772
0.39274
0.0164181
0.0583422
0.00311452
0.324158
-0.131291
0.1493
0.0768202
0.41804
-0.0106692
-0.00257598
0.0117312
0.316966
0.0373596
0.0831892
-0.0813315
0.352609
0.045438
0.151732
0.0645206
