Vec Object: 1 MPI process
  type: seq
0.
0.
0.
0.215731
0.
0.
0.
0.706098
0.20652
-0.105217
0.
0.921033
0.223029
-0.113299
0.
0.938459
0.276256
0.122248
0.
1.01895
0.223978
0.110989
0.
0.910453
0.357684
0.0369592
0.
-0.383231
0.35824
0.0296746
0.
-0.425823
0.361782
-0.0361213
0.
-0.376057
0.3642
-0.0456602
0.
-0.380616
0.
0.
0.
0.0322315
0.
0.
0.
-0.159853
0.256231
-0.0775129
0.
-0.100178
0.330147
0.0271391
0.
-0.620099
0.265462
-0.0827379
0.
-0.0890685
0.334087
0.0482483
0.
-0.631588
0.288691
0.0813335
0.
-0.0442963
0.331857
-0.031547
0.
-0.633303
0.253948
0.0782909
0.
-0.0478389
0.326839
-0.0169172
0.
-0.645819
0.
0.
0.
0.421645
0.
0.
0.
0.05491
0.
0.
0.
0.721529
0.
0.
0.
0.239806
0.
0.
0.
-0.0319627
0.
0.
0.
0.477997
0.
0.
0.
0.760445
0.
0.
0.
1.00853
0.
0.
0.
0.958677
0.
0.
0.
0.729359
0.
0.
0.
0.672427
0.
0.
0.
0.428099
0.
0.
0.
0.718035
0.
0.
0.
0.194347
0.
0.
0.
1.30168
0.
0.
0.
1.15363
0.
0.
0.
0.957449
0.
0.
0.
0.0665892
1.
0.
0.
1.22787
0.396246
-0.0048979
-0.000628863
-0.371265
0.392807
0.
0.00177657
-0.567005
0.287471
0.
0.00263024
-0.579257
0.367732
0.
0.00167426
0.817495
0.409344
0.
-0.000700137
-0.546505
0.286267
0.
0.00315707
-0.553422
0.347646
0.
-0.00687472
0.857691
0.379479
0.000780056
0.
0.864561
0.400761
0.0122607
0.
-0.564351
0.277735
0.0139865
0.
-0.571356
0.344591
0.00112769
0.
0.897758
0.416645
0.00555333
0.
-0.540483
0.280563
0.00675897
0.
-0.57016
0.224583
-0.00415158
-0.0145204
-0.232497
0.236483
-0.00224775
0.00421427
-0.46127
0.256427
-0.0185363
-0.00275332
0.229338
0.4455
0.00138185
-0.0403405
1.11717
0.388593
0.00275872
-0.0411439
0.909104
0.168904
0.0263776
0.00463092
0.377447
0.320746
0.00534314
0.0284972
0.92786
0.192224
0.00115791
-0.0133341
0.000919043
0.232064
0.000878303
0.00112772
0.289533
0.238051
-0.00536809
0.00663164
-0.29608
0.226556
-0.0201233
0.00826799
0.276251
0.305642
7.41302e-05
0.0400306
0.840314
0.247079
0.00940988
-0.00303278
0.3928
0.0915884
-0.0282337
0.00506517
0.565771
0.304941
-0.0100103
0.0346862
0.909753
