Vec Object: 1 MPI process
  type: seq
0.
0.
0.
-0.0847285
0.
0.
0.
0.0193652
0.168177
-0.16758
0.
-0.054375
0.174907
-0.179374
0.
-0.0560081
0.18944
0.206659
0.
-0.0470169
0.181732
0.164001
0.
-0.0464972
0.389286
0.00850481
0.
9.14051e-05
0.376128
0.00794306
0.
0.00903396
0.391706
-0.0215517
0.
0.0092582
0.398574
-0.0165447
0.
0.00448517
0.
0.
0.
-0.0201891
0.
0.
0.
-0.0586839
0.321856
-0.0575928
0.
-0.0128134
0.317417
0.0896451
0.
0.00321956
0.326864
-0.0507435
0.
-0.0143284
0.321561
0.110779
0.
0.0167186
0.353705
0.0749347
0.
-0.00425152
0.321906
-0.102361
0.
0.0131683
0.321307
0.036965
0.
-0.0118146
0.320189
-0.0622616
0.
-0.00275589
0.
0.
0.
-0.11373
0.
0.
0.
0.0199874
0.
0.
0.
-0.01327
0.
0.
0.
0.148035
0.
0.
0.
-0.0424324
0.
0.
0.
-0.143656
0.
0.
0.
-0.230214
0.
0.
0.
-0.00513705
0.
0.
0.
-0.0586053
0.
0.
0.
-0.0374393
0.
0.
0.
-0.153082
0.
0.
0.
0.0349905
0.
0.
0.
-0.0956201
0.
0.
0.
0.00967351
0.
0.
0.
0.0795066
0.
0.
0.
-0.02414
0.
0.
0.
-0.0127536
0.
0.
0.
0.011139
1.
0.
0.
0.0359734
0.392558
-0.00802564
1.77657e-05
-0.00166679
0.381758
0.
-0.00445537
-0.00529425
0.266443
0.
-0.00399159
-0.00842111
0.280904
0.
0.0231635
0.037709
0.37693
0.
0.00554411
-0.00992205
0.267335
0.
0.01628
-0.00433999
0.295539
0.
-0.0045425
0.0402284
0.277657
0.0234067
0.
0.0379041
0.383261
0.0175046
0.
-0.00294192
0.253125
0.0179489
0.
-0.0122628
0.258817
0.00640374
0.
0.0368473
0.382649
0.0163407
0.
-0.00353461
0.261593
0.0183492
0.
-0.00901933
0.251263
0.0256709
-0.0546801
-0.00136247
0.248923
-0.0247177
0.0224379
-0.00732549
0.371634
-0.0215396
-0.0892295
-0.00105962
0.432362
-0.165335
-0.168453
0.0951646
0.360281
0.156384
-0.175112
0.0592811
0.337089
-0.0508479
0.0240791
0.0172076
0.367627
0.133048
0.116143
0.0691667
0.292992
-0.0160657
-0.0307953
-0.00720943
0.411527
0.0021116
-0.0569124
0.00162775
0.255006
0.0200483
0.0331507
0.0119339
0.397529
0.0188582
0.0616917
0.00159655
0.326787
-0.134693
0.151622
0.0735766
0.421396
-0.0109764
-0.00163771
0.00979636
0.315216
0.0453438
0.085616
-0.0812932
0.355115
0.0469063
0.153328
0.0606178
