Vec Object: 1 MPI process
  type: seq
0.
0.
0.
-0.119034
0.
0.
0.
0.0542232
0.159507
-0.167403
0.
-0.0881329
0.170724
-0.177671
0.
-0.0781652
0.190661
0.202523
0.
-0.0633992
0.173856
0.167504
0.
-0.0879764
0.386571
0.0107194
0.
0.0069022
0.374941
0.0099165
0.
0.00519843
0.389377
-0.0195217
0.
0.00609974
0.394533
-0.0200383
0.
0.0141428
0.
0.
0.
-0.0406761
0.
0.
0.
-0.0996081
0.305512
-0.0554092
0.
-0.0179424
0.321293
0.0872554
0.
0.00288063
0.3107
-0.0507502
0.
-0.00547706
0.32413
0.116235
0.
0.020994
0.336357
0.0684847
0.
0.00595019
0.323729
-0.10471
0.
0.0157125
0.306753
0.0431986
0.
-0.0241625
0.320924
-0.0628475
0.
-0.00275437
0.
0.
0.
-0.134306
0.
0.
0.
-0.0300547
0.
0.
0.
0.0223064
0.
0.
0.
0.0854993
0.
0.
0.
-0.0834419
0.
0.
0.
-0.147384
0.
0.
0.
-0.163688
0.
0.
0.
0.0830939
0.
0.
0.
0.036622
0.
0.
0.
0.00896401
0.
0.
0.
-0.148734
0.
0.
0.
0.0318982
0.
0.
0.
-0.0478607
0.
0.
0.
-0.00955677
0.
0.
0.
0.211067
0.
0.
0.
0.099138
0.
0.
0.
0.0330044
0.
0.
0.
0.00210301
1.
0.
0.
0.0484952
0.400416
-0.00847249
-0.000817195
-0.00348075
0.376918
0.
-0.00273438
-0.00275476
0.273827
0.
-0.00130285
-0.0192076
0.321121
0.
0.0157283
0.0592384
0.379037
0.
0.00363548
-0.010261
0.276386
0.
0.0114487
-0.0217793
0.329141
0.
-0.00707647
0.0761681
0.32699
0.0157489
0.
0.0789584
0.379395
0.0197374
0.
-0.000477895
0.260984
0.0233982
0.
-0.023927
0.304004
-0.00101984
0.
0.0714663
0.383251
0.0129972
0.
-0.0026723
0.268374
0.0145371
0.
-0.0264918
0.245519
0.0174207
-0.0518375
-0.017107
0.2484
-0.0232108
0.0228146
-0.0351398
0.357195
-0.028127
-0.0520009
0.0170632
0.424362
-0.117956
-0.13467
0.148869
0.357832
0.111942
-0.136883
0.105659
0.330199
-0.000750905
0.0278096
0.044773
0.354689
0.106001
0.0833596
0.123006
0.263454
-0.0130291
-0.0282153
-0.00930418
0.388429
0.00139752
-0.0374191
0.0191501
0.258148
0.0188764
0.0297495
-0.0144877
0.35126
-0.00310555
0.0335366
0.0223977
0.310892
-0.0978351
0.125953
0.113707
0.381293
-0.00552559
-0.0101712
0.0367034
0.304724
-0.026187
0.0554042
-0.0539986
0.33791
0.0292316
0.130055
0.112169
