Vec Object: 1 MPI process
  type: seq
0.
0.
0.
-0.120411
0.
0.
0.
0.0595121
0.158771
-0.167477
0.
-0.0910121
0.170347
-0.177627
0.
-0.0800762
0.190909
0.202199
0.
-0.0644263
0.173173
0.167834
0.
-0.0913257
0.386319
0.0109935
0.
0.00773537
0.374861
0.010069
0.
0.00517473
0.389269
-0.0193888
0.
0.00591665
0.394177
-0.020394
0.
0.0151768
0.
0.
0.
-0.0423523
0.
0.
0.
-0.103593
0.304306
-0.0551597
0.
-0.0180326
0.32153
0.086988
0.
0.00251814
0.309561
-0.0505982
0.
-0.00454636
0.324327
0.116447
0.
0.0208957
0.33512
0.0678732
0.
0.00705372
0.32388
-0.104709
0.
0.0154756
0.305597
0.0436163
0.
-0.0249629
0.321055
-0.0627687
0.
-0.00319753
0.
0.
0.
-0.133028
0.
0.
0.
-0.0340334
0.
0.
0.
0.0280124
0.
0.
0.
0.080399
0.
0.
0.
-0.0871456
0.
0.
0.
-0.144554
0.
0.
0.
-0.15469
0.
0.
0.
0.0929054
0.
0.
0.
0.0472603
0.
0.
0.
0.0156235
0.
0.
0.
-0.143521
0.
0.
0.
0.0332766
0.
0.
0.
-0.0405289
0.
0.
0.
-0.0104132
0.
0.
0.
0.223136
0.
0.
0.
0.111669
0.
0.
0.
0.0403111
0.
0.
0.
0.00116962
1.
0.
0.
0.0491027
0.400808
-0.00848975
-0.0008716
-0.00324854
0.376657
0.
-0.00259705
-0.00266518
0.274384
0.
-0.00111922
-0.0202981
0.324061
0.
0.0152091
0.0611325
0.379153
0.
0.00345832
-0.010342
0.276966
0.
0.0111009
-0.0233274
0.331469
0.
-0.00721469
0.0791333
0.330456
0.0151667
0.
0.0825405
0.379218
0.0198925
0.
-0.000393796
0.261618
0.0236684
0.
-0.0251038
0.307107
-0.00138701
0.
0.0747306
0.383283
0.0126933
0.
-0.00270383
0.268902
0.0141525
0.
-0.0281606
0.245161
0.016674
-0.0511683
-0.0187298
0.248359
-0.0227667
0.0225387
-0.0376727
0.355432
-0.0287008
-0.0495105
0.0187711
0.424469
-0.114128
-0.13209
0.153424
0.35856
0.108374
-0.133995
0.10981
0.327755
0.00259099
0.0276922
0.0473962
0.354014
0.103356
0.081072
0.12799
0.261364
-0.0124955
-0.0279662
-0.00959171
0.38554
0.00130723
-0.035745
0.0208602
0.258149
0.0181641
0.0293074
-0.0167179
0.347814
-0.00451248
0.0318728
0.0246108
0.310465
-0.0948535
0.123786
0.11747
0.377835
-0.00498472
-0.0106422
0.0394577
0.301597
-0.0301991
0.0529833
-0.0490736
0.337153
0.0277314
0.127756
0.11721
