Vec Object: 1 MPI process
  type: seq
0.
0.
0.
-0.0814141
0.
0.
0.
0.0190773
0.168939
-0.167754
0.
-0.0515998
0.175346
-0.179657
0.
-0.053976
0.189585
0.207062
0.
-0.0452474
0.182333
0.163818
0.
-0.0430316
0.38953
0.0084392
0.
-0.000308146
0.376381
0.00763942
0.
0.00938883
0.392119
-0.0217507
0.
0.00932948
0.398938
-0.0163346
0.
0.00382641
0.
0.
0.
-0.0190371
0.
0.
0.
-0.0567923
0.323503
-0.0577901
0.
-0.0122197
0.316936
0.0898506
0.
0.00307809
0.328583
-0.0505258
0.
-0.0147767
0.321341
0.110073
0.
0.0160832
0.355506
0.0753634
0.
-0.0047047
0.321769
-0.101983
0.
0.0126618
0.322649
0.0363865
0.
-0.0107861
0.320305
-0.0620847
0.
-0.00301897
0.
0.
0.
-0.109461
0.
0.
0.
0.0232248
0.
0.
0.
-0.0131987
0.
0.
0.
0.151246
0.
0.
0.
-0.0406241
0.
0.
0.
-0.140432
0.
0.
0.
-0.231815
0.
0.
0.
-0.00950643
0.
0.
0.
-0.0631593
0.
0.
0.
-0.0380964
0.
0.
0.
-0.148134
0.
0.
0.
0.0365469
0.
0.
0.
-0.0956397
0.
0.
0.
0.011719
0.
0.
0.
0.0700351
0.
0.
0.
-0.0314549
0.
0.
0.
-0.0126579
0.
0.
0.
0.0111452
1.
0.
0.
0.0343733
0.391479
-0.00793271
0.000127256
-0.00131662
0.382311
0.
-0.0045964
-0.00551762
0.265795
0.
-0.00427713
-0.00761457
0.276755
0.
0.0239196
0.0359209
0.376536
0.
0.00566069
-0.00981453
0.266326
0.
0.0167688
-0.0029285
0.291958
0.
-0.00417741
0.0372111
0.272444
0.0240745
0.
0.034782
0.383736
0.0173122
0.
-0.00315675
0.252551
0.0171789
0.
-0.0114458
0.253833
0.00741374
0.
0.0343769
0.382441
0.0165598
0.
-0.00361133
0.260998
0.0184893
0.
-0.00773618
0.251899
0.0263138
-0.0542428
-0.000641919
0.248922
-0.0242065
0.0219287
-0.0054037
0.371972
-0.0211154
-0.0929843
-0.00244297
0.434104
-0.169253
-0.171721
0.0908074
0.3621
0.160137
-0.178672
0.0558719
0.334715
-0.0553058
0.0232738
0.0152096
0.369259
0.134728
0.119271
0.0652852
0.295992
-0.0160154
-0.031009
-0.00739199
0.412068
0.00213681
-0.0581047
0.00029802
0.25429
0.0191224
0.033273
0.013817
0.402134
0.0212004
0.064976
0.000256422
0.32955
-0.137831
0.153767
0.0706539
0.424384
-0.0111893
-0.00076815
0.0081108
0.312984
0.0527795
0.087648
-0.0808204
0.357715
0.0481882
0.154649
0.0571775
