Vec Object: 1 MPI process
  type: seq
0.
0.
0.
-0.0768589
0.
0.
0.
0.0194547
0.170145
-0.168115
0.
-0.047392
0.176113
-0.180166
0.
-0.0506923
0.189945
0.207712
0.
-0.0423918
0.183214
0.163628
0.
-0.0378697
0.389918
0.0084069
0.
-0.000871982
0.37689
0.00706629
0.
0.00981906
0.392877
-0.0220743
0.
0.0092844
0.399515
-0.0160578
0.
0.00285554
0.
0.
0.
-0.0177195
0.
0.
0.
-0.0547507
0.326179
-0.0581361
0.
-0.0113548
0.316111
0.0902035
0.
0.00286615
0.331407
-0.0500858
0.
-0.0152937
0.32102
0.108891
0.
0.0150719
0.35844
0.0759651
0.
-0.00520215
0.321576
-0.101342
0.
0.0118327
0.324782
0.0355024
0.
-0.00932704
0.320603
-0.0617639
0.
-0.00344981
0.
0.
0.
-0.102578
0.
0.
0.
0.027321
0.
0.
0.
-0.0121447
0.
0.
0.
0.154315
0.
0.
0.
-0.0390036
0.
0.
0.
-0.13492
0.
0.
0.
-0.232861
0.
0.
0.
-0.0150273
0.
0.
0.
-0.0687586
0.
0.
0.
-0.0380232
0.
0.
0.
-0.139051
0.
0.
0.
0.0390187
0.
0.
0.
-0.0943057
0.
0.
0.
0.0148199
0.
0.
0.
0.0563398
0.
0.
0.
-0.0413138
0.
0.
0.
-0.0113319
0.
0.
0.
0.0107003
1.
0.
0.
0.0317239
0.389612
-0.00775097
0.000322777
-0.000778041
0.383206
0.
-0.00480594
-0.00581138
0.264816
0.
-0.00474799
-0.00641163
0.269988
0.
0.025123
0.0331578
0.375777
0.
0.0058112
-0.00955616
0.26467
0.
0.0175618
-0.000838276
0.286102
0.
-0.0035126
0.0326708
0.263936
0.0250695
0.
0.0302109
0.384517
0.0170266
0.
-0.00343668
0.251775
0.0158133
0.
-0.0102807
0.245549
0.00915646
0.
0.0307722
0.382002
0.0168556
0.
-0.00367568
0.260083
0.0185835
0.
-0.00586699
0.252886
0.0273218
-0.0532747
0.000186272
0.248833
-0.0230482
0.0209307
-0.00272312
0.372046
-0.0205473
-0.0988705
-0.0044927
0.437226
-0.175062
-0.176933
0.0842568
0.365746
0.165767
-0.184203
0.0509237
0.329739
-0.0616924
0.0219182
0.012331
0.371983
0.137025
0.124031
0.0596456
0.300765
-0.0158929
-0.0313646
-0.00781165
0.412293
0.00216275
-0.0595692
-0.00169266
0.252925
0.0171889
0.0334421
0.0164322
0.409546
0.0249233
0.070364
-0.00165192
0.334497
-0.142577
0.15703
0.066341
0.428661
-0.0113462
0.000528805
0.00574306
0.308398
0.06392
0.0902053
-0.0793274
0.362325
0.0499369
0.156321
0.0522625
