Vec Object: 1 MPI process
  type: seq
0.
0.
0.
-0.0758874
0.
0.
0.
0.0196899
0.170448
-0.168222
0.
-0.0463814
0.176321
-0.180306
0.
-0.0498579
0.190063
0.207877
0.
-0.0416709
0.18342
0.163603
0.
-0.0366541
0.390015
0.00841412
0.
-0.00099902
0.377041
0.00690333
0.
0.00989616
0.393088
-0.0221576
0.
0.0092408
0.399659
-0.0160003
0.
0.00262704
0.
0.
0.
-0.0174933
0.
0.
0.
-0.0544232
0.326862
-0.05823
0.
-0.0111577
0.315891
0.0902988
0.
0.00281845
0.332134
-0.0499569
0.
-0.0153832
0.320947
0.108583
0.
0.0148202
0.35919
0.0761003
0.
-0.00528329
0.321532
-0.101174
0.
0.0116224
0.325317
0.0352887
0.
-0.00900013
0.320702
-0.0616757
0.
-0.00355776
0.
0.
0.
-0.100875
0.
0.
0.
0.0281308
0.
0.
0.
-0.0117245
0.
0.
0.
0.154651
0.
0.
0.
-0.0388504
0.
0.
0.
-0.133503
0.
0.
0.
-0.232848
0.
0.
0.
-0.0161429
0.
0.
0.
-0.0698512
0.
0.
0.
-0.0378108
0.
0.
0.
-0.136595
0.
0.
0.
0.0396111
0.
0.
0.
-0.0937347
0.
0.
0.
0.0155585
0.
0.
0.
0.053187
0.
0.
0.
-0.043437
0.
0.
0.
-0.010809
0.
0.
0.
0.0105024
1.
0.
0.
0.0310443
0.389114
-0.00769814
0.000376411
-0.000649296
0.383432
0.
-0.00485536
-0.00587095
0.264582
0.
-0.00486985
-0.00612733
0.268259
0.
0.0254232
0.0324812
0.375558
0.
0.0058417
-0.00947208
0.264245
0.
0.0177641
-0.000350565
0.284603
0.
-0.00332714
0.0315906
0.261764
0.0253031
0.
0.0291469
0.384717
0.0169592
0.
-0.00349265
0.251612
0.0154405
0.
-0.0100175
0.243401
0.00962073
0.
0.0299325
0.381868
0.0169189
0.
-0.00367831
0.25986
0.0185804
0.
-0.00543531
0.253123
0.027576
-0.0529823
0.000335755
0.248787
-0.0226872
0.0206451
-0.00212882
0.371972
-0.0204259
-0.100318
-0.00497281
0.438074
-0.176423
-0.178238
0.0826947
0.366809
0.167101
-0.185556
0.0497799
0.328271
-0.0631215
0.0215716
0.0116757
0.372688
0.137528
0.125167
0.0583394
0.301954
-0.0158619
-0.0314588
-0.0079347
0.412231
0.0021664
-0.0598454
-0.00216364
0.252535
0.0166146
0.0334839
0.0170088
0.411418
0.0258474
0.0717391
-0.00208399
0.335846
-0.14371
0.157814
0.0653258
0.429633
-0.011347
0.000830384
0.00520964
0.307073
0.0665158
0.0906992
-0.0788348
0.363577
0.0503086
0.156654
0.0511382
