Vec Object: 1 MPI process
  type: seq
0.
0.
0.
-0.104854
0.
0.
0.
0.029708
0.163869
-0.167179
0.
-0.070954
0.172799
-0.178221
0.
-0.0670588
0.189548
0.204509
0.
-0.0561152
0.177927
0.165575
0.
-0.0673121
0.387951
0.00934425
0.
0.0029096
0.375345
0.00909022
0.
0.00662565
0.39016
-0.0204733
0.
0.00784785
0.396565
-0.0180939
0.
0.00878139
0.
0.
0.
-0.0297783
0.
0.
0.
-0.0762806
0.3132
-0.0566086
0.
-0.016116
0.319644
0.0885613
0.
0.00373991
0.318113
-0.0512243
0.
-0.0105429
0.322878
0.114131
0.
0.0198266
0.344381
0.0719785
0.
-5.89021e-05
0.322798
-0.104023
0.
0.0154227
0.31387
0.0402797
0.
-0.0183011
0.32026
-0.0628875
0.
-0.00179552
0.
0.
0.
-0.131914
0.
0.
0.
-0.00412901
0.
0.
0.
-0.00364873
0.
0.
0.
0.118826
0.
0.
0.
-0.0605439
0.
0.
0.
-0.154125
0.
0.
0.
-0.207401
0.
0.
0.
0.0311845
0.
0.
0.
-0.0196542
0.
0.
0.
-0.0227186
0.
0.
0.
-0.165124
0.
0.
0.
0.0291757
0.
0.
0.
-0.0820095
0.
0.
0.
-0.00158654
0.
0.
0.
0.141291
0.
0.
0.
0.0299736
0.
0.
0.
-0.000396163
0.
0.
0.
0.00781319
1.
0.
0.
0.0435284
0.397332
-0.00833422
-0.000459404
-0.00335206
0.378963
0.
-0.00359426
-0.00383283
0.270238
0.
-0.00253041
-0.0134163
0.302369
0.
0.0191572
0.0482091
0.378303
0.
0.00467338
-0.010085
0.272379
0.
0.0137071
-0.0128709
0.313817
0.
-0.00606563
0.0581755
0.304367
0.0194674
0.
0.0576732
0.380948
0.0186657
0.
-0.00152391
0.25699
0.021269
0.
-0.0176173
0.283593
0.0018955
0.
0.0529389
0.383154
0.0147888
0.
-0.00292425
0.265042
0.0167542
0.
-0.0172039
0.248
0.0217593
-0.054744
-0.00795613
0.248659
-0.0251655
0.023665
-0.020372
0.366341
-0.0246185
-0.0690043
0.00750278
0.425929
-0.141625
-0.150828
0.121541
0.355805
0.134033
-0.155228
0.0813066
0.340056
-0.0241067
0.0272356
0.0300763
0.359935
0.120934
0.0986384
0.0943957
0.277112
-0.0154107
-0.0295887
-0.00758542
0.403235
0.00184852
-0.047769
0.00980215
0.257447
0.0215923
0.0319377
-0.000785805
0.373119
0.00667714
0.0455631
0.0107228
0.315881
-0.116174
0.13893
0.0923117
0.402061
-0.00866673
-0.00647199
0.0216699
0.31733
0.00465699
0.0708933
-0.0753106
0.344241
0.038351
0.143049
0.0840009
