Vec Object: 1 MPI process
  type: seq
0.
0.
0.
-0.0861121
0.
0.
0.
0.019603
0.167874
-0.167521
0.
-0.0554983
0.17474
-0.179269
0.
-0.0568071
0.189398
0.2065
0.
-0.04771
0.181485
0.164085
0.
-0.0479082
0.38919
0.00853948
0.
0.00025893
0.37604
0.00805262
0.
0.00887929
0.391555
-0.0214734
0.
0.00921032
0.39843
-0.0166349
0.
0.00475621
0.
0.
0.
-0.020709
0.
0.
0.
-0.0595596
0.321211
-0.0575181
0.
-0.0130555
0.317599
0.0895661
0.
0.00327527
0.326195
-0.0508176
0.
-0.0141268
0.321651
0.111051
0.
0.0169683
0.353001
0.0747545
0.
-0.0040431
0.321963
-0.102505
0.
0.013364
0.320775
0.037198
0.
-0.0122417
0.320157
-0.0623263
0.
-0.00265527
0.
0.
0.
-0.115379
0.
0.
0.
0.0185779
0.
0.
0.
-0.0131574
0.
0.
0.
0.146523
0.
0.
0.
-0.0433046
0.
0.
0.
-0.144856
0.
0.
0.
-0.229371
0.
0.
0.
-0.00321341
0.
0.
0.
-0.0565808
0.
0.
0.
-0.0370173
0.
0.
0.
-0.154844
0.
0.
0.
0.0343918
0.
0.
0.
-0.0954147
0.
0.
0.
0.0088504
0.
0.
0.
0.0834276
0.
0.
0.
-0.0210126
0.
0.
0.
-0.0126129
0.
0.
0.
0.011077
1.
0.
0.
0.0365901
0.392965
-0.00805841
-2.30764e-05
-0.00180581
0.381541
0.
-0.00439777
-0.00519923
0.266705
0.
-0.00388046
-0.00874996
0.282524
0.
0.0228653
0.0384275
0.37707
0.
0.00549368
-0.00995474
0.267727
0.
0.0160884
-0.00491542
0.296935
0.
-0.00467741
0.041452
0.279691
0.0231353
0.
0.0391885
0.383077
0.0175831
0.
-0.00285027
0.253368
0.0182369
0.
-0.0126022
0.260745
0.00602137
0.
0.0378674
0.382719
0.0162475
0.
-0.00349828
0.261832
0.018278
0.
-0.00954781
0.251011
0.0254121
-0.0548157
-0.00169119
0.248915
-0.0248772
0.022614
-0.0081325
0.371442
-0.0217212
-0.0877392
-0.000494599
0.431721
-0.163737
-0.167164
0.0969353
0.359657
0.154861
-0.173691
0.0606899
0.337866
-0.0490135
0.0243832
0.0180333
0.366999
0.132335
0.114887
0.070771
0.291809
-0.0160754
-0.0307116
-0.00715793
0.411228
0.00209974
-0.0563886
0.00216868
0.255262
0.0203547
0.0330964
0.0111422
0.39572
0.0179359
0.0604175
0.00215519
0.325764
-0.133424
0.150755
0.0747775
0.420157
-0.0108702
-0.00198896
0.0105053
0.315949
0.0423498
0.0847343
-0.0813657
0.354145
0.0463667
0.152751
0.0620532
