Vec Object: 1 MPI process
  type: seq
0.
0.
0.
-0.0933507
0.
0.
0.
0.0219089
0.166354
-0.167304
0.
-0.0612635
0.173962
-0.1788
0.
-0.0607523
0.189317
0.205722
0.
-0.0510786
0.180185
0.164583
0.
-0.05518
0.388713
0.00877703
0.
0.00117002
0.37569
0.00852187
0.
0.00803013
0.390906
-0.0210862
0.
0.00882622
0.397714
-0.0171372
0.
0.00618989
0.
0.
0.
-0.0237618
0.
0.
0.
-0.0649117
0.318056
-0.0571655
0.
-0.0142833
0.318452
0.0891838
0.
0.00352975
0.322963
-0.0510897
0.
-0.0129428
0.322115
0.112337
0.
0.0181734
0.349577
0.0737775
0.
-0.00277683
0.322267
-0.103168
0.
0.0142796
0.318122
0.0383794
0.
-0.0144944
0.320096
-0.0626041
0.
-0.00220538
0.
0.
0.
-0.122988
0.
0.
0.
0.0106548
0.
0.
0.
-0.0113141
0.
0.
0.
0.137328
0.
0.
0.
-0.0488013
0.
0.
0.
-0.149955
0.
0.
0.
-0.223363
0.
0.
0.
0.00797361
0.
0.
0.
-0.0446737
0.
0.
0.
-0.0334815
0.
0.
0.
-0.161699
0.
0.
0.
0.0317144
0.
0.
0.
-0.0926424
0.
0.
0.
0.00471917
0.
0.
0.
0.104241
0.
0.
0.
-0.00360304
0.
0.
0.
-0.0102644
0.
0.
0.
0.0103061
1.
0.
0.
0.0394985
0.394835
-0.00819267
-0.0002084
-0.00247852
0.380494
0.
-0.00409898
-0.00468789
0.268044
0.
-0.00334231
-0.0104576
0.290398
0.
0.0214003
0.0420866
0.377656
0.
0.005211
-0.0100523
0.269609
0.
0.0151505
-0.00788437
0.303689
0.
-0.00528034
0.0477297
0.289544
0.0217447
0.
0.0459344
0.382198
0.0179896
0.
-0.00235538
0.254679
0.0195439
0.
-0.0144057
0.269975
0.00426017
0.
0.0432752
0.382974
0.0157358
0.
-0.00328463
0.263048
0.0178088
0.
-0.0123275
0.249787
0.0240776
-0.0551761
-0.00368317
0.248835
-0.0253441
0.0232796
-0.0124892
0.370021
-0.0227291
-0.0803621
0.00244138
0.428947
-0.155477
-0.160795
0.106075
0.357305
0.147037
-0.166569
0.0681446
0.340373
-0.0395223
0.025737
0.0223923
0.364045
0.128398
0.108575
0.0792738
0.286
-0.0160074
-0.0302942
-0.0070898
0.409028
0.00202484
-0.0534144
0.00496849
0.256328
0.0213975
0.0327591
0.00686974
0.386843
0.0134312
0.0543297
0.00515911
0.321259
-0.126929
0.146324
0.0811027
0.413587
-0.0101825
-0.00375617
0.0143739
0.318255
0.0273793
0.0798302
-0.0806434
0.349788
0.0434687
0.149471
0.0697852
