Vec Object: 1 MPI process
  type: seq
0.
0.
0.
-0.0966364
0.
0.
0.
0.023562
0.16567
-0.167245
0.
-0.0639083
0.173633
-0.178619
0.
-0.0625
0.189341
0.205381
0.
-0.0525266
0.179576
0.16484
0.
-0.0585128
0.388501
0.0089137
0.
0.00161733
0.375574
0.00869739
0.
0.00763092
0.390666
-0.0209148
0.
0.00858934
0.397396
-0.0173861
0.
0.00687306
0.
0.
0.
-0.0253265
0.
0.
0.
-0.067771
0.316682
-0.0570136
0.
-0.0148222
0.318803
0.0890149
0.
0.0036202
0.321575
-0.0511622
0.
-0.012331
0.322326
0.11287
0.
0.0186769
0.348098
0.0733035
0.
-0.00209996
0.32241
-0.103434
0.
0.0146453
0.316939
0.0389108
0.
-0.0155429
0.320115
-0.0627034
0.
-0.00204416
0.
0.
0.
-0.125936
0.
0.
0.
0.00673744
0.
0.
0.
-0.00977484
0.
0.
0.
0.132528
0.
0.
0.
-0.051771
0.
0.
0.
-0.151659
0.
0.
0.
-0.219707
0.
0.
0.
0.0137934
0.
0.
0.
-0.0384255
0.
0.
0.
-0.0311207
0.
0.
0.
-0.163624
0.
0.
0.
0.0307546
0.
0.
0.
-0.0904507
0.
0.
0.
0.00290196
0.
0.
0.
0.114126
0.
0.
0.
0.00507099
0.
0.
0.
-0.00828909
0.
0.
0.
0.00974435
1.
0.
0.
0.0406991
0.395587
-0.00823948
-0.000282844
-0.00275543
0.380048
0.
-0.00396096
-0.00444863
0.268651
0.
-0.00311051
-0.0112525
0.293802
0.
0.0207624
0.0437571
0.377865
0.
0.00507055
-0.0100703
0.270409
0.
0.0147419
-0.00924786
0.306589
0.
-0.00551768
0.0505985
0.293782
0.0211132
0.
0.0490989
0.381829
0.0181763
0.
-0.00212311
0.255303
0.0200649
0.
-0.0152618
0.273896
0.00354905
0.
0.0458461
0.383047
0.015486
0.
-0.00318089
0.263598
0.0175472
0.
-0.0136349
0.249265
0.0234558
-0.055174
-0.00474877
0.248787
-0.0253959
0.0234666
-0.0145848
0.369159
-0.0232259
-0.0771321
0.00380635
0.427936
-0.15168
-0.157994
0.110288
0.356632
0.143462
-0.163397
0.0716706
0.34079
-0.0352071
0.0262411
0.0244485
0.362825
0.126455
0.105772
0.0833083
0.283472
-0.0159049
-0.0301044
-0.00715909
0.407684
0.00198286
-0.0519303
0.0062685
0.256705
0.0216204
0.0325675
0.00482131
0.382966
0.0114893
0.0517678
0.00661229
0.31955
-0.123969
0.1443
0.0840928
0.410485
-0.00980411
-0.00453501
0.0162707
0.318557
0.0208309
0.0774386
-0.0796966
0.348082
0.0420909
0.147815
0.073523
