Vec Object: 1 MPI process
  type: seq
0.
0.
0.
-0.085508
0.
0.
0.
0.019491
0.168006
-0.167546
0.
-0.0550097
0.174812
-0.179314
0.
-0.0564611
0.189415
0.206569
0.
-0.0474101
0.181593
0.164048
0.
-0.047294
0.389232
0.00852387
0.
0.000185663
0.376077
0.00800583
0.
0.00894721
0.391619
-0.0215073
0.
0.00923239
0.398493
-0.0165953
0.
0.00463801
0.
0.
0.
-0.0204794
0.
0.
0.
-0.0591713
0.32149
-0.0575503
0.
-0.0129502
0.317521
0.0896002
0.
0.0032512
0.326484
-0.0507863
0.
-0.0142158
0.321612
0.110934
0.
0.0168602
0.353306
0.0748333
0.
-0.00413543
0.321938
-0.102443
0.
0.0132795
0.321006
0.0370967
0.
-0.0120553
0.32017
-0.0622986
0.
-0.00269858
0.
0.
0.
-0.114668
0.
0.
0.
0.0191973
0.
0.
0.
-0.0132164
0.
0.
0.
0.147194
0.
0.
0.
-0.0429161
0.
0.
0.
-0.144342
0.
0.
0.
-0.229751
0.
0.
0.
-0.0040608
0.
0.
0.
-0.0574738
0.
0.
0.
-0.0372118
0.
0.
0.
-0.154095
0.
0.
0.
0.0346496
0.
0.
0.
-0.0955178
0.
0.
0.
0.00920792
0.
0.
0.
0.0817163
0.
0.
0.
-0.0223842
0.
0.
0.
-0.0126868
0.
0.
0.
0.0111079
1.
0.
0.
0.036324
0.39279
-0.00804447
-5.53583e-06
-0.00174558
0.381635
0.
-0.00442286
-0.00524083
0.266591
0.
-0.00392851
-0.00860677
0.281824
0.
0.0229945
0.0381153
0.377011
0.
0.00551583
-0.0099412
0.267557
0.
0.0161713
-0.00466493
0.296331
0.
-0.00461955
0.0409197
0.278812
0.0232534
0.
0.0386285
0.383157
0.0175489
0.
-0.00289041
0.253262
0.0181132
0.
-0.012454
0.259912
0.00618593
0.
0.0374223
0.38269
0.0162884
0.
-0.00351439
0.261728
0.0183099
0.
-0.00931736
0.25112
0.0255246
-0.0547595
-0.00154567
0.248919
-0.024811
0.0225394
-0.00777958
0.371529
-0.0216416
-0.0883853
-0.000740671
0.431995
-0.164432
-0.167722
0.0961647
0.359921
0.155523
-0.174308
0.0600752
0.337541
-0.0498129
0.0242526
0.0176731
0.36727
0.132647
0.115433
0.0700709
0.292321
-0.016072
-0.0307479
-0.00717875
0.411364
0.00210501
-0.056619
0.00193323
0.255153
0.020226
0.0331204
0.0114884
0.396503
0.0183353
0.060968
0.00191111
0.326203
-0.133976
0.151132
0.0742539
0.420698
-0.0109177
-0.00183633
0.0101951
0.315642
0.04365
0.0851215
-0.0813427
0.354561
0.0466027
0.153005
0.0614259
