Vec Object: 1 MPI process
  type: seq
0.
0.
0.
-0.122368
0.
0.
0.
0.0722484
0.157142
-0.167664
0.
-0.0973435
0.169473
-0.177572
0.
-0.0843572
0.191507
0.201481
0.
-0.0664793
0.171666
0.168564
0.
-0.0986001
0.385724
0.0116481
0.
0.00980555
0.374648
0.010443
0.
0.00540851
0.389021
-0.0191368
0.
0.00573563
0.39336
-0.0212142
0.
0.0176504
0.
0.
0.
-0.0458136
0.
0.
0.
-0.112287
0.301707
-0.0545521
0.
-0.0180208
0.322025
0.0863304
0.
0.00143389
0.307124
-0.0501987
0.
-0.00243031
0.32475
0.116761
0.
0.0203102
0.332475
0.0665077
0.
0.00953252
0.324208
-0.104576
0.
0.0145941
0.303073
0.0444579
0.
-0.0265157
0.321351
-0.0625147
0.
-0.00452915
0.
0.
0.
-0.128587
0.
0.
0.
-0.0422803
0.
0.
0.
0.0418223
0.
0.
0.
0.0698863
0.
0.
0.
-0.0949838
0.
0.
0.
-0.1367
0.
0.
0.
-0.133339
0.
0.
0.
0.115522
0.
0.
0.
0.0717673
0.
0.
0.
0.0315113
0.
0.
0.
-0.129811
0.
0.
0.
0.0372148
0.
0.
0.
-0.0229481
0.
0.
0.
-0.0117939
0.
0.
0.
0.250075
0.
0.
0.
0.140108
0.
0.
0.
0.0579399
0.
0.
0.
-0.000772285
1.
0.
0.
0.050267
0.401564
-0.0085246
-0.000987727
-0.00239506
0.376167
0.
-0.0023017
-0.00258476
0.275564
0.
-0.000733943
-0.0228902
0.330401
0.
0.0141105
0.0653762
0.379434
0.
0.00306856
-0.01059
0.278164
0.
0.0103616
-0.0268642
0.336414
0.
-0.00749379
0.0856515
0.337853
0.0139199
0.
0.0904375
0.378914
0.0202038
0.
-0.000327154
0.262972
0.0241895
0.
-0.0278837
0.313716
-0.00209522
0.
0.0820977
0.383396
0.012025
0.
-0.00285728
0.270029
0.0133062
0.
-0.0320061
0.244406
0.0150154
-0.0495598
-0.0223482
0.248261
-0.0217153
0.0218315
-0.0433292
0.351365
-0.029932
-0.0443466
0.02266
0.425015
-0.105827
-0.126494
0.163452
0.36045
0.100633
-0.127782
0.119012
0.321781
0.00938807
0.0272561
0.053362
0.3527
0.097423
0.076273
0.139171
0.256909
-0.0112091
-0.0273971
-0.0101664
0.378851
0.001096
-0.0321607
0.0248046
0.258052
0.0164047
0.0282709
-0.0215522
0.340376
-0.00741217
0.0285007
0.0297609
0.309843
-0.088362
0.119009
0.125951
0.370257
-0.00379855
-0.0115321
0.0457415
0.293915
-0.0379719
0.0478661
-0.0369605
0.335717
0.0244632
0.122602
0.128632
