Vec Object: 1 MPI process
  type: seq
0.
0.
0.
-0.122471
0.
0.
0.
0.0734564
0.156996
-0.167682
0.
-0.0979074
0.169392
-0.17757
0.
-0.0847442
0.191563
0.201416
0.
-0.0666476
0.171531
0.168629
0.
-0.0992429
0.385668
0.0117102
0.
0.0100085
0.374626
0.0104795
0.
0.00545047
0.388997
-0.0191174
0.
0.00573762
0.393284
-0.0212902
0.
0.0178866
0.
0.
0.
-0.0461066
0.
0.
0.
-0.113055
0.301479
-0.054494
0.
-0.0180068
0.322068
0.0862666
0.
0.00131608
0.306911
-0.050159
0.
-0.00223783
0.324787
0.116779
0.
0.0202312
0.332244
0.0663847
0.
0.00975544
0.324237
-0.104555
0.
0.0144893
0.302848
0.0445278
0.
-0.0266404
0.321378
-0.0624863
0.
-0.00467382
0.
0.
0.
-0.128084
0.
0.
0.
-0.0429805
0.
0.
0.
0.0431361
0.
0.
0.
0.0689984
0.
0.
0.
-0.09566
0.
0.
0.
-0.135893
0.
0.
0.
-0.131332
0.
0.
0.
0.117608
0.
0.
0.
0.0740255
0.
0.
0.
0.0330089
0.
0.
0.
-0.128443
0.
0.
0.
0.0376256
0.
0.
0.
-0.021286
0.
0.
0.
-0.0118837
0.
0.
0.
0.252506
0.
0.
0.
0.142703
0.
0.
0.
0.0596133
0.
0.
0.
-0.000937115
1.
0.
0.
0.0503612
0.401625
-0.00852752
-0.000997864
-0.00229323
0.376129
0.
-0.00227579
-0.0025859
0.275666
0.
-0.00070075
-0.0231367
0.33096
0.
0.0140152
0.0657606
0.379461
0.
0.00303384
-0.010617
0.278266
0.
0.0102972
-0.0271909
0.336845
0.
-0.00751708
0.0862339
0.3385
0.0138108
0.
0.0911433
0.378893
0.0202295
0.
-0.000329672
0.26309
0.0242313
0.
-0.0281468
0.314293
-0.00215214
0.
0.0827683
0.383409
0.0119655
0.
-0.00287661
0.270127
0.0132309
0.
-0.0323628
0.24434
0.0148665
-0.0494079
-0.0226742
0.248252
-0.0216172
0.0217623
-0.043841
0.35099
-0.0300394
-0.043906
0.0230158
0.425083
-0.105094
-0.125999
0.164348
0.360636
0.0999493
-0.127236
0.119838
0.321212
0.00995827
0.0272061
0.0539077
0.352593
0.0968863
0.0758596
0.140184
0.25652
-0.0110873
-0.0273449
-0.0102133
0.378234
0.00107637
-0.031848
0.0251692
0.258037
0.0162361
0.0281745
-0.0219795
0.33972
-0.00765856
0.0282179
0.0302391
0.309807
-0.0877868
0.118582
0.126721
0.369583
-0.00369326
-0.0116019
0.0463166
0.29318
-0.0385978
0.0474238
-0.0357964
0.335603
0.0241738
0.122136
0.129674
