Vec Object: 1 MPI process
  type: seq
0.
0.
0.
-0.1104
0.
0.
0.
0.158453
0.148918
-0.168502
0.
-0.126427
0.164232
-0.177722
0.
-0.105639
0.196098
0.196944
0.
-0.0688465
0.164142
0.172063
0.
-0.13185
0.38088
0.0168517
0.
0.0308098
0.371963
0.014082
0.
0.017169
0.386188
-0.0196605
0.
0.0164207
0.387582
-0.0269364
0.
0.0395854
0.
0.
0.
-0.0598244
0.
0.
0.
-0.155108
0.288955
-0.050651
0.
-0.0175895
0.324241
0.0806523
0.
-0.0139001
0.295385
-0.0474878
0.
0.00606536
0.326864
0.114284
0.
0.00542486
0.319807
0.0597413
0.
0.0189003
0.325889
-0.100123
0.
-0.00162234
0.290055
0.0474848
0.
-0.0323785
0.322872
-0.0589653
0.
-0.0227863
0.
0.
0.
-0.0737184
0.
0.
0.
-0.073629
0.
0.
0.
0.136557
0.
0.
0.
0.0324488
0.
0.
0.
-0.127824
0.
0.
0.
-0.0645762
0.
0.
0.
0.00673939
0.
0.
0.
0.252
0.
0.
0.
0.218888
0.
0.
0.
0.136299
0.
0.
0.
-0.0172008
0.
0.
0.
0.0744123
0.
0.
0.
0.0942678
0.
0.
0.
-0.00981531
0.
0.
0.
0.397986
0.
0.
0.
0.303874
0.
0.
0.
0.178089
0.
0.
0.
-0.00936085
1.
0.
0.
0.0572793
0.403198
-0.00859324
-0.00148899
0.0155115
0.375747
0.
-0.000903286
-0.00517391
0.280681
0.
0.000913289
-0.0452701
0.361289
0.
0.0091888
0.0898265
0.382376
0.
0.0011479
-0.0130396
0.28288
0.
0.00705024
-0.0528216
0.358991
0.
-0.00839244
0.120688
0.372464
0.0080524
0.
0.131721
0.379628
0.0209998
0.
-0.00304399
0.26906
0.0253682
0.
-0.05116
0.34435
-0.00392201
0.
0.125565
0.386042
0.00870919
0.
-0.00492778
0.275045
0.00919823
0.
-0.0600178
0.240556
0.00631663
-0.0391715
-0.0445418
0.247219
-0.0154007
0.0166849
-0.0784275
0.327
-0.035006
-0.0235451
0.0434951
0.433186
-0.065006
-0.0983652
0.217068
0.374553
0.0624366
-0.0977607
0.168227
0.281673
0.0332881
0.022035
0.0871114
0.348655
0.0648929
0.055674
0.20229
0.235808
-0.00293831
-0.0239481
-0.0136541
0.338635
-0.000157325
-0.0163343
0.0480442
0.25558
0.00462076
0.0218685
-0.0487151
0.303766
-0.0187675
0.0161591
0.060292
0.311723
-0.0558262
0.0938477
0.174479
0.33167
0.00192165
-0.0130684
0.0805948
0.241111
-0.0583411
0.0261688
0.0494757
0.331752
0.00834363
0.0944313
0.195184
