Vec Object: 1 MPI process
  type: seq
0.
0.
0.
-0.116436
0.
0.
0.
0.0469666
0.160595
-0.167309
0.
-0.0838589
0.171265
-0.177759
0.
-0.0753638
0.190323
0.203006
0.
-0.0617718
0.174871
0.167016
0.
-0.0829482
0.38693
0.0103366
0.
0.00576725
0.375046
0.00970421
0.
0.00536436
0.389541
-0.0197359
0.
0.00645605
0.395049
-0.0195271
0.
0.0126921
0.
0.
0.
-0.0380818
0.
0.
0.
-0.0936815
0.307339
-0.0557506
0.
-0.0176921
0.320923
0.0876216
0.
0.00328759
0.312437
-0.05094
0.
-0.00681802
0.323831
0.115844
0.
0.0209671
0.338242
0.0693804
0.
0.00435208
0.323502
-0.104645
0.
0.0158962
0.308484
0.0425385
0.
-0.0228677
0.320736
-0.0629246
0.
-0.00226294
0.
0.
0.
-0.135329
0.
0.
0.
-0.0239065
0.
0.
0.
0.014517
0.
0.
0.
0.0934034
0.
0.
0.
-0.0778136
0.
0.
0.
-0.150709
0.
0.
0.
-0.176207
0.
0.
0.
0.0690811
0.
0.
0.
0.021424
0.
0.
0.
-0.000249164
0.
0.
0.
-0.155242
0.
0.
0.
0.0303349
0.
0.
0.
-0.0579494
0.
0.
0.
-0.00802262
0.
0.
0.
0.193339
0.
0.
0.
0.0809972
0.
0.
0.
0.0230069
0.
0.
0.
0.00353072
1.
0.
0.
0.0474864
0.399776
-0.00844478
-0.000734191
-0.00367186
0.377348
0.
-0.002942
-0.00294287
0.272976
0.
-0.00158625
-0.0176675
0.31667
0.
0.0165254
0.0564572
0.378868
0.
0.00389787
-0.0101739
0.27548
0.
0.0119798
-0.019526
0.325576
0.
-0.00685696
0.0717486
0.321698
0.0166336
0.
0.0736451
0.379703
0.0194928
0.
-0.000658323
0.260022
0.0229556
0.
-0.0222579
0.299256
-0.000417219
0.
0.0667071
0.383221
0.0134479
0.
-0.00266808
0.267574
0.0151056
0.
-0.0240859
0.246074
0.0185204
-0.0527493
-0.0147283
0.24846
-0.0238222
0.0231639
-0.0314108
0.359706
-0.0272623
-0.0558772
0.0145912
0.424379
-0.12371
-0.138554
0.142098
0.356925
0.117307
-0.141258
0.0995283
0.333473
-0.00601433
0.0278815
0.0409716
0.355789
0.109862
0.0868909
0.115707
0.266647
-0.0137568
-0.0285746
-0.00885792
0.39253
0.0015244
-0.0399501
0.0166975
0.258091
0.0198185
0.0303696
-0.0111339
0.356472
-0.000903964
0.0361746
0.0192545
0.311715
-0.102306
0.12917
0.108216
0.386444
-0.00632704
-0.00939369
0.0327347
0.308895
-0.0196441
0.0591046
-0.0606214
0.339171
0.0314765
0.133415
0.104851
