Vec Object: 1 MPI process
  type: seq
0.
0.
0.
-0.0788698
0.
0.
0.
0.0191593
0.16958
-0.167932
0.
-0.0493323
0.175742
-0.179918
0.
-0.0522415
0.189755
0.207405
0.
-0.0437364
0.182813
0.163701
0.
-0.0402323
0.389736
0.00841034
0.
-0.00061866
0.376634
0.00734993
0.
0.00964026
0.392506
-0.0219211
0.
0.00933075
0.399245
-0.0161785
0.
0.00329921
0.
0.
0.
-0.018256
0.
0.
0.
-0.0555605
0.324914
-0.0579683
0.
-0.0117462
0.316508
0.0900331
0.
0.00296215
0.330068
-0.0503068
0.
-0.0150824
0.321166
0.109454
0.
0.0155454
0.357053
0.0756952
0.
-0.00500336
0.321662
-0.101649
0.
0.0122243
0.323781
0.0359112
0.
-0.00998204
0.320444
-0.0619205
0.
-0.00324702
0.
0.
0.
-0.105802
0.
0.
0.
0.0255683
0.
0.
0.
-0.0127714
0.
0.
0.
0.153208
0.
0.
0.
-0.0395652
0.
0.
0.
-0.137546
0.
0.
0.
-0.232593
0.
0.
0.
-0.012653
0.
0.
0.
-0.0663812
0.
0.
0.
-0.0382188
0.
0.
0.
-0.143472
0.
0.
0.
0.0378726
0.
0.
0.
-0.0951283
0.
0.
0.
0.0133932
0.
0.
0.
0.062547
0.
0.
0.
-0.0369639
0.
0.
0.
-0.012117
0.
0.
0.
0.0109786
1.
0.
0.
0.0329807
0.390512
-0.0078418
0.00022753
-0.00102652
0.382785
0.
-0.00471003
-0.0056841
0.265266
0.
-0.00452426
-0.00696287
0.273188
0.
0.0245591
0.0344415
0.376155
0.
0.00574619
-0.00969198
0.265454
0.
0.0171872
-0.0017921
0.288874
0.
-0.00383859
0.0347572
0.26796
0.0246144
0.
0.032292
0.384147
0.0171573
0.
-0.00331595
0.252116
0.0164771
0.
-0.0108052
0.249492
0.00831747
0.
0.0324128
0.382225
0.0167253
0.
-0.00365551
0.260507
0.01856
0.
-0.00671578
0.25243
0.0268492
-0.0537694
-0.00015484
0.248891
-0.0236465
0.0214274
-0.00392042
0.372084
-0.0207972
-0.0961279
-0.00355633
0.435709
-0.172408
-0.174487
0.0872684
0.363918
0.163183
-0.181632
0.0531698
0.332253
-0.0588217
0.022562
0.0136316
0.370687
0.136005
0.121839
0.0622072
0.298529
-0.0159532
-0.0311944
-0.0075981
0.412283
0.00215279
-0.0589523
-0.000779616
0.253603
0.0181672
0.0333647
0.0152665
0.406056
0.0231812
0.0678145
-0.000792315
0.33209
-0.140392
0.155524
0.0683123
0.426732
-0.0113021
-6.31277e-05
0.00680593
0.310698
0.0588296
0.0891176
-0.0801295
0.360087
0.0491661
0.155604
0.0544826
