Vec Object: 1 MPI process
  type: seq
0.
0.
0.
-0.07836
0.
0.
0.
0.0192127
0.169717
-0.167974
0.
-0.0488558
0.17583
-0.179976
0.
-0.051867
0.189798
0.207479
0.
-0.0434108
0.182912
0.16368
0.
-0.0396489
0.389781
0.00840754
0.
-0.000681971
0.376694
0.00728358
0.
0.0096876
0.392593
-0.021958
0.
0.00932367
0.39931
-0.0161477
0.
0.00318963
0.
0.
0.
-0.0181124
0.
0.
0.
-0.0553401
0.32522
-0.0580081
0.
-0.0116487
0.316413
0.0900736
0.
0.00293817
0.330391
-0.0502556
0.
-0.0151389
0.32113
0.109319
0.
0.0154303
0.357388
0.0757627
0.
-0.00505723
0.321641
-0.101576
0.
0.0121296
0.324024
0.035811
0.
-0.0098181
0.32048
-0.0618835
0.
-0.00329623
0.
0.
0.
-0.105017
0.
0.
0.
0.0260216
0.
0.
0.
-0.0126397
0.
0.
0.
0.153533
0.
0.
0.
-0.0393963
0.
0.
0.
-0.136914
0.
0.
0.
-0.232694
0.
0.
0.
-0.0132639
0.
0.
0.
-0.0669983
0.
0.
0.
-0.0381966
0.
0.
0.
-0.142423
0.
0.
0.
0.0381541
0.
0.
0.
-0.0949594
0.
0.
0.
0.0137443
0.
0.
0.
0.0610047
0.
0.
0.
-0.0380644
0.
0.
0.
-0.0119513
0.
0.
0.
0.0109223
1.
0.
0.
0.0326778
0.390297
-0.00782069
0.000250048
-0.000965425
0.382887
0.
-0.0047337
-0.00571679
0.265156
0.
-0.00457806
-0.00682689
0.272416
0.
0.0246962
0.0341279
0.376067
0.
0.0057629
-0.00966151
0.265265
0.
0.0172776
-0.00155601
0.288206
0.
-0.0037619
0.0342435
0.266989
0.0247269
0.
0.0317764
0.384236
0.017125
0.
-0.00334706
0.252029
0.0163199
0.
-0.0106742
0.248544
0.00851753
0.
0.0320065
0.382174
0.0167583
0.
-0.00366214
0.260403
0.0185692
0.
-0.00650507
0.252542
0.0269637
-0.0536558
-6.45232e-05
0.24888
-0.0235105
0.0213115
-0.00361988
0.372087
-0.0207338
-0.096797
-0.00378786
0.436069
-0.173064
-0.175081
0.0865273
0.364342
0.16382
-0.18226
0.0526123
0.331672
-0.0595403
0.0224067
0.0133075
0.370998
0.136262
0.122378
0.0615717
0.299072
-0.0159386
-0.0312351
-0.00764755
0.412301
0.00215557
-0.0591137
-0.00100475
0.253444
0.0179414
0.0333836
0.0155595
0.406901
0.0236051
0.0684299
-0.00100685
0.33266
-0.140929
0.155894
0.0678255
0.427213
-0.0113178
8.35027e-05
0.00654025
0.310162
0.0600898
0.0894005
-0.0799503
0.360618
0.0493616
0.15579
0.0539299
