Vec Object: 1 MPI process
  type: seq
0.
0.
0.
-0.10201
0.
0.
0.
0.02721
0.164515
-0.167189
0.
-0.0684163
0.173095
-0.178351
0.
-0.0654274
0.189452
0.204817
0.
-0.0548659
0.178524
0.165304
0.
-0.06416
0.388148
0.00917904
0.
0.0024261
0.375417
0.00895826
0.
0.00697207
0.390323
-0.0206298
0.
0.00812786
0.396862
-0.0178321
0.
0.00807832
0.
0.
0.
-0.0281426
0.
0.
0.
-0.073091
0.314427
-0.0567564
0.
-0.0156783
0.319355
0.0887268
0.
0.00372016
0.319324
-0.0512222
0.
-0.0112105
0.322682
0.113703
0.
0.0194479
0.345685
0.0724651
0.
-0.000830194
0.322658
-0.10383
0.
0.0151784
0.314963
0.0397956
0.
-0.0173192
0.320194
-0.0628344
0.
-0.00185139
0.
0.
0.
-0.130086
0.
0.
0.
-0.000172444
0.
0.
0.
-0.00618533
0.
0.
0.
0.12386
0.
0.
0.
-0.0572742
0.
0.
0.
-0.15359
0.
0.
0.
-0.212249
0.
0.
0.
0.0246209
0.
0.
0.
-0.0267509
0.
0.
0.
-0.0260863
0.
0.
0.
-0.165179
0.
0.
0.
0.0295723
0.
0.
0.
-0.0854683
0.
0.
0.
-3.67233e-05
0.
0.
0.
0.131382
0.
0.
0.
0.0207254
0.
0.
0.
-0.0036674
0.
0.
0.
0.00856716
1.
0.
0.
0.0425685
0.396743
-0.0083042
-0.000398832
-0.00316419
0.379337
0.
-0.00372591
-0.00404853
0.269672
0.
-0.00273352
-0.012628
0.299358
0.
0.0197202
0.0466038
0.378162
0.
0.00481963
-0.0100821
0.271695
0.
0.0140714
-0.0115676
0.311291
0.
-0.00588038
0.0554591
0.300662
0.0200531
0.
0.0545655
0.381249
0.0184914
0.
-0.00173398
0.256381
0.0208628
0.
-0.0167565
0.280213
0.00245408
0.
0.0503458
0.383127
0.0150443
0.
-0.00301098
0.264526
0.017053
0.
-0.0159043
0.248436
0.0223771
-0.0549637
-0.00674663
0.248704
-0.025302
0.0236395
-0.0182593
0.367435
-0.0241081
-0.0718519
0.00616038
0.426544
-0.145231
-0.153364
0.117486
0.355958
0.137409
-0.158124
0.077801
0.340602
-0.0280232
0.0269342
0.0280247
0.360919
0.122975
0.10115
0.0903502
0.279343
-0.015625
-0.0297768
-0.00739726
0.404972
0.0019006
-0.0492924
0.00851551
0.257219
0.0216961
0.0321844
0.00125066
0.376593
0.00835156
0.0476998
0.00920097
0.317068
-0.118965
0.14086
0.0893106
0.405115
-0.00909402
-0.00579964
0.0196693
0.31809
0.0102556
0.0732641
-0.0771987
0.345518
0.0397052
0.144817
0.0801447
