Vec Object: 1 MPI process
  type: seq
0.
0.
0.
-0.0875146
0.
0.
0.
0.0199111
0.167573
-0.167468
0.
-0.0566242
0.174579
-0.179168
0.
-0.0575965
0.189366
0.206344
0.
-0.0483921
0.181235
0.164174
0.
-0.0493256
0.389095
0.00857842
0.
0.000430121
0.375959
0.00815572
0.
0.00871944
0.391413
-0.021396
0.
0.00915252
0.398288
-0.0167281
0.
0.00503052
0.
0.
0.
-0.0212576
0.
0.
0.
-0.0604964
0.320575
-0.0574457
0.
-0.0132982
0.317777
0.0894888
0.
0.0033296
0.325538
-0.0508844
0.
-0.0139143
0.321741
0.111317
0.
0.017214
0.352309
0.0745704
0.
-0.00382081
0.322021
-0.102644
0.
0.0135547
0.320248
0.0374307
0.
-0.0126748
0.320132
-0.0623876
0.
-0.00255825
0.
0.
0.
-0.116982
0.
0.
0.
0.0171151
0.
0.
0.
-0.0129633
0.
0.
0.
0.144902
0.
0.
0.
-0.0442513
0.
0.
0.
-0.145994
0.
0.
0.
-0.228416
0.
0.
0.
-0.00119874
0.
0.
0.
-0.0544512
0.
0.
0.
-0.0365055
0.
0.
0.
-0.156471
0.
0.
0.
0.0338138
0.
0.
0.
-0.0950971
0.
0.
0.
0.00802984
0.
0.
0.
0.0874045
0.
0.
0.
-0.017787
0.
0.
0.
-0.0123678
0.
0.
0.
0.0109834
1.
0.
0.
0.0371913
0.393358
-0.00808882
-6.22683e-05
-0.00194305
0.381328
0.
-0.00433979
-0.00510196
0.266968
0.
-0.00377134
-0.00908087
0.284118
0.
0.0225708
0.0391453
0.377201
0.
0.00544145
-0.00998226
0.268111
0.
0.0158995
-0.00549373
0.298306
0.
-0.0048062
0.0426789
0.281689
0.0228631
0.
0.0404866
0.382897
0.0176622
0.
-0.00275633
0.253617
0.0185135
0.
-0.0129467
0.262632
0.00565198
0.
0.0389012
0.382782
0.0161518
0.
-0.00345954
0.262071
0.0181994
0.
-0.0100822
0.250763
0.0251528
-0.054929
-0.00204113
0.248904
-0.0250125
0.0227745
-0.00895651
0.371219
-0.0219085
-0.0862626
7.42521e-05
0.431113
-0.16213
-0.165888
0.0987138
0.35909
0.153332
-0.172278
0.0621174
0.338544
-0.0471647
0.024675
0.0188696
0.366388
0.131601
0.113635
0.0723972
0.29064
-0.016078
-0.0306289
-0.00711918
0.410883
0.00208695
-0.0558429
0.00271231
0.255501
0.0206254
0.0330385
0.0103336
0.393934
0.0170263
0.0591706
0.00272404
0.324791
-0.132152
0.149887
0.0759916
0.4189
-0.0107536
-0.00233955
0.011231
0.316587
0.0393674
0.083822
-0.081369
0.353216
0.0458161
0.152151
0.063516
