Vec Object: 1 MPI process
  type: seq
0.
0.
0.
-0.0919205
0.
0.
0.
0.220823
0.145808
-0.167255
0.
-0.129481
0.161986
-0.176665
0.
-0.107126
0.201736
0.191728
0.
-0.0515698
0.161352
0.172603
0.
-0.137779
0.374555
0.0232981
0.
0.0650527
0.367522
0.0194069
0.
0.044041
0.380729
-0.023666
0.
0.0483239
0.380958
-0.0333911
0.
0.0731747
0.
0.
0.
-0.0733851
0.
0.
0.
-0.186824
0.281143
-0.0500557
0.
-0.0316772
0.325627
0.0740612
0.
-0.0384198
0.288245
-0.0480952
0.
-0.00567809
0.328392
0.107906
0.
-0.0212291
0.312237
0.0581358
0.
0.00848069
0.327134
-0.0927233
0.
-0.0287476
0.281597
0.0502679
0.
-0.0453684
0.32371
-0.0540742
0.
-0.0505604
0.
0.
0.
-0.0218943
0.
0.
0.
-0.0905626
0.
0.
0.
0.206373
0.
0.
0.
0.0180306
0.
0.
0.
-0.148019
0.
0.
0.
-0.00221643
0.
0.
0.
0.110833
0.
0.
0.
0.34716
0.
0.
0.
0.32028
0.
0.
0.
0.21164
0.
0.
0.
0.0768568
0.
0.
0.
0.102878
0.
0.
0.
0.179526
0.
0.
0.
-0.00919828
0.
0.
0.
0.496455
0.
0.
0.
0.41505
0.
0.
0.
0.269441
0.
0.
0.
-0.0222199
1.
0.
0.
0.0768809
0.401526
-0.00835655
-0.00162177
0.0524845
0.378048
0.
-0.000101709
-0.00883384
0.283202
0.
0.00168362
-0.0782375
0.378049
0.
0.00665289
0.108004
0.387005
0.
0.000164917
-0.0130892
0.284841
0.
0.00543076
-0.0868243
0.369816
0.
-0.00841603
0.145626
0.390423
0.00487834
0.
0.158501
0.382991
0.0206
0.
-0.00672646
0.272228
0.0247107
0.
-0.0841376
0.359836
-0.00364044
0.
0.159298
0.391269
0.00697633
0.
-0.00465585
0.277511
0.00720171
0.
-0.0951539
0.237708
0.00133922
-0.0317424
-0.0732412
0.245841
-0.0113271
0.0128383
-0.117031
0.30939
-0.0357159
-0.0147596
0.0467716
0.440977
-0.041034
-0.0810489
0.256015
0.384823
0.0399008
-0.0802134
0.20104
0.251601
0.0393306
0.0171523
0.102972
0.346964
0.0438799
0.0457686
0.245955
0.223447
0.00194868
-0.0213394
-0.0270702
0.310021
-0.000845487
-0.00906732
0.0574764
0.25253
-0.00281224
0.0173771
-0.0811092
0.281588
-0.0228733
0.0118856
0.0724685
0.315092
-0.0361238
0.0778538
0.207507
0.307969
0.00488853
-0.0115914
0.0959364
0.200791
-0.0575792
0.0166321
0.113306
0.330367
-0.000964774
0.0762347
0.24218
