Vec Object: 1 MPI process
  type: seq
0.
0.
0.
-0.075085
0.
0.
0.
0.0199414
0.170718
-0.168324
0.
-0.0454951
0.176513
-0.180435
0.
-0.0491088
0.190177
0.208025
0.
-0.0410261
0.183598
0.163589
0.
-0.0355979
0.390102
0.00842614
0.
-0.00110748
0.377183
0.00675079
0.
0.00995347
0.393283
-0.0222328
0.
0.00919058
0.399788
-0.0159531
0.
0.00242801
0.
0.
0.
-0.017327
0.
0.
0.
-0.0541911
0.327477
-0.0583166
0.
-0.0109893
0.31569
0.0903867
0.
0.00277845
0.332789
-0.0498354
0.
-0.0154491
0.320884
0.108303
0.
0.0145965
0.359865
0.0762159
0.
-0.00534111
0.321495
-0.101022
0.
0.0114341
0.325797
0.0351006
0.
-0.00872243
0.320799
-0.0615943
0.
-0.00365356
0.
0.
0.
-0.099372
0.
0.
0.
0.0287781
0.
0.
0.
-0.011304
0.
0.
0.
0.154797
0.
0.
0.
-0.0388002
0.
0.
0.
-0.132235
0.
0.
0.
-0.232748
0.
0.
0.
-0.0170511
0.
0.
0.
-0.0707242
0.
0.
0.
-0.037562
0.
0.
0.
-0.134357
0.
0.
0.
0.0401239
0.
0.
0.
-0.0931528
0.
0.
0.
0.0162028
0.
0.
0.
0.0504703
0.
0.
0.
-0.0452145
0.
0.
0.
-0.0102879
0.
0.
0.
0.0102975
1.
0.
0.
0.0304336
0.388658
-0.00764831
0.000426001
-0.000537095
0.383633
0.
-0.00489841
-0.00591886
0.264378
0.
-0.00498019
-0.00587978
0.266705
0.
0.0256902
0.0318826
0.375352
0.
0.00586638
-0.00938984
0.263864
0.
0.0179462
7.09132e-05
0.283254
0.
-0.0031544
0.0306476
0.259811
0.0255057
0.
0.0282257
0.384897
0.0169006
0.
-0.00353727
0.251478
0.0150962
0.
-0.009793
0.241457
0.010045
0.
0.0292044
0.381741
0.0169716
0.
-0.00367549
0.259664
0.0185681
0.
-0.00506332
0.253329
0.027805
-0.0527055
0.000450875
0.248737
-0.02234
0.0203784
-0.0016255
0.371873
-0.0203246
-0.101597
-0.00538875
0.438851
-0.177602
-0.179403
0.0813286
0.367811
0.168265
-0.186751
0.0487923
0.326888
-0.0643299
0.0212621
0.0111154
0.373324
0.137952
0.126156
0.0572101
0.303011
-0.0158367
-0.0315451
-0.00804824
0.412136
0.00216863
-0.0600596
-0.00257342
0.252169
0.0160715
0.0335223
0.0174958
0.413094
0.0266669
0.0729732
-0.00245314
0.337087
-0.144701
0.158501
0.0644416
0.430463
-0.0113338
0.0010898
0.00475337
0.305838
0.0687493
0.0910865
-0.0783617
0.364728
0.0506148
0.15692
0.0501705
