Vec Object: 1 MPI process
  type: seq
0.
0.
0.
-0.122326
0.
0.
0.
0.0970319
0.15436
-0.168024
0.
-0.107918
0.167854
-0.177589
0.
-0.0917835
0.192689
0.200214
0.
-0.0691623
0.169112
0.169797
0.
-0.110571
0.384543
0.0129506
0.
0.0143042
0.374125
0.0112486
0.
0.00691313
0.388488
-0.018885
0.
0.00647577
0.391827
-0.0227515
0.
0.022689
0.
0.
0.
-0.0509276
0.
0.
0.
-0.126606
0.297443
-0.0533489
0.
-0.0174921
0.322796
0.0849526
0.
-0.0014927
0.303168
-0.0493486
0.
0.0012344
0.325444
0.116772
0.
0.0179508
0.328186
0.064163
0.
0.0136881
0.324753
-0.103886
0.
0.0117604
0.298833
0.0456437
0.
-0.0285372
0.321861
-0.0618049
0.
-0.00810256
0.
0.
0.
-0.116167
0.
0.
0.
-0.0545169
0.
0.
0.
0.0688755
0.
0.
0.
0.0545415
0.
0.
0.
-0.107088
0.
0.
0.
-0.118548
0.
0.
0.
-0.0926179
0.
0.
0.
0.156834
0.
0.
0.
0.116454
0.
0.
0.
0.0619975
0.
0.
0.
-0.100096
0.
0.
0.
0.0465821
0.
0.
0.
0.0109935
0.
0.
0.
-0.0125966
0.
0.
0.
0.296892
0.
0.
0.
0.19081
0.
0.
0.
0.0922938
0.
0.
0.
-0.00365763
1.
0.
0.
0.0519054
0.402532
-0.00857371
-0.00117327
0.000421432
0.37561
0.
-0.0018222
-0.00285887
0.277418
0.
-0.000135274
-0.0281204
0.340828
0.
0.0123714
0.0728558
0.380046
0.
0.00241539
-0.0112345
0.279966
0.
0.00918535
-0.0335042
0.344323
0.
-0.00789104
0.0967621
0.349789
0.0119027
0.
0.103852
0.378687
0.0206267
0.
-0.000632836
0.265131
0.0248539
0.
-0.0334277
0.32434
-0.0030126
0.
0.0952212
0.383794
0.0109038
0.
-0.00337117
0.271825
0.0118939
0.
-0.0392706
0.243179
0.0121714
-0.0464843
-0.0286549
0.248044
-0.0197648
0.0203765
-0.0533319
0.343963
-0.0318828
-0.0365167
0.0296143
0.426802
-0.0921144
-0.117193
0.180525
0.364397
0.0878319
-0.11763
0.134798
0.310123
0.0192196
0.0260316
0.0640599
0.35094
0.0870711
0.0688122
0.158813
0.249723
-0.00873193
-0.0263649
-0.0109516
0.366628
0.000705793
-0.026453
0.0320565
0.257598
0.0129341
0.026343
-0.0296271
0.328134
-0.0117646
0.0235975
0.0393081
0.309646
-0.0775532
0.110871
0.140965
0.357526
-0.0018301
-0.0125905
0.0569792
0.278759
-0.0480658
0.0398843
-0.0126904
0.333887
0.0190399
0.113627
0.149025
