Vec Object: 1 MPI process
  type: seq
0.
0.
0.
-0.111634
0.
0.
0.
0.037918
0.162139
-0.167215
0.
-0.0777731
0.172001
-0.177939
0.
-0.0714306
0.189905
0.203704
0.
-0.0592453
0.176314
0.166328
0.
-0.0756607
0.387419
0.00983817
0.
0.0043268
0.375183
0.00941763
0.
0.00583556
0.389799
-0.0200696
0.
0.00708094
0.395768
-0.0188309
0.
0.0107708
0.
0.
0.
-0.034216
0.
0.
0.
-0.0853128
0.310032
-0.056183
0.
-0.0170957
0.320355
0.0880904
0.
0.00363018
0.315022
-0.0511314
0.
-0.00863844
0.323392
0.115133
0.
0.0206093
0.341043
0.0706281
0.
0.00218227
0.323173
-0.104429
0.
0.0158479
0.310991
0.0415197
0.
-0.0208219
0.320489
-0.0629563
0.
-0.00187002
0.
0.
0.
-0.134947
0.
0.
0.
-0.0147382
0.
0.
0.
0.00490098
0.
0.
0.
0.105211
0.
0.
0.
-0.0696383
0.
0.
0.
-0.153585
0.
0.
0.
-0.192215
0.
0.
0.
0.0503305
0.
0.
0.
0.00108778
0.
0.
0.
-0.0119012
0.
0.
0.
-0.16182
0.
0.
0.
0.0291195
0.
0.
0.
-0.070567
0.
0.
0.
-0.00531004
0.
0.
0.
0.16849
0.
0.
0.
0.0561759
0.
0.
0.
0.0106304
0.
0.
0.
0.00559595
1.
0.
0.
0.0458023
0.398727
-0.00839925
-0.000610137
-0.00366972
0.37805
0.
-0.00324529
-0.00331063
0.271715
0.
-0.00201399
-0.0156021
0.310111
0.
0.0177212
0.0525453
0.378622
0.
0.00426829
-0.0101072
0.274091
0.
0.0127698
-0.0163735
0.320237
0.
-0.00651092
0.0653968
0.313809
0.017939
0.
0.0660912
0.380231
0.0191174
0.
-0.00101521
0.258611
0.0222317
0.
-0.0200073
0.292151
0.000572818
0.
0.0600996
0.383195
0.0140862
0.
-0.00274371
0.2664
0.015902
0.
-0.0207785
0.246928
0.0200656
-0.0538512
-0.0114336
0.248548
-0.0245683
0.0235171
-0.0261575
0.363033
-0.0260144
-0.0617916
0.0111864
0.424806
-0.13206
-0.144226
0.132423
0.356051
0.125096
-0.147694
0.0908698
0.337277
-0.0141427
0.0277506
0.0357322
0.357578
0.115208
0.0922202
0.105515
0.271412
-0.0146467
-0.0290656
-0.00821881
0.397928
0.001689
-0.0436249
0.0133617
0.257884
0.0208827
0.0311705
-0.00627921
0.364132
0.00248577
0.040315
0.0150589
0.31333
-0.108775
0.133762
0.100587
0.393809
-0.00745414
-0.00812256
0.0273385
0.313735
-0.00905388
0.0645724
-0.0685767
0.341297
0.0347064
0.138071
0.094776
