Vec Object: 1 MPI process
  type: seq
0.
0.
0.
-0.100572
0.
0.
0.
0.0261066
0.164831
-0.167199
0.
-0.0671789
0.173241
-0.17842
0.
-0.0646285
0.189413
0.20497
0.
-0.0542394
0.178814
0.165174
0.
-0.0626154
0.388244
0.00910246
0.
0.00219797
0.375456
0.00889054
0.
0.00714841
0.39041
-0.0207071
0.
0.00826013
0.397008
-0.0177072
0.
0.00774211
0.
0.
0.
-0.0273555
0.
0.
0.
-0.0715822
0.315036
-0.0568274
0.
-0.0154525
0.319209
0.0888064
0.
0.00370042
0.319929
-0.0512131
0.
-0.0115269
0.322585
0.113484
0.
0.0192482
0.346334
0.0726988
0.
-0.00119217
0.32259
-0.103728
0.
0.0150442
0.315501
0.0395557
0.
-0.0168347
0.320167
-0.0628032
0.
-0.00189302
0.
0.
0.
-0.129061
0.
0.
0.
0.00174451
0.
0.
0.
-0.0072892
0.
0.
0.
0.126284
0.
0.
0.
-0.0557187
0.
0.
0.
-0.153184
0.
0.
0.
-0.214445
0.
0.
0.
0.0215398
0.
0.
0.
-0.0300779
0.
0.
0.
-0.0275913
0.
0.
0.
-0.164965
0.
0.
0.
0.0298372
0.
0.
0.
-0.0869873
0.
0.
0.
0.000747634
0.
0.
0.
0.126598
0.
0.
0.
0.0163259
0.
0.
0.
-0.00509005
0.
0.
0.
0.00891351
1.
0.
0.
0.0420768
0.39644
-0.00828804
-0.000368165
-0.00306091
0.379526
0.
-0.00379032
-0.00415664
0.269394
0.
-0.00283487
-0.0122475
0.297861
0.
0.0200008
0.045822
0.378087
0.
0.00488975
-0.0100803
0.271351
0.
0.0142524
-0.0109315
0.310028
0.
-0.00578543
0.0541292
0.298814
0.0203417
0.
0.0530573
0.381402
0.0184054
0.
-0.0018392
0.256084
0.0206541
0.
-0.0163418
0.278521
0.00274099
0.
0.0490966
0.383109
0.0151673
0.
-0.00305601
0.264273
0.0171938
0.
-0.0152764
0.248656
0.0226756
-0.0550455
-0.00617765
0.248727
-0.0253481
0.0236091
-0.0172397
0.367937
-0.0238623
-0.073273
0.00551053
0.426887
-0.146996
-0.154618
0.115509
0.356089
0.139064
-0.159554
0.0761049
0.340758
-0.0299687
0.0267644
0.0270343
0.361422
0.12395
0.102398
0.088398
0.280455
-0.0157149
-0.0298675
-0.00731851
0.405766
0.0019245
-0.0500269
0.00789421
0.257092
0.0217103
0.0322966
0.0022382
0.378315
0.0091917
0.0487807
0.00847604
0.317699
-0.120333
0.141803
0.0878636
0.406597
-0.00929585
-0.00546112
0.0187163
0.318335
0.0130802
0.0744173
-0.0779943
0.346183
0.0403633
0.14566
0.0782971
