Vec Object: 1 MPI process
  type: seq
0.
0.
0.
-0.0828058
0.
0.
0.
0.257365
0.14637
-0.164368
0.
-0.113608
0.162696
-0.174073
0.
-0.0913854
0.207831
0.186087
0.
-0.0216607
0.162096
0.170826
0.
-0.123195
0.367975
0.0298852
0.
0.103741
0.362628
0.0251232
0.
0.0761874
0.374217
-0.0292005
0.
0.0890801
0.374339
-0.0398684
0.
0.110957
0.
0.
0.
-0.0916299
0.
0.
0.
-0.216378
0.276079
-0.0527672
0.
-0.0592106
0.326678
0.068036
0.
-0.0652124
0.283605
-0.052119
0.
-0.0337743
0.329645
0.101103
0.
-0.0507643
0.307376
0.0602126
0.
-0.0156418
0.328171
-0.0853554
0.
-0.0581793
0.275939
0.0544398
0.
-0.0678923
0.324182
-0.049443
0.
-0.0799531
0.
0.
0.
0.0106774
0.
0.
0.
-0.107595
0.
0.
0.
0.248305
0.
0.
0.
0.00628415
0.
0.
0.
-0.167635
0.
0.
0.
0.0372921
0.
0.
0.
0.177794
0.
0.
0.
0.407047
0.
0.
0.
0.383111
0.
0.
0.
0.256795
0.
0.
0.
0.138675
0.
0.
0.
0.115704
0.
0.
0.
0.231418
0.
0.
0.
-0.0164993
0.
0.
0.
0.561012
0.
0.
0.
0.485815
0.
0.
0.
0.328954
0.
0.
0.
-0.0418013
1.
0.
0.
0.10954
0.398677
-0.00795311
-0.00156579
0.0961651
0.381086
0.
0.000402798
-0.0118729
0.28475
0.
0.00206512
-0.116096
0.386174
0.
0.00522497
0.121976
0.392005
0.
-0.000299905
-0.0109936
0.285914
0.
0.00459412
-0.124658
0.374081
0.
-0.00819863
0.16488
0.398942
0.00318478
0.
0.177827
0.386991
0.0198923
0.
-0.00961386
0.274166
0.0236343
0.
-0.121153
0.366833
-0.00285584
0.
0.185439
0.397172
0.00614592
0.
-0.00228255
0.278953
0.00636634
0.
-0.133524
0.235648
-0.00117925
-0.0269926
-0.108771
0.244668
-0.00891727
0.0103806
-0.158219
0.29722
-0.0340825
-0.010566
0.0354049
0.445797
-0.0264209
-0.0701803
0.287527
0.390625
0.0262053
-0.0695018
0.224622
0.231205
0.0397225
0.0137427
0.104018
0.345126
0.0307143
0.0405007
0.27555
0.215753
0.00369207
-0.019515
-0.050461
0.290765
-0.0010712
-0.00553542
0.0542948
0.25015
-0.00605875
0.0144865
-0.120085
0.267503
-0.0240427
0.0102335
0.0682432
0.316862
-0.0237811
0.0677717
0.228699
0.292936
0.00647509
-0.00980296
0.0963857
0.17344
-0.0532247
0.012094
0.149733
0.328761
-0.00654973
0.0648003
0.273786
