Vec Object: 1 MPI process
  type: seq
0.
0.
0.
-0.0802011
0.
0.
0.
0.0190802
0.169236
-0.167833
0.
-0.0505387
0.175526
-0.179775
0.
-0.0531736
0.189658
0.207221
0.
-0.044548
0.182559
0.163759
0.
-0.0417173
0.389626
0.00842264
0.
-0.000455311
0.376494
0.00750909
0.
0.00951152
0.392294
-0.0218295
0.
0.009337
0.39908
-0.0162597
0.
0.0035785
0.
0.
0.
-0.0186522
0.
0.
0.
-0.056179
0.324155
-0.0578713
0.
-0.0119964
0.31674
0.089934
0.
0.0030236
0.329268
-0.0504283
0.
-0.0149271
0.321259
0.109789
0.
0.0158336
0.356221
0.0755209
0.
-0.00485295
0.321718
-0.10183
0.
0.0124597
0.323174
0.0361643
0.
-0.0104052
0.320364
-0.0620102
0.
-0.00312437
0.
0.
0.
-0.107765
0.
0.
0.
0.0243583
0.
0.
0.
-0.0130399
0.
0.
0.
0.152247
0.
0.
0.
-0.0400779
0.
0.
0.
-0.139107
0.
0.
0.
-0.23224
0.
0.
0.
-0.0110276
0.
0.
0.
-0.0647248
0.
0.
0.
-0.0382005
0.
0.
0.
-0.146021
0.
0.
0.
0.0371633
0.
0.
0.
-0.0954602
0.
0.
0.
0.0125028
0.
0.
0.
0.0665012
0.
0.
0.
-0.0340877
0.
0.
0.
-0.012456
0.
0.
0.
0.0110876
1.
0.
0.
0.0337315
0.391037
-0.00789203
0.000172833
-0.00118109
0.38253
0.
-0.00464977
-0.00559762
0.265547
0.
-0.00439105
-0.0073087
0.275107
0.
0.0242164
0.035231
0.376365
0.
0.00570189
-0.00976156
0.265924
0.
0.0169622
-0.00239432
0.290534
0.
-0.00402395
0.0360611
0.270373
0.024328
0.
0.0336094
0.383925
0.0172394
0.
-0.00323338
0.252343
0.0168595
0.
-0.0111427
0.251834
0.0078271
0.
0.0334516
0.382346
0.0166389
0.
-0.00363443
0.260769
0.0185278
0.
-0.0072552
0.252147
0.0265626
-0.0540349
-0.000402307
0.248912
-0.0239618
0.0217042
-0.00469905
0.372044
-0.0209631
-0.094447
-0.00296618
0.434833
-0.170735
-0.173004
0.0891488
0.362911
0.161565
-0.180051
0.0545975
0.333624
-0.056969
0.0229465
0.0144642
0.369916
0.135337
0.120472
0.0638339
0.297169
-0.015988
-0.0310942
-0.00748228
0.412195
0.00214484
-0.058517
-0.000207442
0.253981
0.0186992
0.0333165
0.0145062
0.40395
0.0221198
0.0662861
-0.000239868
0.330705
-0.139031
0.154589
0.069553
0.425494
-0.0112497
-0.000437036
0.0074919
0.311967
0.0556188
0.0883598
-0.0805307
0.358795
0.0486549
0.155111
0.0559031
