Vec Object: 1 MPI process
  type: seq
0.
0.
0.
0.159104
0.
0.
0.
0.633543
0.198066
-0.113011
0.
0.75469
0.214497
-0.121455
0.
0.772998
0.268307
0.129691
0.
0.85753
0.215389
0.119173
0.
0.745104
0.355017
0.0401864
0.
-0.26613
0.355548
0.0328773
0.
-0.310121
0.359151
-0.0393418
0.
-0.259452
0.36157
-0.0490441
0.
-0.263198
0.
0.
0.
-0.00728858
0.
0.
0.
-0.191558
0.257699
-0.0770891
0.
-0.120714
0.330111
0.0310327
0.
-0.537989
0.266797
-0.0823258
0.
-0.109154
0.334033
0.0534779
0.
-0.546737
0.290045
0.0810572
0.
-0.0637565
0.331818
-0.0367786
0.
-0.549052
0.255486
0.0781538
0.
-0.0742663
0.326521
-0.0200648
0.
-0.562962
0.
0.
0.
0.355024
0.
0.
0.
0.0104454
0.
0.
0.
0.646881
0.
0.
0.
0.186993
0.
0.
0.
-0.0725482
0.
0.
0.
0.409142
0.
0.
0.
0.678091
0.
0.
0.
0.919966
0.
0.
0.
0.875049
0.
0.
0.
0.656058
0.
0.
0.
0.596661
0.
0.
0.
0.369203
0.
0.
0.
0.644892
0.
0.
0.
0.144508
0.
0.
0.
1.19333
0.
0.
0.
1.05839
0.
0.
0.
0.864603
0.
0.
0.
0.0280399
1.
0.
0.
1.05592
0.394274
-0.00509869
-0.000678126
-0.253415
0.392932
0.
0.00173866
-0.467253
0.287744
0.
0.00261785
-0.523663
0.372088
0.
0.00180738
0.698251
0.409647
0.
-0.000707238
-0.446129
0.286715
0.
0.00316916
-0.503591
0.351994
0.
-0.00694163
0.742207
0.384007
0.000806356
0.
0.749805
0.401117
0.013122
0.
-0.464423
0.277963
0.0149622
0.
-0.516887
0.349111
0.00105355
0.
0.781823
0.417282
0.00552196
0.
-0.439477
0.280929
0.00666882
0.
-0.519079
0.225701
-0.00402353
-0.0150334
-0.23991
0.237427
-0.00266844
0.00443095
-0.436627
0.258409
-0.0190406
-0.00301873
0.176735
0.446715
0.00186443
-0.0415682
0.984923
0.390207
0.00193476
-0.0422762
0.796638
0.171589
0.027338
0.00489292
0.31926
0.323423
0.00497869
0.0289975
0.821801
0.193496
0.000919725
-0.0136756
-0.0317299
0.234552
0.000638924
0.000841364
0.23623
0.239229
-0.00520349
0.00693639
-0.296205
0.228254
-0.0204225
0.00831901
0.224989
0.307518
0.000660265
0.0411886
0.736729
0.2493
0.00937995
-0.0032405
0.330458
0.0950518
-0.0299357
0.00516891
0.497568
0.307612
-0.0114885
0.0358121
0.80702
