Vec Object: 1 MPI process
  type: seq
0.
0.
0.
-0.119359
0.
0.
0.
0.0553428
0.159348
-0.167418
0.
-0.0887571
0.170644
-0.17766
0.
-0.0785778
0.190714
0.202453
0.
-0.0636266
0.173708
0.167576
0.
-0.088705
0.386517
0.0107777
0.
0.00707781
0.374924
0.00994881
0.
0.00518697
0.389354
-0.019492
0.
0.00605567
0.394456
-0.0201146
0.
0.0143628
0.
0.
0.
-0.0410447
0.
0.
0.
-0.100473
0.305249
-0.0553564
0.
-0.0179673
0.321345
0.0871989
0.
0.00280838
0.310451
-0.0507189
0.
-0.0052771
0.324173
0.116285
0.
0.020981
0.336087
0.0683526
0.
0.00618779
0.323762
-0.104712
0.
0.0156692
0.306502
0.043291
0.
-0.024341
0.320952
-0.0628323
0.
-0.00284246
0.
0.
0.
-0.134069
0.
0.
0.
-0.0309289
0.
0.
0.
0.0235126
0.
0.
0.
0.0843774
0.
0.
0.
-0.0842515
0.
0.
0.
-0.14681
0.
0.
0.
-0.161776
0.
0.
0.
0.0851959
0.
0.
0.
0.0389014
0.
0.
0.
0.0103773
0.
0.
0.
-0.147659
0.
0.
0.
0.032175
0.
0.
0.
-0.0463071
0.
0.
0.
-0.00975459
0.
0.
0.
0.213675
0.
0.
0.
0.101834
0.
0.
0.
0.03455
0.
0.
0.
0.00189837
1.
0.
0.
0.0486316
0.400504
-0.00847631
-0.000829085
-0.00343787
0.376859
0.
-0.00270443
-0.0027327
0.273949
0.
-0.00126256
-0.01944
0.321762
0.
0.0156146
0.0596474
0.379062
0.
0.00359709
-0.010277
0.276513
0.
0.0113726
-0.0221125
0.32965
0.
-0.00710707
0.0768116
0.327747
0.0156218
0.
0.0797347
0.379355
0.0197717
0.
-0.000456991
0.261123
0.0234586
0.
-0.0241782
0.304683
-0.00110199
0.
0.0721699
0.383257
0.0129313
0.
-0.00267714
0.26849
0.0144538
0.
-0.0268501
0.245441
0.0172592
-0.051696
-0.0174576
0.248392
-0.0231165
0.0227574
-0.0356873
0.356817
-0.028252
-0.051453
0.0174305
0.424377
-0.117123
-0.134108
0.149857
0.357982
0.111166
-0.136253
0.106557
0.329685
-1.2637e-05
0.0277887
0.0453372
0.354538
0.10543
0.0828577
0.124082
0.262997
-0.0129163
-0.0281618
-0.00936765
0.387811
0.00137826
-0.0370539
0.0195167
0.25815
0.018727
0.0296553
-0.0149732
0.350509
-0.00341559
0.0331685
0.0228708
0.310791
-0.0971868
0.125483
0.114518
0.380542
-0.00540833
-0.0102769
0.0372951
0.304067
-0.0270833
0.0548743
-0.0529622
0.33774
0.0289055
0.129559
0.113254
