Vec Object: 1 MPI process
  type: seq
0.
0.
0.
-0.113008
0.
0.
0.
0.0401289
0.161736
-0.167234
0.
-0.0793615
0.171812
-0.177885
0.
-0.0724524
0.190006
0.20352
0.
-0.0599285
0.175938
0.166507
0.
-0.0775777
0.387293
0.00996309
0.
0.00468505
0.375148
0.00949172
0.
0.00568857
0.389727
-0.0199797
0.
0.00690861
0.395582
-0.0190091
0.
0.0112577
0.
0.
0.
-0.0352397
0.
0.
0.
-0.0874802
0.309318
-0.0560756
0.
-0.0172779
0.320508
0.0879733
0.
0.00356522
0.314333
-0.0510908
0.
-0.00817378
0.323508
0.115336
0.
0.0207362
0.340297
0.070306
0.
0.00273487
0.323259
-0.104499
0.
0.015893
0.310332
0.0417941
0.
-0.0213769
0.320551
-0.0629566
0.
-0.00194041
0.
0.
0.
-0.135257
0.
0.
0.
-0.0171695
0.
0.
0.
0.0072371
0.
0.
0.
0.10208
0.
0.
0.
-0.0717799
0.
0.
0.
-0.153049
0.
0.
0.
-0.188251
0.
0.
0.
0.0550814
0.
0.
0.
0.00623956
0.
0.
0.
-0.00903361
0.
0.
0.
-0.160421
0.
0.
0.
0.0293214
0.
0.
0.
-0.0674817
0.
0.
0.
-0.00607615
0.
0.
0.
0.174928
0.
0.
0.
0.0625328
0.
0.
0.
0.0136404
0.
0.
0.
0.0050584
1.
0.
0.
0.0462717
0.399017
-0.00841201
-0.000643298
-0.00369845
0.377856
0.
-0.00316531
-0.00320446
0.27205
0.
-0.00189947
-0.0161289
0.311851
0.
0.0174017
0.0535617
0.378688
0.
0.00417217
-0.0101191
0.274465
0.
0.0125596
-0.0171922
0.321663
0.
-0.00660539
0.0670624
0.315913
0.0175929
0.
0.0680606
0.380083
0.0192182
0.
-0.000911933
0.258984
0.022432
0.
-0.0205825
0.294049
0.000298372
0.
0.061805
0.383201
0.0139203
0.
-0.00271534
0.26671
0.0156964
0.
-0.02163
0.246697
0.019665
-0.0535884
-0.01228
0.248524
-0.02439
0.023443
-0.0275218
0.362195
-0.0263411
-0.0602016
0.0120632
0.424646
-0.129863
-0.142727
0.134952
0.356226
0.123046
-0.14599
0.0931204
0.336392
-0.0119497
0.0278129
0.0370812
0.357084
0.113832
0.0907938
0.108152
0.270141
-0.0144322
-0.0289397
-0.00838273
0.396573
0.00164796
-0.0426602
0.0142162
0.257953
0.0206399
0.0309714
-0.00755349
0.362103
0.00157062
0.0391879
0.0161232
0.312854
-0.107075
0.132562
0.102557
0.391885
-0.00716265
-0.00847293
0.0287172
0.312607
-0.0119659
0.0631254
-0.0666724
0.340701
0.0338603
0.136872
0.0973657
