Vec Object: 1 MPI process
  type: seq
0.
0.
0.
-0.106247
0.
0.
0.
0.0311057
0.163539
-0.167179
0.
-0.0722523
0.172647
-0.17816
0.
-0.0678913
0.189606
0.204353
0.
-0.0567363
0.177621
0.165716
0.
-0.0689159
0.38785
0.00943283
0.
0.00316559
0.375312
0.00915489
0.
0.00645787
0.390083
-0.0203945
0.
0.00770169
0.396413
-0.0182306
0.
0.00914849
0.
0.
0.
-0.0306224
0.
0.
0.
-0.0779552
0.312583
-0.0565312
0.
-0.0163256
0.319786
0.0884749
0.
0.00373831
0.317506
-0.0512173
0.
-0.0101923
0.322978
0.114338
0.
0.0200032
0.343727
0.0717259
0.
0.000349818
0.322869
-0.104113
0.
0.0155307
0.313315
0.040523
0.
-0.0187958
0.320298
-0.0629089
0.
-0.00178333
0.
0.
0.
-0.132703
0.
0.
0.
-0.00615882
0.
0.
0.
-0.00221219
0.
0.
0.
0.116232
0.
0.
0.
-0.0622493
0.
0.
0.
-0.154244
0.
0.
0.
-0.204747
0.
0.
0.
0.0346653
0.
0.
0.
-0.0158869
0.
0.
0.
-0.0208533
0.
0.
0.
-0.164844
0.
0.
0.
0.0290505
0.
0.
0.
-0.0800665
0.
0.
0.
-0.00234693
0.
0.
0.
0.146409
0.
0.
0.
0.0348166
0.
0.
0.
0.00145702
0.
0.
0.
0.00740866
1.
0.
0.
0.043995
0.397618
-0.00834817
-0.000489332
-0.00343471
0.378779
0.
-0.00352722
-0.00372626
0.270524
0.
-0.00242887
-0.0138242
0.30388
0.
0.0188753
0.0490319
0.378369
0.
0.00459745
-0.0100869
0.272718
0.
0.0135241
-0.0135373
0.31508
0.
-0.00615593
0.0595594
0.30622
0.0191711
0.
0.0592696
0.380801
0.0187538
0.
-0.00142008
0.257301
0.0214661
0.
-0.0180634
0.285278
0.00162438
0.
0.0542813
0.383165
0.0146566
0.
-0.00288341
0.265303
0.0165968
0.
-0.017875
0.247785
0.0214405
-0.0546063
-0.00859494
0.248637
-0.0250758
0.02366
-0.0214627
0.36575
-0.0248823
-0.067582
0.00819506
0.425657
-0.139789
-0.149548
0.123615
0.355782
0.132315
-0.153766
0.0831128
0.339667
-0.022144
0.0273661
0.0311369
0.359455
0.119869
0.0973792
0.0964861
0.275994
-0.0152859
-0.0294912
-0.00769368
0.402293
0.00182031
-0.0469833
0.0104677
0.25755
0.021503
0.0318031
-0.00183142
0.371371
0.00584511
0.04451
0.0115202
0.315327
-0.114753
0.137944
0.0938642
0.400494
-0.00844216
-0.00680414
0.022717
0.316813
0.0018955
0.0696809
-0.0742129
0.343628
0.0376569
0.142125
0.0860075
