Vec Object: 1 MPI process
  type: seq
0.
0.
0.
-0.0562976
0.
0.
0.
0.336483
0.158522
-0.150246
0.
0.0450681
0.174737
-0.160136
0.
0.0665006
0.22787
0.167473
0.
0.157899
0.174884
0.157766
0.
0.0366601
0.3531
0.044387
0.
0.144019
0.351579
0.0378506
0.
0.102215
0.358255
-0.0432367
0.
0.141064
0.359639
-0.0539996
0.
0.149093
0.
0.
0.
-0.129027
0.
0.
0.
-0.275355
0.266976
-0.0662913
0.
-0.143398
0.328881
0.0529354
0.
-0.175224
0.275257
-0.0693638
0.
-0.124859
0.332417
0.0824123
0.
-0.169278
0.298707
0.0719438
0.
-0.0893461
0.330485
-0.0659398
0.
-0.175036
0.265595
0.0686807
0.
-0.131214
0.325014
-0.0376116
0.
-0.195152
0.
0.
0.
0.0828297
0.
0.
0.
-0.135324
0.
0.
0.
0.337725
0.
0.
0.
-0.00113979
0.
0.
0.
-0.20147
0.
0.
0.
0.122716
0.
0.
0.
0.317485
0.
0.
0.
0.538675
0.
0.
0.
0.513917
0.
0.
0.
0.35036
0.
0.
0.
0.266348
0.
0.
0.
0.145236
0.
0.
0.
0.33566
0.
0.
0.
-0.0277233
0.
0.
0.
0.721129
0.
0.
0.
0.641129
0.
0.
0.
0.464799
0.
0.
0.
-0.0858442
1.
0.
0.
0.306197
0.391266
-0.00661515
-0.0011446
0.151078
0.389064
0.
0.00124666
-0.0686971
0.287453
0.
0.00247857
-0.246102
0.389913
0.
0.00310625
0.211219
0.404255
0.
-0.000697726
-0.0534481
0.287571
0.
0.00354828
-0.250144
0.371949
0.
-0.00752492
0.26392
0.402666
0.00130728
0.
0.275205
0.39704
0.0175495
0.
-0.0657324
0.277375
0.0203141
0.
-0.246574
0.368431
-0.000517306
0.
0.296839
0.411793
0.00545115
0.
-0.0445231
0.281237
0.00606931
0.
-0.260353
0.231559
-0.00341982
-0.0196373
-0.208529
0.242047
-0.00542011
0.00661503
-0.278723
0.275204
-0.0261348
-0.00554676
0.00624499
0.450581
-0.00459836
-0.0528304
0.424342
0.395761
0.00624025
-0.0528196
0.328109
0.196036
0.0346033
0.0080905
0.10918
0.337804
0.0109876
0.0333223
0.379864
0.203173
0.00236399
-0.0162744
-0.112535
0.257531
-0.000683325
-0.00140066
0.0492107
0.245491
-0.00650034
0.00985787
-0.231684
0.244072
-0.0229735
0.00880359
0.0528627
0.316142
-0.00468755
0.0516915
0.313769
0.267773
0.00856171
-0.00583697
0.103425
0.126829
-0.0416375
0.00698266
0.221855
0.321825
-0.0141665
0.0468345
0.378263
