Vec Object: 1 MPI process
  type: seq
0.
0.
0.
-0.0834339
0.
0.
0.
0.019204
0.168467
-0.167642
0.
-0.0533081
0.17507
-0.179479
0.
-0.0552373
0.189488
0.206812
0.
-0.0463465
0.181965
0.163926
0.
-0.0451609
0.389379
0.00847603
0.
-6.46474e-05
0.376219
0.00783223
0.
0.0091755
0.391857
-0.0216272
0.
0.00929391
0.398713
-0.0164617
0.
0.00423011
0.
0.
0.
-0.0197228
0.
0.
0.
-0.0579094
0.32248
-0.0576663
0.
-0.012584
0.317237
0.0897221
0.
0.00316563
0.327513
-0.0506658
0.
-0.0145096
0.321476
0.110514
0.
0.0164774
0.354386
0.0751023
0.
-0.00443648
0.321852
-0.10222
0.
0.0129774
0.321818
0.036743
0.
-0.0114143
0.320227
-0.0621965
0.
-0.00285471
0.
0.
0.
-0.11212
0.
0.
0.
0.0212755
0.
0.
0.
-0.0133015
0.
0.
0.
0.149363
0.
0.
0.
-0.041676
0.
0.
0.
-0.142459
0.
0.
0.
-0.230911
0.
0.
0.
-0.00688239
0.
0.
0.
-0.0604329
0.
0.
0.
-0.0377573
0.
0.
0.
-0.15128
0.
0.
0.
0.0355773
0.
0.
0.
-0.0957105
0.
0.
0.
0.0104584
0.
0.
0.
0.0758279
0.
0.
0.
-0.0270232
0.
0.
0.
-0.0127913
0.
0.
0.
0.0111671
1.
0.
0.
0.0353713
0.392156
-0.00799205
5.83226e-05
-0.00153313
0.381967
0.
-0.00450982
-0.00538225
0.266194
0.
-0.00409941
-0.00811
0.279335
0.
0.0234509
0.037024
0.376787
0.
0.00559035
-0.00988555
0.266954
0.
0.0164652
-0.00379534
0.294186
0.
-0.00440785
0.0390672
0.275686
0.023664
0.
0.0366948
0.38344
0.0174303
0.
-0.00302668
0.2529
0.0176633
0.
-0.0119449
0.25694
0.00678054
0.
0.0358891
0.382576
0.0164269
0.
-0.00356655
0.261365
0.0184094
0.
-0.00852203
0.251505
0.0259171
-0.0545297
-0.00106973
0.248926
-0.0245419
0.022255
-0.00657396
0.371788
-0.0213722
-0.0906608
-0.00159372
0.433004
-0.166847
-0.169695
0.0934864
0.360932
0.157829
-0.176473
0.057958
0.336256
-0.0525767
0.0237785
0.0164319
0.36824
0.133708
0.117342
0.0676603
0.294132
-0.0160505
-0.0308761
-0.00727032
0.411769
0.00212199
-0.0573889
0.00111536
0.254746
0.0197219
0.0331995
0.0126708
0.399276
0.0197479
0.0629308
0.00107443
0.327807
-0.1359
0.152446
0.0724455
0.422558
-0.011067
-0.00130334
0.0091371
0.31443
0.0481991
0.0864238
-0.0811606
0.356079
0.0474085
0.153854
0.0592771
