Vec Object: 1 MPI process
  type: seq
0.
0.
0.
-0.0881731
0.
0.
0.
0.0200788
0.167434
-0.167445
0.
-0.0571497
0.174506
-0.179123
0.
-0.0579614
0.189354
0.206272
0.
-0.0487064
0.181117
0.164217
0.
-0.0499881
0.389051
0.00859793
0.
0.000511145
0.375923
0.00820172
0.
0.00864346
0.391349
-0.0213602
0.
0.00912239
0.398222
-0.0167725
0.
0.00515947
0.
0.
0.
-0.0215225
0.
0.
0.
-0.060953
0.320282
-0.0574126
0.
-0.0134113
0.317858
0.0894533
0.
0.00335435
0.325236
-0.0509132
0.
-0.0138117
0.321784
0.111438
0.
0.0173271
0.35199
0.0744833
0.
-0.00371264
0.322048
-0.102707
0.
0.0136418
0.320003
0.037539
0.
-0.0128784
0.320123
-0.062415
0.
-0.00251435
0.
0.
0.
-0.117712
0.
0.
0.
0.0164164
0.
0.
0.
-0.0128449
0.
0.
0.
0.144113
0.
0.
0.
-0.0447164
0.
0.
0.
-0.146503
0.
0.
0.
-0.227934
0.
0.
0.
-0.000229267
0.
0.
0.
-0.0534236
0.
0.
0.
-0.0362364
0.
0.
0.
-0.157183
0.
0.
0.
0.0335523
0.
0.
0.
-0.0949109
0.
0.
0.
0.00764867
0.
0.
0.
0.0892763
0.
0.
0.
-0.0162511
0.
0.
0.
-0.0122178
0.
0.
0.
0.0109294
1.
0.
0.
0.0374662
0.393537
-0.00810224
-8.00076e-05
-0.00200628
0.38123
0.
-0.00431265
-0.00505598
0.26709
0.
-0.00372113
-0.00923575
0.284852
0.
0.0224347
0.0394797
0.377259
0.
0.00541653
-0.00999347
0.268287
0.
0.0158123
-0.00576406
0.298936
0.
-0.00486428
0.0432516
0.282609
0.0227361
0.
0.0410961
0.382814
0.0176991
0.
-0.00271188
0.253734
0.0186388
0.
-0.0131089
0.263497
0.00548408
0.
0.0393875
0.382808
0.0161063
0.
-0.00344079
0.262183
0.0181602
0.
-0.0103332
0.250649
0.0250317
-0.0549744
-0.00221127
0.248898
-0.0250677
0.022844
-0.00934601
0.371106
-0.0219977
-0.0855793
0.000340578
0.43084
-0.161378
-0.165298
0.0995452
0.358844
0.152619
-0.171622
0.0627887
0.338828
-0.0462994
0.0248067
0.0192626
0.366109
0.131252
0.113054
0.0731622
0.290101
-0.0160768
-0.0305906
-0.00710545
0.410708
0.00208066
-0.0555816
0.00296656
0.255607
0.0207399
0.0330103
0.00995138
0.39311
0.0166067
0.0585986
0.00299256
0.324353
-0.131559
0.149483
0.0765618
0.418308
-0.0106959
-0.00250251
0.0115748
0.316853
0.0379832
0.0833873
-0.0813466
0.352796
0.0455561
0.151863
0.0642068
