Vec Object: 1 MPI process
  type: seq
0.
0.
0.
-0.0941477
0.
0.
0.
0.0222733
0.166189
-0.167288
0.
-0.0619004
0.173881
-0.178754
0.
-0.0611759
0.189319
0.205639
0.
-0.0514326
0.180039
0.164644
0.
-0.0559833
0.388662
0.00880852
0.
0.00127599
0.37566
0.008566
0.
0.00793381
0.390845
-0.0210446
0.
0.00877205
0.397637
-0.0171962
0.
0.00635286
0.
0.
0.
-0.024131
0.
0.
0.
-0.0655798
0.317721
-0.0571286
0.
-0.0144151
0.318538
0.0891429
0.
0.00355336
0.322624
-0.0511099
0.
-0.0127989
0.322166
0.112468
0.
0.0182978
0.349216
0.0736647
0.
-0.00261887
0.322301
-0.103235
0.
0.014371
0.317835
0.0385081
0.
-0.0147466
0.320098
-0.0626296
0.
-0.00216365
0.
0.
0.
-0.123731
0.
0.
0.
0.00972403
0.
0.
0.
-0.0109827
0.
0.
0.
0.136198
0.
0.
0.
-0.049495
0.
0.
0.
-0.150403
0.
0.
0.
-0.222533
0.
0.
0.
0.00933725
0.
0.
0.
-0.043212
0.
0.
0.
-0.0329544
0.
0.
0.
-0.162232
0.
0.
0.
0.0314664
0.
0.
0.
-0.0921659
0.
0.
0.
0.00427616
0.
0.
0.
0.106604
0.
0.
0.
-0.00155126
0.
0.
0.
-0.0098396
0.
0.
0.
0.0101811
1.
0.
0.
0.0397949
0.395021
-0.00820465
-0.000226834
-0.00254736
0.380385
0.
-0.00406577
-0.00463025
0.26819
0.
-0.00328572
-0.0106483
0.291229
0.
0.0212448
0.042489
0.377709
0.
0.00517771
-0.0100578
0.269805
0.
0.015051
-0.0082128
0.304398
0.
-0.0053394
0.0484214
0.290579
0.0215921
0.
0.046693
0.382107
0.0180346
0.
-0.00229945
0.254828
0.0196733
0.
-0.0146104
0.270935
0.00408389
0.
0.0438894
0.382994
0.0156764
0.
-0.00325965
0.263181
0.017748
0.
-0.0126407
0.249659
0.0239286
-0.0551845
-0.00393179
0.248824
-0.0253647
0.0233309
-0.0129891
0.369824
-0.022847
-0.0795754
0.00276903
0.42869
-0.154562
-0.160114
0.107088
0.357122
0.146175
-0.1658
0.0689882
0.340512
-0.0384784
0.0258651
0.0228845
0.363744
0.127937
0.107894
0.0802382
0.285384
-0.0159869
-0.0302486
-0.00710116
0.408722
0.00201516
-0.0530625
0.00528049
0.256425
0.0214644
0.0327152
0.00638054
0.385899
0.0129566
0.0537003
0.00550469
0.320829
-0.126215
0.145836
0.0818178
0.412844
-0.0100945
-0.00394593
0.0148238
0.318369
0.0257811
0.0792601
-0.0804508
0.349362
0.043139
0.14908
0.0706748
