Vec Object: 1 MPI process
  type: seq
0.
0.
0.
-0.0856408
0.
0.
0.
0.0195146
0.167977
-0.16754
0.
-0.0551174
0.174796
-0.179304
0.
-0.0565375
0.189411
0.206554
0.
-0.0474764
0.181569
0.164056
0.
-0.0474292
0.389223
0.00852724
0.
0.00020175
0.376069
0.00801625
0.
0.00893233
0.391605
-0.0214998
0.
0.00922769
0.398479
-0.016604
0.
0.00466401
0.
0.
0.
-0.0205295
0.
0.
0.
-0.0592559
0.321428
-0.0575432
0.
-0.0129734
0.317538
0.0895927
0.
0.00325652
0.32642
-0.0507933
0.
-0.0141964
0.321621
0.11096
0.
0.0168841
0.353238
0.074816
0.
-0.00411531
0.321943
-0.102457
0.
0.0132982
0.320955
0.037119
0.
-0.0120963
0.320167
-0.0623048
0.
-0.00268898
0.
0.
0.
-0.114826
0.
0.
0.
0.0190617
0.
0.
0.
-0.0132047
0.
0.
0.
0.147048
0.
0.
0.
-0.0430005
0.
0.
0.
-0.144457
0.
0.
0.
-0.229669
0.
0.
0.
-0.00387553
0.
0.
0.
-0.0572787
0.
0.
0.
-0.0371704
0.
0.
0.
-0.154262
0.
0.
0.
0.0345925
0.
0.
0.
-0.0954969
0.
0.
0.
0.0091291
0.
0.
0.
0.0820925
0.
0.
0.
-0.0220835
0.
0.
0.
-0.0126722
0.
0.
0.
0.0111016
1.
0.
0.
0.0363829
0.392829
-0.00804758
-9.42885e-06
-0.00175888
0.381614
0.
-0.00441734
-0.0052317
0.266616
0.
-0.00391789
-0.00863829
0.281978
0.
0.022966
0.0381841
0.377024
0.
0.00551098
-0.00994427
0.267595
0.
0.016153
-0.00472008
0.296465
0.
-0.00463241
0.0410369
0.279006
0.0232274
0.
0.0387516
0.383139
0.0175565
0.
-0.0028816
0.253285
0.0181406
0.
-0.0124866
0.260097
0.00614945
0.
0.0375202
0.382696
0.0162794
0.
-0.00351088
0.261751
0.018303
0.
-0.00936805
0.251096
0.0254998
-0.0547723
-0.0015774
0.248918
-0.024826
0.0225561
-0.00785708
0.371511
-0.021659
-0.0882427
-0.000686504
0.431934
-0.164279
-0.167599
0.0963344
0.359862
0.155377
-0.174172
0.0602104
0.337614
-0.049637
0.0242815
0.0177523
0.36721
0.132579
0.115312
0.0702249
0.292208
-0.0160728
-0.0307399
-0.00717395
0.411334
0.00210387
-0.0565686
0.00198507
0.255177
0.0202549
0.0331152
0.0114124
0.39633
0.0182471
0.0608462
0.00196473
0.326105
-0.133854
0.151049
0.074369
0.420579
-0.0109074
-0.00186998
0.0102632
0.315711
0.0433633
0.0850367
-0.0813489
0.354469
0.0465509
0.152949
0.0615637
