Vec Object: 1 MPI process
  type: seq
0.
0.
0.
-0.114755
0.
0.
0.
0.141555
0.150225
-0.168468
0.
-0.122465
0.165153
-0.177724
0.
-0.102597
0.195043
0.19793
0.
-0.0700664
0.165336
0.171557
0.
-0.127136
0.382047
0.015631
0.
0.0251946
0.37271
0.013144
0.
0.0132427
0.387021
-0.0192199
0.
0.0122402
0.388877
-0.0256697
0.
0.0339736
0.
0.
0.
-0.057484
0.
0.
0.
-0.147677
0.291125
-0.0512966
0.
-0.0169345
0.323876
0.081992
0.
-0.00964063
0.297368
-0.0478929
0.
0.00564305
0.326489
0.115299
0.
0.00990186
0.321931
0.0607526
0.
0.0184279
0.325587
-0.101448
0.
0.00305556
0.292341
0.0470249
0.
-0.0310774
0.32262
-0.0599044
0.
-0.0178159
0.
0.
0.
-0.0865278
0.
0.
0.
-0.0692704
0.
0.
0.
0.117854
0.
0.
0.
0.037086
0.
0.
0.
-0.122828
0.
0.
0.
-0.0803242
0.
0.
0.
-0.0206078
0.
0.
0.
0.226361
0.
0.
0.
0.191372
0.
0.
0.
0.115953
0.
0.
0.
-0.0409809
0.
0.
0.
0.0664279
0.
0.
0.
0.0714031
0.
0.
0.
-0.0108371
0.
0.
0.
0.371324
0.
0.
0.
0.273753
0.
0.
0.
0.154296
0.
0.
0.
-0.00764725
1.
0.
0.
0.0551679
0.403222
-0.00860521
-0.00141951
0.00993021
0.37552
0.
-0.00113306
-0.00436112
0.279906
0.
0.000664761
-0.0396367
0.35616
0.
0.00996304
0.0852135
0.381582
0.
0.00146005
-0.0125905
0.282222
0.
0.00756382
-0.0467252
0.355429
0.
-0.00830721
0.114309
0.366864
0.00900901
0.
0.124483
0.37917
0.0209754
0.
-0.00220507
0.268108
0.0253493
0.
-0.0453973
0.339438
-0.0038072
0.
0.11723
0.385212
0.00925308
0.
-0.0045474
0.274276
0.00985458
0.
-0.0535562
0.241266
0.00780915
-0.0411545
-0.0396938
0.247493
-0.0165486
0.0177029
-0.0709816
0.331581
-0.0343601
-0.0265192
0.0402938
0.431256
-0.0718696
-0.103202
0.207329
0.371749
0.0688788
-0.102781
0.159463
0.289477
0.0304224
0.0232214
0.0812715
0.349125
0.070696
0.058804
0.190679
0.23932
-0.0044666
-0.0246108
-0.0124799
0.346172
6.51405e-05
-0.0187234
0.0440126
0.256236
0.00684026
0.0230731
-0.0430319
0.309982
-0.0172047
0.0177714
0.0550294
0.310944
-0.061376
0.0982728
0.165526
0.338301
0.00100223
-0.0131582
0.0747156
0.251509
-0.0569128
0.0293607
0.0322053
0.332158
0.0110397
0.0994527
0.182757
