Vec Object: 1 MPI process
  type: seq
0.
0.
0.
-0.0803961
0.
0.
0.
0.0190755
0.169188
-0.16782
0.
-0.0507115
0.175496
-0.179756
0.
-0.0533053
0.189646
0.207195
0.
-0.0446628
0.182522
0.163768
0.
-0.0419308
0.38961
0.00842498
0.
-0.000431568
0.376475
0.0075309
0.
0.00949212
0.392265
-0.0218165
0.
0.00933658
0.399057
-0.0162717
0.
0.00361872
0.
0.
0.
-0.0187126
0.
0.
0.
-0.0562745
0.324048
-0.0578579
0.
-0.0120326
0.316772
0.0899202
0.
0.00303246
0.329155
-0.0504447
0.
-0.0149035
0.321272
0.109835
0.
0.0158745
0.356103
0.0754955
0.
-0.00482981
0.321727
-0.101855
0.
0.012493
0.323088
0.0362006
0.
-0.0104667
0.320354
-0.0620226
0.
-0.00310705
0.
0.
0.
-0.108044
0.
0.
0.
0.024178
0.
0.
0.
-0.0130707
0.
0.
0.
0.152093
0.
0.
0.
-0.040161
0.
0.
0.
-0.139326
0.
0.
0.
-0.232178
0.
0.
0.
-0.0107857
0.
0.
0.
-0.0644767
0.
0.
0.
-0.0381891
0.
0.
0.
-0.146373
0.
0.
0.
0.0370624
0.
0.
0.
-0.0954965
0.
0.
0.
0.0123752
0.
0.
0.
0.0670731
0.
0.
0.
-0.0336654
0.
0.
0.
-0.0124951
0.
0.
0.
0.0110994
1.
0.
0.
0.0338372
0.39111
-0.00789887
0.000165256
-0.0012032
0.382494
0.
-0.00464111
-0.00558483
0.265588
0.
-0.0043723
-0.0073584
0.275378
0.
0.0241678
0.0353436
0.376394
0.
0.00569532
-0.00977069
0.26599
0.
0.0169304
-0.00248104
0.290769
0.
-0.00404952
0.0362481
0.270714
0.0242868
0.
0.0337995
0.383894
0.0172513
0.
-0.00322115
0.252376
0.0169126
0.
-0.0111917
0.252163
0.00775869
0.
0.0336015
0.382362
0.0166262
0.
-0.00363095
0.260806
0.0185221
0.
-0.00733312
0.252106
0.0265219
-0.0540703
-0.000439933
0.248914
-0.0240036
0.021742
-0.00481256
0.372034
-0.0209875
-0.0942078
-0.00288124
0.434712
-0.170495
-0.172794
0.0894186
0.362774
0.161333
-0.179826
0.0548039
0.333809
-0.0567002
0.0230005
0.0145848
0.369808
0.135239
0.120276
0.0640689
0.296976
-0.0159927
-0.0310802
-0.00746683
0.412177
0.00214359
-0.0584517
-0.00012527
0.254033
0.0187709
0.0333095
0.0143952
0.403652
0.0219692
0.0660707
-0.000159703
0.330513
-0.138835
0.154455
0.0697316
0.425315
-0.0112407
-0.000490835
0.00759169
0.312139
0.0551572
0.0882467
-0.0805819
0.358616
0.0485799
0.155037
0.056109
