Vec Object: 1 MPI process
  type: seq
0.
0.
0.
-0.0974973
0.
0.
0.
0.0240632
0.165489
-0.167232
0.
-0.064612
0.173548
-0.178574
0.
-0.0629605
0.189352
0.205291
0.
-0.0529022
0.179412
0.16491
0.
-0.0593976
0.388446
0.00895256
0.
0.00173961
0.375546
0.00874093
0.
0.00752559
0.390608
-0.0208697
0.
0.00852148
0.397312
-0.017454
0.
0.0070577
0.
0.
0.
-0.0257555
0.
0.
0.
-0.0685672
0.316323
-0.0569735
0.
-0.0149616
0.318893
0.0889701
0.
0.00364064
0.321215
-0.0511767
0.
-0.0121622
0.322382
0.113006
0.
0.0188048
0.347712
0.0731751
0.
-0.00191096
0.322449
-0.1035
0.
0.0147363
0.316628
0.0390508
0.
-0.0158217
0.320123
-0.062727
0.
-0.00200689
0.
0.
0.
-0.126658
0.
0.
0.
0.00567475
0.
0.
0.
-0.00929377
0.
0.
0.
0.131209
0.
0.
0.
-0.0525974
0.
0.
0.
-0.152042
0.
0.
0.
-0.218643
0.
0.
0.
0.0154099
0.
0.
0.
-0.036686
0.
0.
0.
-0.0304174
0.
0.
0.
-0.164009
0.
0.
0.
0.0305313
0.
0.
0.
-0.0897745
0.
0.
0.
0.00242918
0.
0.
0.
0.116787
0.
0.
0.
0.00744481
0.
0.
0.
-0.00767062
0.
0.
0.
0.00957718
1.
0.
0.
0.0410052
0.395777
-0.00825073
-0.000301775
-0.00282485
0.379933
0.
-0.00392423
-0.00438526
0.268812
0.
-0.00305022
-0.0114654
0.294688
0.
0.020596
0.0442013
0.377916
0.
0.00503226
-0.0100734
0.270616
0.
0.0146351
-0.00961036
0.307342
0.
-0.00557751
0.0513599
0.294883
0.0209462
0.
0.0499467
0.381735
0.0182258
0.
-0.00206153
0.25547
0.0201965
0.
-0.0154922
0.274911
0.00336883
0.
0.046539
0.383062
0.0154183
0.
-0.00315351
0.263744
0.0174737
0.
-0.0139858
0.249131
0.023289
-0.0551576
-0.00504637
0.248774
-0.0253954
0.0235052
-0.0151506
0.36891
-0.023361
-0.0762892
0.00417144
0.427692
-0.150671
-0.15726
0.111411
0.356489
0.142513
-0.162563
0.0726182
0.340832
-0.0340696
0.0263629
0.0250009
0.362513
0.125925
0.105037
0.0843943
0.282813
-0.0158699
-0.0300537
-0.00718692
0.407294
0.0019709
-0.0515263
0.00661643
0.256795
0.0216562
0.0325124
0.00426958
0.381953
0.0109854
0.0511087
0.00700696
0.319128
-0.123185
0.143762
0.0848973
0.409653
-0.00969819
-0.00473792
0.0167877
0.318563
0.0191296
0.0767932
-0.0793797
0.347655
0.0417211
0.14736
0.0745364
