Vec Object: 1 MPI process
  type: seq
0.
0.
0.
-0.112271
0.
0.
0.
0.0389131
0.161955
-0.167223
0.
-0.0784977
0.171915
-0.177914
0.
-0.0718964
0.189951
0.20362
0.
-0.0595591
0.176142
0.16641
0.
-0.0765365
0.387362
0.00989471
0.
0.00448878
0.375167
0.00945143
0.
0.00576654
0.389766
-0.0200284
0.
0.00700173
0.395683
-0.0189119
0.
0.0109918
0.
0.
0.
-0.034684
0.
0.
0.
-0.0862995
0.309705
-0.0561345
0.
-0.0171811
0.320425
0.0880374
0.
0.00360256
0.314707
-0.0511137
0.
-0.00842741
0.323445
0.115227
0.
0.02067
0.340702
0.0704815
0.
0.00243307
0.323212
-0.104462
0.
0.0158712
0.31069
0.0416456
0.
-0.0210768
0.320517
-0.0629572
0.
-0.00189945
0.
0.
0.
-0.135107
0.
0.
0.
-0.0158501
0.
0.
0.
0.00595111
0.
0.
0.
0.103779
0.
0.
0.
-0.0706153
0.
0.
0.
-0.153359
0.
0.
0.
-0.190426
0.
0.
0.
0.0524849
0.
0.
0.
0.00342381
0.
0.
0.
-0.0106087
0.
0.
0.
-0.16121
0.
0.
0.
0.0292015
0.
0.
0.
-0.0691783
0.
0.
0.
-0.00566451
0.
0.
0.
0.171423
0.
0.
0.
0.0590648
0.
0.
0.
0.0119837
0.
0.
0.
0.00535117
1.
0.
0.
0.0460191
0.398861
-0.00840516
-0.000625341
-0.00368515
0.377961
0.
-0.00320874
-0.00326137
0.271868
0.
-0.00196149
-0.0158415
0.310907
0.
0.0175748
0.0530086
0.378653
0.
0.0042245
-0.0101122
0.274263
0.
0.0126736
-0.0167467
0.320891
0.
-0.00655441
0.0661573
0.314773
0.0177806
0.
0.0669894
0.380162
0.0191636
0.
-0.000967277
0.258782
0.0223241
0.
-0.0202688
0.293021
0.000446147
0.
0.0608759
0.383197
0.0140106
0.
-0.00273005
0.266542
0.0158085
0.
-0.021166
0.246822
0.0198831
-0.0537336
-0.0118184
0.248537
-0.0244885
0.023485
-0.0267792
0.362654
-0.0261634
-0.0610621
0.0115854
0.424729
-0.131056
-0.143541
0.133577
0.356126
0.124159
-0.146915
0.0918956
0.336884
-0.0131361
0.0277816
0.0363461
0.35735
0.114582
0.0915663
0.106716
0.27083
-0.0145505
-0.0290084
-0.00829314
0.397315
0.00167045
-0.0431845
0.0137502
0.257917
0.0207752
0.0310806
-0.00686103
0.363204
0.00206553
0.0397966
0.0155418
0.313108
-0.107998
0.133214
0.101484
0.392931
-0.00732147
-0.00828402
0.0279648
0.313233
-0.0103955
0.0639107
-0.0677233
0.341022
0.0343202
0.137525
0.0959538
