Vec Object: 1 MPI process
  type: seq
0.
0.
0.
-0.0747053
0.
0.
0.
0.0200818
0.170855
-0.168378
0.
-0.0450548
0.176611
-0.180502
0.
-0.0487304
0.190238
0.208099
0.
-0.0407013
0.183686
0.163584
0.
-0.035077
0.390145
0.00843424
0.
-0.00116026
0.377257
0.00667145
0.
0.00997806
0.393383
-0.0222711
0.
0.00916124
0.399852
-0.0159309
0.
0.00232963
0.
0.
0.
-0.0172561
0.
0.
0.
-0.0540953
0.327788
-0.0583612
0.
-0.0109074
0.315587
0.090432
0.
0.00275936
0.333121
-0.0497719
0.
-0.0154772
0.320854
0.108161
0.
0.0144843
0.360206
0.0762722
0.
-0.00536504
0.321477
-0.100944
0.
0.0113393
0.326038
0.0350069
0.
-0.00858786
0.320851
-0.0615523
0.
-0.00370149
0.
0.
0.
-0.0986234
0.
0.
0.
0.0290766
0.
0.
0.
-0.0110774
0.
0.
0.
0.154813
0.
0.
0.
-0.0388059
0.
0.
0.
-0.131598
0.
0.
0.
-0.232666
0.
0.
0.
-0.0174773
0.
0.
0.
-0.0711274
0.
0.
0.
-0.0374168
0.
0.
0.
-0.133216
0.
0.
0.
0.0403751
0.
0.
0.
-0.0928355
0.
0.
0.
0.0165214
0.
0.
0.
0.0491387
0.
0.
0.
-0.0460668
0.
0.
0.
-0.0100079
0.
0.
0.
0.0101846
1.
0.
0.
0.0301251
0.388425
-0.00762226
0.000451582
-0.000481695
0.383735
0.
-0.00491968
-0.00594101
0.264277
0.
-0.0050363
-0.00575753
0.265919
0.
0.0258242
0.0315833
0.375244
0.
0.00587788
-0.00934581
0.263671
0.
0.0180384
0.000277778
0.282571
0.
-0.00306479
0.030181
0.258824
0.0256054
0.
0.0277726
0.384988
0.0168716
0.
-0.00355773
0.251415
0.0149188
0.
-0.00968387
0.240469
0.0102619
0.
0.0288457
0.381674
0.0169967
0.
-0.00367216
0.259567
0.0185585
0.
-0.00488106
0.25343
0.0279211
-0.0525608
0.0005025
0.248708
-0.0221563
0.02024
-0.00138207
0.371812
-0.0202761
-0.102236
-0.00559332
0.43925
-0.178182
-0.179989
0.0806515
0.368333
0.168839
-0.187347
0.0483073
0.326168
-0.0649126
0.0211066
0.0108427
0.373646
0.138157
0.126644
0.0566551
0.303541
-0.0158252
-0.0315894
-0.0081063
0.412075
0.00216938
-0.0601556
-0.00277559
0.251978
0.0157875
0.0335422
0.0177308
0.413938
0.027077
0.0735961
-0.00263282
0.337726
-0.145192
0.158842
0.0640047
0.430868
-0.011322
0.00121654
0.00453083
0.305199
0.0698406
0.0912618
-0.0781128
0.36532
0.0507594
0.157044
0.0496963
