Vec Object: 1 MPI process
  type: seq
0.
0.
0.
-0.079358
0.
0.
0.
0.0191205
0.169451
-0.167894
0.
-0.0497806
0.17566
-0.179864
0.
-0.0525904
0.189718
0.207336
0.
-0.0440401
0.182719
0.163721
0.
-0.0407828
0.389695
0.00841406
0.
-0.00055847
0.376581
0.0074105
0.
0.00959386
0.392425
-0.0218868
0.
0.00933499
0.399183
-0.0162081
0.
0.00340267
0.
0.
0.
-0.0183979
0.
0.
0.
-0.0557803
0.32463
-0.0579317
0.
-0.0118386
0.316595
0.0899957
0.
0.00298488
0.329768
-0.0503533
0.
-0.0150267
0.3212
0.10958
0.
0.015653
0.356741
0.075631
0.
-0.00494979
0.321683
-0.101717
0.
0.0123125
0.323554
0.0360053
0.
-0.0101379
0.320413
-0.0619545
0.
-0.00320112
0.
0.
0.
-0.106535
0.
0.
0.
0.0251289
0.
0.
0.
-0.0128821
0.
0.
0.
0.152874
0.
0.
0.
-0.0397418
0.
0.
0.
-0.138133
0.
0.
0.
-0.232478
0.
0.
0.
-0.0120622
0.
0.
0.
-0.0657813
0.
0.
0.
-0.0382245
0.
0.
0.
-0.144437
0.
0.
0.
0.0376083
0.
0.
0.
-0.0952676
0.
0.
0.
0.0130625
0.
0.
0.
0.0640081
0.
0.
0.
-0.0359101
0.
0.
0.
-0.0122564
0.
0.
0.
0.0110247
1.
0.
0.
0.0332623
0.39071
-0.00786098
0.00020683
-0.00108398
0.38269
0.
-0.0046877
-0.00565256
0.265371
0.
-0.00447428
-0.00709111
0.273907
0.
0.0244311
0.0347355
0.376235
0.
0.00573006
-0.00971907
0.26563
0.
0.0171029
-0.00201516
0.289496
0.
-0.00390889
0.0352411
0.268864
0.0245083
0.
0.0327795
0.384064
0.0171877
0.
-0.00328588
0.252199
0.0166217
0.
-0.0109297
0.250371
0.00813263
0.
0.0327972
0.382272
0.0166936
0.
-0.00364838
0.260604
0.0185495
0.
-0.00691523
0.252324
0.0267422
-0.0538717
-0.000243656
0.2489
-0.0237685
0.021533
-0.00420683
0.372074
-0.0208579
-0.0955011
-0.00333769
0.435378
-0.171788
-0.173933
0.0879664
0.363533
0.162583
-0.181043
0.0536976
0.332779
-0.0581386
0.0227063
0.013939
0.370397
0.13576
0.121331
0.0628086
0.298021
-0.0159665
-0.0311568
-0.00755348
0.412257
0.00214999
-0.0587949
-0.000567363
0.253747
0.0183714
0.0333469
0.014987
0.405268
0.0227848
0.0672417
-0.000588569
0.331566
-0.139887
0.155177
0.0687719
0.426275
-0.0112848
-0.000201657
0.00705859
0.311183
0.0576395
0.0888428
-0.0802874
0.359599
0.0489787
0.155425
0.0550068
