Vec Object: 1 MPI process
  type: seq
0.
0.
0.
-0.089855
0.
0.
0.
0.0205732
0.16708
-0.167392
0.
-0.0584867
0.174323
-0.179012
0.
-0.0588802
0.189331
0.20609
0.
-0.049494
0.180817
0.164331
0.
-0.0516748
0.388939
0.00865121
0.
0.000720461
0.37584
0.00831311
0.
0.00844704
0.391195
-0.0212701
0.
0.00903731
0.398055
-0.0168877
0.
0.00549021
0.
0.
0.
-0.0222196
0.
0.
0.
-0.0621672
0.319545
-0.0573302
0.
-0.0136978
0.318058
0.0893642
0.
0.00341519
0.32448
-0.0509798
0.
-0.0135416
0.321891
0.11174
0.
0.0176099
0.35119
0.0742584
0.
-0.00342538
0.322118
-0.102864
0.
0.0138578
0.319385
0.0378137
0.
-0.0133999
0.320106
-0.0624813
0.
-0.00240695
0.
0.
0.
-0.119513
0.
0.
0.
0.0145975
0.
0.
0.
-0.0124644
0.
0.
0.
0.142018
0.
0.
0.
-0.0459616
0.
0.
0.
-0.147728
0.
0.
0.
-0.226601
0.
0.
0.
0.00231869
0.
0.
0.
-0.0507152
0.
0.
0.
-0.0354664
0.
0.
0.
-0.158855
0.
0.
0.
0.0329128
0.
0.
0.
-0.0943301
0.
0.
0.
0.00668523
0.
0.
0.
0.0940803
0.
0.
0.
-0.0122599
0.
0.
0.
-0.0117341
0.
0.
0.
0.0107645
1.
0.
0.
0.0381496
0.393977
-0.00813434
-0.000123668
-0.00216446
0.380985
0.
-0.00424342
-0.00493766
0.267401
0.
-0.00359535
-0.00963099
0.286691
0.
0.0220927
0.0403287
0.377399
0.
0.00535169
-0.0100178
0.268728
0.
0.0155934
-0.00645256
0.300516
0.
-0.00500664
0.0447082
0.284912
0.0224131
0.
0.0426558
0.382608
0.0177934
0.
-0.00259741
0.254036
0.018947
0.
-0.0135253
0.265658
0.00506928
0.
0.0406355
0.38287
0.0159886
0.
-0.00339156
0.262465
0.0180545
0.
-0.0109757
0.250362
0.024723
-0.0550692
-0.002663
0.24888
-0.0251866
0.0230063
-0.0103499
0.37079
-0.0222291
-0.0838582
0.00102026
0.43018
-0.159463
-0.163813
0.101663
0.358272
0.150804
-0.169964
0.0645104
0.339458
-0.0440949
0.0251286
0.0202698
0.365415
0.130349
0.111584
0.075125
0.288745
-0.0160659
-0.0304937
-0.00708281
0.41022
0.00206381
-0.0548996
0.0036148
0.255861
0.0209987
0.0329346
0.00896641
0.391039
0.0155536
0.0571714
0.00368415
0.323284
-0.130051
0.148455
0.0780226
0.41679
-0.0105406
-0.0029146
0.0124637
0.317438
0.0344889
0.082259
-0.0812209
0.351766
0.0448871
0.151113
0.0659869
