Vec Object: 1 MPI process
  type: seq
0.
0.
0.
-0.117468
0.
0.
0.
0.129476
0.15125
-0.168389
0.
-0.119073
0.165854
-0.177696
0.
-0.100018
0.194356
0.19858
0.
-0.070358
0.166272
0.171136
0.
-0.123212
0.382794
0.0148395
0.
0.0217604
0.373166
0.0125571
0.
0.0110057
0.387509
-0.01902
0.
0.0100049
0.389729
-0.0248319
0.
0.0304935
0.
0.
0.
-0.0558494
0.
0.
0.
-0.142289
0.292732
-0.0518177
0.
-0.0168595
0.323605
0.0828693
0.
-0.00702385
0.298839
-0.0482499
0.
0.00483365
0.326219
0.115871
0.
0.0125908
0.323513
0.0615774
0.
0.017575
0.32537
-0.102257
0.
0.00590349
0.294016
0.0466964
0.
-0.0303534
0.322429
-0.0604991
0.
-0.0147296
0.
0.
0.
-0.0952359
0.
0.
0.
-0.0658619
0.
0.
0.
0.104524
0.
0.
0.
0.0409306
0.
0.
0.
-0.119041
0.
0.
0.
-0.0912156
0.
0.
0.
-0.0401028
0.
0.
0.
0.207862
0.
0.
0.
0.17148
0.
0.
0.
0.10138
0.
0.
0.
-0.0575623
0.
0.
0.
0.0608144
0.
0.
0.
0.0550549
0.
0.
0.
-0.0115293
0.
0.
0.
0.351889
0.
0.
0.
0.251897
0.
0.
0.
0.137404
0.
0.
0.
-0.00656913
1.
0.
0.
0.0540554
0.403145
-0.00860479
-0.001362
0.00668535
0.375444
0.
-0.00130562
-0.00385152
0.279305
0.
0.000471684
-0.0361135
0.352297
0.
0.010555
0.0819181
0.381094
0.
0.0016982
-0.012229
0.281696
0.
0.00795986
-0.0428164
0.352693
0.
-0.00822381
0.109706
0.362611
0.00973187
0.
0.119165
0.378937
0.0209237
0.
-0.0016758
0.267379
0.0252833
0.
-0.041765
0.335691
-0.00366957
0.
0.111319
0.384726
0.00966635
0.
-0.00423332
0.273682
0.0103592
0.
-0.0493718
0.241772
0.00892369
-0.0425811
-0.0365538
0.247665
-0.0173904
0.0184296
-0.066019
0.334874
-0.0338006
-0.0288755
0.0376699
0.429943
-0.0769931
-0.10678
0.200311
0.369745
0.0736825
-0.106531
0.15306
0.29505
0.0279704
0.0240345
0.076844
0.349513
0.0749506
0.0612265
0.18228
0.241942
-0.00559347
-0.0250823
-0.011922
0.351605
0.000231379
-0.0205878
0.040928
0.256661
0.00846277
0.0239429
-0.0392931
0.314597
-0.0159419
0.0190927
0.0509871
0.310461
-0.0654964
0.101526
0.159042
0.343213
0.000300107
-0.0131306
0.0702067
0.258906
-0.0553376
0.0318711
0.0199177
0.332508
0.0130592
0.103134
0.173805
