Vec Object: 1 MPI process
  type: seq
0.
0.
0.
-0.0871561
0.
0.
0.
0.019826
0.16765
-0.167481
0.
-0.0563374
0.17462
-0.179193
0.
-0.0573964
0.189374
0.206384
0.
-0.0482195
0.181299
0.164151
0.
-0.0489643
0.389119
0.00856812
0.
0.000386202
0.375979
0.00813006
0.
0.00876057
0.391448
-0.0214156
0.
0.00916814
0.398324
-0.0167041
0.
0.00496039
0.
0.
0.
-0.0211154
0.
0.
0.
-0.0602524
0.320736
-0.0574639
0.
-0.0132364
0.317732
0.0895083
0.
0.00331593
0.325704
-0.0508681
0.
-0.0139694
0.321718
0.11125
0.
0.0171519
0.352484
0.0746176
0.
-0.00387867
0.322006
-0.102609
0.
0.0135067
0.320382
0.0373715
0.
-0.0125641
0.320137
-0.0623723
0.
-0.00258259
0.
0.
0.
-0.116579
0.
0.
0.
0.0174922
0.
0.
0.
-0.0130205
0.
0.
0.
0.145325
0.
0.
0.
-0.0440036
0.
0.
0.
-0.145711
0.
0.
0.
-0.22867
0.
0.
0.
-0.00172007
0.
0.
0.
-0.0550031
0.
0.
0.
-0.0366443
0.
0.
0.
-0.15607
0.
0.
0.
0.0339588
0.
0.
0.
-0.0951885
0.
0.
0.
0.00823839
0.
0.
0.
0.0863871
0.
0.
0.
-0.0186172
0.
0.
0.
-0.0124402
0.
0.
0.
0.0110101
1.
0.
0.
0.0370398
0.393259
-0.00808129
-5.24416e-05
-0.00190831
0.381382
0.
-0.00435458
-0.00512691
0.266901
0.
-0.00379893
-0.00899645
0.283715
0.
0.0226454
0.0389626
0.377169
0.
0.00545491
-0.00997571
0.268014
0.
0.0159473
-0.00534629
0.297959
0.
-0.00477397
0.0423663
0.281184
0.0229325
0.
0.0401549
0.382942
0.017642
0.
-0.00278043
0.253553
0.0184442
0.
-0.0128585
0.262155
0.00574481
0.
0.0386368
0.382766
0.0161764
0.
-0.0034696
0.26201
0.0182201
0.
-0.00994565
0.250826
0.0252189
-0.0549022
-0.00195008
0.248907
-0.0249803
0.0227351
-0.00874523
0.371279
-0.0218603
-0.0866371
-7.08855e-05
0.431264
-0.162539
-0.166211
0.0982604
0.359229
0.153722
-0.172637
0.0617523
0.338381
-0.0476364
0.0246019
0.0186558
0.366542
0.13179
0.113953
0.0719812
0.290936
-0.0160781
-0.0306499
-0.00712784
0.410975
0.00209029
-0.0559837
0.00257369
0.255441
0.0205598
0.0330536
0.0105409
0.394386
0.0172566
0.0594854
0.00257829
0.325034
-0.132476
0.150108
0.0756813
0.419222
-0.0107842
-0.00225042
0.0110447
0.316433
0.0401251
0.0840569
-0.0813748
0.353448
0.0459572
0.152306
0.0631411
