Vec Object: 1 MPI process
  type: seq
0.
0.
0.
-0.11554
0.
0.
0.
0.138228
0.1505
-0.168451
0.
-0.121574
0.165343
-0.177718
0.
-0.101917
0.194849
0.198113
0.
-0.0701915
0.165588
0.171445
0.
-0.126099
0.382259
0.0154069
0.
0.024205
0.372842
0.0129759
0.
0.0125826
0.387163
-0.0191559
0.
0.0115667
0.389117
-0.0254341
0.
0.0329755
0.
0.
0.
-0.0570351
0.
0.
0.
-0.146205
0.291562
-0.0514361
0.
-0.0168869
0.323802
0.08224
0.
-0.0088863
0.297768
-0.0479866
0.
0.00545703
0.326415
0.11547
0.
0.010683
0.322361
0.0609718
0.
0.0182316
0.325527
-0.101682
0.
0.00387925
0.292798
0.0469355
0.
-0.0308659
0.322569
-0.0600744
0.
-0.016929
0.
0.
0.
-0.0889673
0.
0.
0.
-0.0683618
0.
0.
0.
0.114179
0.
0.
0.
0.0380946
0.
0.
0.
-0.121808
0.
0.
0.
-0.0833572
0.
0.
0.
-0.0259805
0.
0.
0.
0.221282
0.
0.
0.
0.185914
0.
0.
0.
0.111941
0.
0.
0.
-0.0455847
0.
0.
0.
0.0648708
0.
0.
0.
0.0669005
0.
0.
0.
-0.0110351
0.
0.
0.
0.366009
0.
0.
0.
0.267765
0.
0.
0.
0.149634
0.
0.
0.
-0.00734243
1.
0.
0.
0.0548342
0.403208
-0.00860579
-0.00140432
0.00897923
0.375492
0.
-0.0011798
-0.00421428
0.279745
0.
0.000612981
-0.0386287
0.355114
0.
0.0101226
0.0843067
0.381441
0.
0.00152433
-0.0124932
0.282082
0.
0.0076703
-0.0456158
0.354692
0.
-0.00828617
0.113047
0.365715
0.00920456
0.
0.123032
0.379098
0.0209641
0.
-0.00205284
0.267912
0.0253356
0.
-0.0443604
0.338427
-0.00377417
0.
0.1156
0.38507
0.00936476
0.
-0.00446328
0.274117
0.00999049
0.
-0.052372
0.241406
0.00811194
-0.0415465
-0.0388075
0.247542
-0.0167786
0.0179031
-0.0695904
0.332485
-0.034214
-0.0271473
0.0395957
0.430888
-0.0732604
-0.104176
0.205405
0.371197
0.0701833
-0.103799
0.157713
0.291012
0.0297829
0.0234485
0.0800712
0.349226
0.0718578
0.0594543
0.188377
0.240031
-0.00477441
-0.0247407
-0.0123075
0.347664
0.000110358
-0.0192229
0.0431776
0.256356
0.0072845
0.0233118
-0.0419817
0.311237
-0.0168698
0.01812
0.0539363
0.310804
-0.0624964
0.0991603
0.163748
0.339638
0.000812864
-0.0131586
0.0734974
0.253549
-0.0565287
0.0300316
0.0288143
0.332248
0.0115874
0.100458
0.180299
