Vec Object: 1 MPI process
  type: seq
0.
0.
0.
-0.0950468
0.
0.
0.
0.210229
0.146081
-0.167692
0.
-0.130755
0.162169
-0.177037
0.
-0.108487
0.200486
0.192883
0.
-0.0565268
0.161578
0.172725
0.
-0.138573
0.37595
0.021892
0.
0.0570963
0.368535
0.0182117
0.
0.0375644
0.382027
-0.0226253
0.
0.04036
0.382384
-0.0320005
0.
0.0654021
0.
0.
0.
-0.0700563
0.
0.
0.
-0.180392
0.2825
-0.0498442
0.
-0.0272658
0.325371
0.0754272
0.
-0.0329189
0.289487
-0.0476197
0.
-0.00144868
0.328098
0.109352
0.
-0.015188
0.313544
0.0580807
0.
0.0122055
0.326893
-0.0943348
0.
-0.0226665
0.28309
0.0495554
0.
-0.041643
0.323573
-0.0551097
0.
-0.0444219
0.
0.
0.
-0.031091
0.
0.
0.
-0.0871022
0.
0.
0.
0.194395
0.
0.
0.
0.0206068
0.
0.
0.
-0.143909
0.
0.
0.
-0.0132461
0.
0.
0.
0.0925357
0.
0.
0.
0.330658
0.
0.
0.
0.302801
0.
0.
0.
0.19875
0.
0.
0.
0.0600553
0.
0.
0.
0.0983857
0.
0.
0.
0.164847
0.
0.
0.
-0.00856289
0.
0.
0.
0.479222
0.
0.
0.
0.395739
0.
0.
0.
0.253302
0.
0.
0.
-0.0188017
1.
0.
0.
0.0714871
0.402029
-0.00842624
-0.0016154
0.0436665
0.377456
0.
-0.000238526
-0.00815999
0.282786
0.
0.0015648
-0.0706668
0.375422
0.
0.00706415
0.104664
0.38596
0.
0.000315417
-0.0133694
0.284536
0.
0.00568417
-0.0791541
0.368237
0.
-0.00844445
0.141026
0.387641
0.00538963
0.
0.153734
0.382182
0.0207279
0.
-0.00606427
0.2717
0.0249105
0.
-0.0766484
0.357479
-0.00376932
0.
0.152987
0.390057
0.0072438
0.
-0.00500175
0.27711
0.00749555
0.
-0.087314
0.238235
0.00213147
-0.0330421
-0.0664366
0.246122
-0.0120136
0.0135122
-0.108539
0.31256
-0.0358298
-0.0160757
0.047638
0.439596
-0.0450922
-0.0840263
0.248662
0.383093
0.0437155
-0.0831863
0.195169
0.256987
0.0387615
0.0180485
0.101187
0.34731
0.0475019
0.0473338
0.238231
0.225557
0.00123632
-0.0218142
-0.0231777
0.315116
-0.000747844
-0.0101724
0.056802
0.253125
-0.00166558
0.0181628
-0.0735498
0.285408
-0.0223479
0.0124665
0.0716126
0.314508
-0.0395002
0.0806138
0.201793
0.312051
0.00441662
-0.0119695
0.0943026
0.208026
-0.0582992
0.0180654
0.102524
0.330654
0.000598426
0.0793739
0.233865
