Vec Object: 1 MPI process
  type: seq
0.
0.
0.
-0.0763417
0.
0.
0.
0.0195713
0.170303
-0.16817
0.
-0.0468614
0.176221
-0.180238
0.
-0.0502567
0.190005
0.207798
0.
-0.0420151
0.183322
0.163614
0.
-0.03723
0.389969
0.00840987
0.
-0.000939118
0.376968
0.00698213
0.
0.00986103
0.392986
-0.0221177
0.
0.00926327
0.39959
-0.0160271
0.
0.00273536
0.
0.
0.
-0.017596
0.
0.
0.
-0.0545705
0.326535
-0.0581848
0.
-0.0112507
0.315997
0.0902529
0.
0.00284086
0.331786
-0.0500193
0.
-0.0153426
0.320982
0.10873
0.
0.0149402
0.358832
0.0760366
0.
-0.00524673
0.321553
-0.101255
0.
0.0117228
0.325062
0.0353903
0.
-0.0091541
0.320653
-0.0617182
0.
-0.0035063
0.
0.
0.
-0.101686
0.
0.
0.
0.0277554
0.
0.
0.
-0.011932
0.
0.
0.
0.154513
0.
0.
0.
-0.0389107
0.
0.
0.
-0.13418
0.
0.
0.
-0.232868
0.
0.
0.
-0.0156235
0.
0.
0.
-0.069345
0.
0.
0.
-0.0379212
0.
0.
0.
-0.137775
0.
0.
0.
0.0393306
0.
0.
0.
-0.0940181
0.
0.
0.
0.0152081
0.
0.
0.
0.0546773
0.
0.
0.
-0.0424411
0.
0.
0.
-0.0110669
0.
0.
0.
0.0106011
1.
0.
0.
0.0313693
0.389353
-0.00772374
0.000350567
-0.000710356
0.383324
0.
-0.00483193
-0.00584329
0.264693
0.
-0.00481147
-0.0062621
0.269086
0.
0.02528
0.0328033
0.375664
0.
0.00582752
-0.00951325
0.264448
0.
0.0176674
-0.00058133
0.28532
0.
-0.00341669
0.032103
0.262803
0.0251925
0.
0.0296505
0.384621
0.0169912
0.
-0.00346671
0.251688
0.01562
0.
-0.0101416
0.24443
0.00939773
0.
0.0303301
0.381933
0.0168893
0.
-0.00367779
0.259966
0.0185833
0.
-0.00563938
0.253011
0.0274544
-0.0531242
0.000267174
0.24881
-0.0228631
0.0207832
-0.00240846
0.372012
-0.0204828
-0.0996287
-0.0047455
0.437666
-0.175778
-0.177615
0.0834361
0.366294
0.166469
-0.184912
0.0503209
0.328982
-0.0624491
0.0217371
0.0119848
0.37235
0.137292
0.124628
0.0589574
0.301387
-0.0158765
-0.0314135
-0.00787534
0.412266
0.00216481
-0.0597183
-0.00194039
0.252724
0.0168932
0.0334638
0.0167376
0.410524
0.0254071
0.0710818
-0.0018802
0.335196
-0.143172
0.157441
0.065807
0.429174
-0.0113486
0.000687838
0.00546126
0.307713
0.0652887
0.0904713
-0.079075
0.362974
0.0501349
0.1565
0.0516694
