Vec Object: 1 MPI process
  type: seq
0.
0.
0.
-0.122733
0.
0.
0.
0.0776635
0.156496
-0.167745
0.
-0.0998284
0.169112
-0.177565
0.
-0.08607
0.191762
0.201194
0.
-0.0672017
0.171071
0.168852
0.
-0.101428
0.385472
0.0119273
0.
0.0107262
0.374547
0.0106085
0.
0.00562217
0.388914
-0.0190558
0.
0.00577091
0.393022
-0.0215533
0.
0.0187139
0.
0.
0.
-0.0470862
0.
0.
0.
-0.115667
0.300702
-0.0542908
0.
-0.0179448
0.322211
0.086042
0.
0.000885883
0.306188
-0.0500186
0.
-0.00157813
0.324914
0.116825
0.
0.0199262
0.331459
0.0659641
0.
0.0105158
0.324336
-0.10447
0.
0.0140969
0.302084
0.04476
0.
-0.0270495
0.321469
-0.0623824
0.
-0.00520165
0.
0.
0.
-0.126236
0.
0.
0.
-0.045324
0.
0.
0.
0.0477163
0.
0.
0.
0.0660339
0.
0.
0.
-0.0979364
0.
0.
0.
-0.13301
0.
0.
0.
-0.124365
0.
0.
0.
0.124803
0.
0.
0.
0.0818156
0.
0.
0.
0.0382143
0.
0.
0.
-0.123604
0.
0.
0.
0.039099
0.
0.
0.
-0.0155038
0.
0.
0.
-0.0121489
0.
0.
0.
0.26083
0.
0.
0.
0.151624
0.
0.
0.
0.0654423
0.
0.
0.
-0.00148852
1.
0.
0.
0.0506731
0.401824
-0.00853723
-0.00103217
-0.00191063
0.376006
0.
-0.00218791
-0.00260056
0.276012
0.
-0.000588902
-0.023999
0.332858
0.
0.0136931
0.0670802
0.379558
0.
0.00291555
-0.0107151
0.278608
0.
0.0100797
-0.028322
0.338303
0.
-0.00759459
0.0882229
0.34069
0.0134408
0.
0.0935529
0.378828
0.0203145
0.
-0.000349254
0.26349
0.0243681
0.
-0.0290659
0.316245
-0.00233892
0.
0.0850735
0.383462
0.0117626
0.
-0.00294937
0.27046
0.0129744
0.
-0.0335993
0.244117
0.0143572
-0.0488806
-0.0237907
0.248218
-0.021278
0.0215195
-0.0455978
0.349698
-0.0304026
-0.0424265
0.0242402
0.425339
-0.102601
-0.124314
0.167409
0.361291
0.0976234
-0.125382
0.122661
0.319228
0.0118597
0.0270225
0.0557856
0.352241
0.095047
0.0744663
0.143658
0.255202
-0.0106638
-0.0271649
-0.0103679
0.376103
0.00100853
-0.0307906
0.0264285
0.257979
0.0156475
0.0278406
-0.0234342
0.337493
-0.00848461
0.0272741
0.0318934
0.309708
-0.0858289
0.117123
0.129368
0.367284
-0.00333501
-0.0118281
0.0482948
0.290614
-0.0406523
0.0459322
-0.0317245
0.335229
0.0231891
0.12054
0.133257
