Vec Object: 1 MPI process
  type: seq
0.
0.
0.
-0.0762091
0.
0.
0.
0.0196042
0.170345
-0.168185
0.
-0.0467228
0.17625
-0.180257
0.
-0.050142
0.190022
0.20782
0.
-0.0419161
0.18335
0.163611
0.
-0.0370635
0.389982
0.00841094
0.
-0.000956499
0.376988
0.00695964
0.
0.00987146
0.393015
-0.0221291
0.
0.00925711
0.39961
-0.0160193
0.
0.00270404
0.
0.
0.
-0.0175655
0.
0.
0.
-0.0545264
0.326629
-0.0581977
0.
-0.0112237
0.315966
0.090266
0.
0.00283434
0.331886
-0.0500015
0.
-0.0153547
0.320971
0.108688
0.
0.0149056
0.358935
0.0760551
0.
-0.00525766
0.321547
-0.101232
0.
0.0116939
0.325135
0.035361
0.
-0.00910939
0.320667
-0.0617061
0.
-0.00352113
0.
0.
0.
-0.101452
0.
0.
0.
0.0278656
0.
0.
0.
-0.0118735
0.
0.
0.
0.154557
0.
0.
0.
-0.0388909
0.
0.
0.
-0.133985
0.
0.
0.
-0.232865
0.
0.
0.
-0.0157755
0.
0.
0.
-0.0694936
0.
0.
0.
-0.0378911
0.
0.
0.
-0.137437
0.
0.
0.
0.0394117
0.
0.
0.
-0.0939385
0.
0.
0.
0.0153094
0.
0.
0.
0.0542456
0.
0.
0.
-0.0427311
0.
0.
0.
-0.0109942
0.
0.
0.
0.0105734
1.
0.
0.
0.0312758
0.389284
-0.00771645
0.00035796
-0.000692705
0.383355
0.
-0.00483871
-0.0058514
0.264661
0.
-0.00482824
-0.00622313
0.268848
0.
0.0253213
0.0327105
0.375634
0.
0.00583167
-0.0095016
0.26439
0.
0.0176952
-0.00051452
0.285114
0.
-0.0033911
0.0319549
0.262504
0.0252245
0.
0.0295047
0.384649
0.0169819
0.
-0.00347433
0.251666
0.0155687
0.
-0.0101056
0.244134
0.00946166
0.
0.030215
0.381915
0.0168979
0.
-0.00367808
0.259936
0.0185827
0.
-0.00558027
0.253043
0.0274893
-0.0530838
0.000287429
0.248804
-0.0228132
0.0207438
-0.00232721
0.372001
-0.0204662
-0.0998274
-0.00481128
0.437783
-0.175965
-0.177795
0.0832219
0.366441
0.166652
-0.185098
0.0501642
0.328779
-0.0626445
0.0216895
0.0118952
0.372447
0.13736
0.124784
0.0587785
0.30155
-0.0158722
-0.0314265
-0.00789232
0.412257
0.00216529
-0.0597558
-0.00200495
0.25267
0.0168138
0.0334696
0.0168165
0.410781
0.025534
0.0712708
-0.00193932
0.335382
-0.143328
0.157549
0.0656679
0.429307
-0.0113485
0.000729138
0.00538827
0.307531
0.0656442
0.0905383
-0.0790068
0.363147
0.0501856
0.156545
0.0515155
