Vec Object: 1 MPI process
  type: seq
0.
0.
0.
-0.110993
0.
0.
0.
0.0369647
0.162319
-0.167207
0.
-0.0770627
0.172085
-0.177964
0.
-0.0709744
0.189862
0.203786
0.
-0.0589342
0.176482
0.166249
0.
-0.0747998
0.387475
0.00978348
0.
0.00417027
0.375199
0.00938444
0.
0.00590631
0.389832
-0.0201103
0.
0.00715942
0.395851
-0.0187519
0.
0.0105561
0.
0.
0.
-0.0337558
0.
0.
0.
-0.0843492
0.310354
-0.0562298
0.
-0.0170083
0.320284
0.0881418
0.
0.00365405
0.315334
-0.0511473
0.
-0.0088438
0.323339
0.115039
0.
0.0205453
0.341381
0.0707714
0.
0.00193855
0.323134
-0.104395
0.
0.0158208
0.311287
0.0413951
0.
-0.0205693
0.320462
-0.0629542
0.
-0.00184543
0.
0.
0.
-0.13476
0.
0.
0.
-0.0136437
0.
0.
0.
0.00389703
0.
0.
0.
0.10662
0.
0.
0.
-0.0686807
0.
0.
0.
-0.153775
0.
0.
0.
-0.193938
0.
0.
0.
0.0482396
0.
0.
0.
-0.00117912
0.
0.
0.
-0.0131427
0.
0.
0.
-0.162371
0.
0.
0.
0.0290556
0.
0.
0.
-0.0718976
0.
0.
0.
-0.00495449
0.
0.
0.
0.165622
0.
0.
0.
0.0533618
0.
0.
0.
0.00933636
0.
0.
0.
0.00583496
1.
0.
0.
0.0455852
0.398594
-0.0083933
-0.000595099
-0.00365092
0.378139
0.
-0.00328124
-0.00336023
0.271564
0.
-0.0020659
-0.0153689
0.309325
0.
0.0178658
0.0520916
0.378592
0.
0.00431111
-0.0101029
0.273921
0.
0.0128648
-0.0160079
0.319592
0.
-0.00646763
0.0646498
0.312857
0.018095
0.
0.0652111
0.380299
0.0190717
0.
-0.00106349
0.258444
0.0221393
0.
-0.0197525
0.291291
0.000699458
0.
0.0593413
0.383192
0.0141602
0.
-0.00275823
0.266261
0.0159933
0.
-0.0204001
0.247034
0.0202441
-0.0539625
-0.0110588
0.248559
-0.0246438
0.0235457
-0.025549
0.3634
-0.0258682
-0.0625136
0.0107968
0.42489
-0.133047
-0.1449
0.131291
0.355986
0.126017
-0.148463
0.0898656
0.337647
-0.0151397
0.027716
0.0351329
0.357805
0.115819
0.0928664
0.104341
0.271987
-0.0147384
-0.0291214
-0.00814683
0.39852
0.00170689
-0.0440571
0.0129829
0.25785
0.0209826
0.0312572
-0.00570805
0.365047
0.00290233
0.0408302
0.0145897
0.313556
-0.109539
0.134299
0.0997116
0.39467
-0.00758367
-0.00796162
0.0267289
0.314206
-0.00771709
0.0652235
-0.0693882
0.341574
0.0350854
0.138602
0.0936271
