Vec Object: 1 MPI process
  type: seq
0.
0.
0.
-0.0937029
0.
0.
0.
0.0220671
0.166281
-0.167297
0.
-0.0615446
0.173926
-0.17878
0.
-0.0609395
0.189318
0.205685
0.
-0.0512353
0.180121
0.16461
0.
-0.0555346
0.38869
0.00879082
0.
0.00121666
0.375677
0.0085415
0.
0.00798762
0.390879
-0.0210678
0.
0.00880255
0.39768
-0.0171631
0.
0.00626171
0.
0.
0.
-0.0239241
0.
0.
0.
-0.0652049
0.317908
-0.0571492
0.
-0.0143416
0.31849
0.0891657
0.
0.00354031
0.322813
-0.0510989
0.
-0.0128796
0.322137
0.112395
0.
0.0182286
0.349418
0.0737278
0.
-0.00270751
0.322282
-0.103198
0.
0.0143202
0.317995
0.0384362
0.
-0.0146057
0.320097
-0.0626155
0.
-0.00218674
0.
0.
0.
-0.123319
0.
0.
0.
0.010245
0.
0.
0.
-0.0111709
0.
0.
0.
0.136831
0.
0.
0.
-0.0491057
0.
0.
0.
-0.150156
0.
0.
0.
-0.223
0.
0.
0.
0.00857255
0.
0.
0.
-0.0440319
0.
0.
0.
-0.0332521
0.
0.
0.
-0.16194
0.
0.
0.
0.0316037
0.
0.
0.
-0.0924361
0.
0.
0.
0.00452322
0.
0.
0.
0.105282
0.
0.
0.
-0.0027003
0.
0.
0.
-0.0100809
0.
0.
0.
0.0102518
1.
0.
0.
0.0396299
0.394918
-0.00819801
-0.00021658
-0.00250907
0.380446
0.
-0.00408432
-0.00466245
0.268109
0.
-0.00331727
-0.0105417
0.290766
0.
0.0213315
0.0422643
0.377679
0.
0.00519635
-0.0100548
0.269696
0.
0.0151065
-0.00802935
0.304003
0.
-0.00530657
0.0480351
0.290002
0.0216773
0.
0.046269
0.382158
0.0180095
0.
-0.0023307
0.254745
0.0196014
0.
-0.0144959
0.2704
0.00418195
0.
0.0435459
0.382983
0.0157097
0.
-0.00327361
0.263106
0.0177822
0.
-0.0124656
0.24973
0.0240119
-0.0551805
-0.00379227
0.24883
-0.0253539
0.0233028
-0.0127095
0.369935
-0.022781
-0.0800142
0.00258593
0.428832
-0.155073
-0.160494
0.106522
0.357223
0.146657
-0.166229
0.0685165
0.340437
-0.0390612
0.0257941
0.0226093
0.363911
0.128195
0.108274
0.0796989
0.285727
-0.0159986
-0.0302741
-0.00709438
0.408895
0.0020206
-0.0532595
0.00510614
0.256371
0.0214281
0.0327399
0.00665414
0.386425
0.0132211
0.0540509
0.00531132
0.321068
-0.126614
0.146108
0.081418
0.41326
-0.0101439
-0.0038401
0.0145719
0.318308
0.0266722
0.079579
-0.0805611
0.349598
0.0433233
0.149299
0.070177
