Vec Object: 1 MPI process
  type: seq
0.
0.
0.
-0.101288
0.
0.
0.
0.0266431
0.164675
-0.167193
0.
-0.0677912
0.173169
-0.178385
0.
-0.0650242
0.189432
0.204894
0.
-0.0545509
0.178671
0.165238
0.
-0.0633803
0.388196
0.00914002
0.
0.00231025
0.375436
0.00892436
0.
0.00706062
0.390366
-0.0206687
0.
0.00819511
0.396935
-0.0177688
0.
0.00790795
0.
0.
0.
-0.0277439
0.
0.
0.
-0.0723247
0.314734
-0.0567923
0.
-0.0155652
0.319281
0.0887671
0.
0.00371097
0.319629
-0.0512183
0.
-0.0113711
0.322633
0.113593
0.
0.0193482
0.346012
0.0725835
0.
-0.00101425
0.322623
-0.103779
0.
0.0151118
0.315234
0.0396747
0.
-0.0170748
0.32018
-0.0628191
0.
-0.00187129
0.
0.
0.
-0.129579
0.
0.
0.
0.000797327
0.
0.
0.
-0.00675401
0.
0.
0.
0.125088
0.
0.
0.
-0.0564848
0.
0.
0.
-0.153396
0.
0.
0.
-0.213372
0.
0.
0.
0.0230544
0.
0.
0.
-0.0284428
0.
0.
0.
-0.026858
0.
0.
0.
-0.165091
0.
0.
0.
0.0297003
0.
0.
0.
-0.0862496
0.
0.
0.
0.000357261
0.
0.
0.
0.128961
0.
0.
0.
0.0184936
0.
0.
0.
-0.0044004
0.
0.
0.
0.00874406
1.
0.
0.
0.0423221
0.396591
-0.00829618
-0.000383441
-0.00311292
0.379432
0.
-0.00375843
-0.00410294
0.269532
0.
-0.00278453
-0.0124355
0.298604
0.
0.0198615
0.0462088
0.378124
0.
0.00485516
-0.0100813
0.271522
0.
0.0141626
-0.0112463
0.310656
0.
-0.00583281
0.0547877
0.299732
0.0201986
0.
0.0538029
0.381326
0.018448
0.
-0.00178694
0.256231
0.0207583
0.
-0.0165466
0.279362
0.00259779
0.
0.0497134
0.383118
0.0151066
0.
-0.00303353
0.264398
0.0171246
0.
-0.0155866
0.248546
0.0225281
-0.0550072
-0.00645739
0.248716
-0.0253271
0.0236257
-0.0177433
0.367691
-0.0239836
-0.0725671
0.00583173
0.426714
-0.146122
-0.153996
0.116487
0.356019
0.138244
-0.158845
0.0769431
0.34069
-0.0290033
0.0268504
0.0275235
0.361171
0.123469
0.101778
0.0893623
0.279903
-0.0156716
-0.0298227
-0.00735632
0.405377
0.0019128
-0.0496642
0.00820119
0.257156
0.0217064
0.0322418
0.00175008
0.377461
0.008774
0.0482425
0.00883338
0.317382
-0.119656
0.141336
0.0885782
0.405864
-0.00919656
-0.00562948
0.019186
0.318224
0.0116749
0.0738471
-0.0776109
0.34585
0.0400379
0.145245
0.0792086
