Vec Object: 1 MPI process
  type: seq
0.
0.
0.
-0.118701
0.
0.
0.
0.0531339
0.159664
-0.167388
0.
-0.0875174
0.170804
-0.177681
0.
-0.0777593
0.19061
0.202593
0.
-0.0631723
0.174002
0.167434
0.
-0.0872566
0.386624
0.0106626
0.
0.00673162
0.374957
0.00988501
0.
0.00521303
0.3894
-0.0195513
0.
0.00614539
0.394608
-0.0199635
0.
0.013928
0.
0.
0.
-0.04031
0.
0.
0.
-0.0987547
0.305772
-0.0554604
0.
-0.017915
0.321241
0.0873103
0.
0.00294856
0.310947
-0.0507803
0.
-0.00567322
0.324087
0.116184
0.
0.0210025
0.336625
0.0686146
0.
0.00571687
0.323696
-0.104705
0.
0.0157509
0.307001
0.0431064
0.
-0.0239837
0.320897
-0.0628615
0.
-0.0026717
0.
0.
0.
-0.134518
0.
0.
0.
-0.0291865
0.
0.
0.
0.0211339
0.
0.
0.
0.086614
0.
0.
0.
-0.0826402
0.
0.
0.
-0.147927
0.
0.
0.
-0.165554
0.
0.
0.
0.0810348
0.
0.
0.
0.034389
0.
0.
0.
0.00758707
0.
0.
0.
-0.149763
0.
0.
0.
0.0316374
0.
0.
0.
-0.049373
0.
0.
0.
-0.00935512
0.
0.
0.
0.208501
0.
0.
0.
0.0964913
0.
0.
0.
0.0315012
0.
0.
0.
0.00230593
1.
0.
0.
0.0483581
0.400328
-0.00846866
-0.000805416
-0.00351915
0.376976
0.
-0.002764
-0.00277791
0.273707
0.
-0.00134285
-0.0189804
0.320487
0.
0.0158411
0.0588357
0.379012
0.
0.00367332
-0.0102461
0.276259
0.
0.0115241
-0.0214519
0.328636
0.
-0.00704595
0.0755332
0.326239
0.0158748
0.
0.0781929
0.379436
0.0197033
0.
-0.000499914
0.260847
0.0233375
0.
-0.0236813
0.303331
-0.000937408
0.
0.0707747
0.383246
0.0130622
0.
-0.0026686
0.26826
0.0146192
0.
-0.0261404
0.245597
0.0175797
-0.051975
-0.016762
0.248409
-0.0233026
0.0228695
-0.0346007
0.357564
-0.0280033
-0.0525457
0.0167027
0.424351
-0.118779
-0.135225
0.147895
0.357688
0.11271
-0.137506
0.104774
0.330698
-0.00148643
0.0278277
0.0442189
0.35484
0.106561
0.083858
0.121947
0.263907
-0.0131387
-0.0282678
-0.00924107
0.389034
0.00141633
-0.0377804
0.0187907
0.258143
0.0190209
0.0298416
-0.0140079
0.352003
-0.00279703
0.0339038
0.0219347
0.310996
-0.0984755
0.126416
0.112909
0.382033
-0.00564119
-0.0100651
0.036123
0.30536
-0.0252887
0.0559293
-0.0550035
0.338081
0.0295535
0.130543
0.111103
