Vec Object: 1 MPI process
  type: seq
0.
0.
0.
1.06497
0.
0.
0.
1.76176
0.319045
-0.0021505
0.
3.26451
0.336781
-0.00517247
0.
3.26763
0.377764
0.0270542
0.
3.27726
0.337629
0.00234596
0.
3.23314
0.410609
-0.0240772
0.
-2.1834
0.408465
-0.0296552
0.
-2.19322
0.415829
0.0256248
0.
-2.18236
0.416332
0.0174846
0.
-2.18418
0.
0.
0.
0.670156
0.
0.
0.
0.373399
0.239653
-0.0674024
0.
0.301445
0.328962
-0.0198182
0.
-1.76021
0.250409
-0.0686673
0.
0.315717
0.332642
-0.0153669
0.
-1.80564
0.273572
0.0710603
0.
0.32874
0.330561
0.0318615
0.
-1.80055
0.237166
0.0647096
0.
0.421451
0.331156
0.0212767
0.
-1.79387
0.
0.
0.
1.39255
0.
0.
0.
0.757858
0.
0.
0.
1.8025
0.
0.
0.
1.04947
0.
0.
0.
0.616002
0.
0.
0.
1.47357
0.
0.
0.
1.92304
0.
0.
0.
2.2665
0.
0.
0.
2.14659
0.
0.
0.
1.78801
0.
0.
0.
1.74541
0.
0.
0.
1.31197
0.
0.
0.
1.76883
0.
0.
0.
0.968861
0.
0.
0.
2.82651
0.
0.
0.
2.49476
0.
0.
0.
2.27552
0.
0.
0.
0.697279
1.
0.
0.
3.62459
0.433047
-0.00316294
-0.000382605
-2.19668
0.383918
0.
0.00184482
-2.02089
0.281294
0.
0.00275147
-1.29773
0.307631
0.
0.000776131
2.53881
0.394321
0.
-0.000650229
-2.02332
0.278211
0.
0.0033808
-1.18997
0.29045
0.
-0.00635864
2.51394
0.317212
0.000605084
0.
2.51135
0.386713
0.00126667
0.
-2.02185
0.272145
0.00205351
0.
-1.27845
0.283219
0.000139257
0.
2.55404
0.394425
0.00588078
0.
-2.02683
0.273426
0.00739592
0.
-1.22445
0.210157
-0.00664042
-0.0102901
-0.0213488
0.22386
0.00261659
0.002741
-0.722249
0.240275
-0.0201059
-0.000601391
1.06648
0.427699
-0.0168856
-0.0309371
2.99249
0.365386
0.0247539
-0.0326072
2.51822
0.148911
0.0183571
0.00370934
1.26735
0.288224
0.020488
0.0241168
2.44797
0.17989
0.00970934
-0.0100561
0.56225
0.214087
0.00360148
0.00414484
1.11381
0.222937
-0.01253
0.00447124
-0.184733
0.214365
-0.0185135
0.00777067
1.08305
0.281173
-0.0190751
0.0309972
2.33888
0.228073
0.00896344
-0.00256637
1.34208
0.0658619
-0.0103758
0.00505154
1.56569
0.272297
0.0158956
0.0269101
2.38201
