Vec Object: 1 MPI process
  type: seq
0.
0.
0.
-0.105924
0.
0.
0.
0.030771
0.163616
-0.167179
0.
-0.0719481
0.172683
-0.178174
0.
-0.0676962
0.189592
0.204389
0.
-0.0565918
0.177693
0.165683
0.
-0.0685406
0.387873
0.00941183
0.
0.00310505
0.375319
0.00913988
0.
0.00649655
0.3901
-0.0204129
0.
0.00773605
0.396448
-0.0181984
0.
0.009062
0.
0.
0.
-0.0304243
0.
0.
0.
-0.0775605
0.312727
-0.0565494
0.
-0.0162774
0.319753
0.0884953
0.
0.00373943
0.317648
-0.0512194
0.
-0.010275
0.322955
0.11429
0.
0.0199629
0.343879
0.0717853
0.
0.000253218
0.322853
-0.104093
0.
0.0155064
0.313445
0.0404663
0.
-0.0186804
0.320289
-0.0629042
0.
-0.00178514
0.
0.
0.
-0.132527
0.
0.
0.
-0.00568311
0.
0.
0.
-0.00255713
0.
0.
0.
0.11684
0.
0.
0.
-0.0618481
0.
0.
0.
-0.154225
0.
0.
0.
-0.20538
0.
0.
0.
0.0338423
0.
0.
0.
-0.0167778
0.
0.
0.
-0.0212989
0.
0.
0.
-0.164924
0.
0.
0.
0.0290751
0.
0.
0.
-0.0805321
0.
0.
0.
-0.00217079
0.
0.
0.
0.145207
0.
0.
0.
0.0336751
0.
0.
0.
0.00101202
0.
0.
0.
0.00750445
1.
0.
0.
0.0438871
0.397551
-0.00834497
-0.000482378
-0.00341621
0.378821
0.
-0.00354291
-0.00375098
0.270457
0.
-0.00245252
-0.0137283
0.303527
0.
0.018941
0.048839
0.378354
0.
0.00461531
-0.0100864
0.272639
0.
0.0135668
-0.0133811
0.314786
0.
-0.00613502
0.0592354
0.305789
0.0192404
0.
0.0588952
0.380835
0.0187332
0.
-0.00144416
0.257228
0.0214205
0.
-0.0179585
0.284886
0.00168706
0.
0.0539657
0.383162
0.0146877
0.
-0.00289275
0.265242
0.0166339
0.
-0.0177173
0.247835
0.0215154
-0.0546401
-0.00844411
0.248642
-0.0250979
0.0236622
-0.0212066
0.365891
-0.0248203
-0.0679132
0.00803247
0.425718
-0.140218
-0.149847
0.123129
0.355784
0.132717
-0.154107
0.0826888
0.339764
-0.0226013
0.0273369
0.0308877
0.359567
0.12012
0.0976727
0.095995
0.276254
-0.015316
-0.0295141
-0.00766766
0.402517
0.00182701
-0.0471677
0.0103112
0.257527
0.021526
0.0318351
-0.00158624
0.371779
0.00603862
0.0447544
0.0113322
0.315454
-0.115085
0.138175
0.0934993
0.400861
-0.00849511
-0.00672704
0.0224702
0.316941
0.00253633
0.0699649
-0.074478
0.343769
0.0378196
0.142342
0.0855352
