Vec Object: 1 MPI process
  type: seq
0.
0.
0.
-0.0752265
0.
0.
0.
0.0198928
0.170669
-0.168305
0.
-0.0456554
0.176477
-0.180411
0.
-0.0492456
0.190156
0.207998
0.
-0.0411436
0.183566
0.163591
0.
-0.0357882
0.390086
0.00842355
0.
-0.00108807
0.377156
0.00677909
0.
0.00994386
0.393247
-0.022219
0.
0.00920053
0.399764
-0.0159614
0.
0.00246393
0.
0.
0.
-0.0173548
0.
0.
0.
-0.0542292
0.327365
-0.0583007
0.
-0.0110194
0.315727
0.0903704
0.
0.00278554
0.332669
-0.049858
0.
-0.0154381
0.320895
0.108354
0.
0.0146372
0.359742
0.0761952
0.
-0.0053316
0.321502
-0.10105
0.
0.0114685
0.325709
0.0351347
0.
-0.00877201
0.320781
-0.0616093
0.
-0.00363616
0.
0.
0.
-0.0996444
0.
0.
0.
0.0286655
0.
0.
0.
-0.0113836
0.
0.
0.
0.154781
0.
0.
0.
-0.0388033
0.
0.
0.
-0.132466
0.
0.
0.
-0.232772
0.
0.
0.
-0.0168917
0.
0.
0.
-0.0705723
0.
0.
0.
-0.0376114
0.
0.
0.
-0.134768
0.
0.
0.
0.0400317
0.
0.
0.
-0.0932637
0.
0.
0.
0.0160865
0.
0.
0.
0.0509583
0.
0.
0.
-0.0448989
0.
0.
0.
-0.0103864
0.
0.
0.
0.0103367
1.
0.
0.
0.0305451
0.388742
-0.00765758
0.000416843
-0.000557334
0.383596
0.
-0.00489064
-0.00591051
0.264415
0.
-0.00495997
-0.00592444
0.266989
0.
0.0256416
0.0319913
0.37539
0.
0.00586207
-0.00940534
0.263933
0.
0.0179129
-4.86504e-06
0.283501
0.
-0.00318639
0.0308179
0.260168
0.0254692
0.
0.0283915
0.384864
0.0169111
0.
-0.00352953
0.251502
0.0151598
0.
-0.00983316
0.241813
0.00996697
0.
0.0293355
0.381765
0.0169623
0.
-0.00367638
0.2597
0.018571
0.
-0.00513014
0.253292
0.0277631
-0.052757
0.000431155
0.248747
-0.0224051
0.0204278
-0.00171527
0.371893
-0.0203425
-0.101365
-0.00531389
0.438708
-0.17739
-0.179191
0.0815755
0.367625
0.168055
-0.186534
0.0489698
0.327145
-0.0641146
0.0213184
0.0112157
0.373207
0.137877
0.125978
0.0574133
0.302819
-0.0158411
-0.0315292
-0.00802736
0.412156
0.0021683
-0.0600228
-0.00249954
0.252237
0.0161726
0.0335151
0.017409
0.412788
0.0265181
0.0727479
-0.00238707
0.336859
-0.144522
0.158377
0.0646012
0.430314
-0.0113372
0.00104326
0.00483511
0.306066
0.0683486
0.0910198
-0.0784501
0.364516
0.0505609
0.156874
0.0503443
