Vec Object: 1 MPI process
  type: seq
0.
0.
0.
0.0207956
0.
0.
0.
0.451039
0.175373
-0.134096
0.
0.326951
0.191629
-0.143458
0.
0.347317
0.246199
0.150371
0.
0.439748
0.192241
0.141207
0.
0.319024
0.350592
0.0460247
0.
0.0116706
0.350563
0.0388735
0.
-0.0338347
0.355053
-0.0450677
0.
0.0150797
0.357192
-0.0553052
0.
0.0156083
0.
0.
0.
-0.0965487
0.
0.
0.
-0.259676
0.262197
-0.0735939
0.
-0.156396
0.329746
0.0423598
0.
-0.323877
0.270892
-0.0782797
0.
-0.142296
0.333542
0.0685838
0.
-0.324815
0.294217
0.0782241
0.
-0.098675
0.33142
-0.0519377
0.
-0.328917
0.260294
0.0754496
0.
-0.127479
0.325671
-0.0291823
0.
-0.34648
0.
0.
0.
0.187631
0.
0.
0.
-0.0922805
0.
0.
0.
0.458248
0.
0.
0.
0.0610662
0.
0.
0.
-0.165275
0.
0.
0.
0.234854
0.
0.
0.
0.465086
0.
0.
0.
0.692395
0.
0.
0.
0.659992
0.
0.
0.
0.470328
0.
0.
0.
0.40113
0.
0.
0.
0.225406
0.
0.
0.
0.458565
0.
0.
0.
0.0271643
0.
0.
0.
0.913137
0.
0.
0.
0.811803
0.
0.
0.
0.625955
0.
0.
0.
-0.0577423
1.
0.
0.
0.609657
0.390608
-0.00578615
-0.000872862
0.0240172
0.392125
0.
0.00156105
-0.217991
0.288076
0.
0.00256964
-0.370387
0.38326
0.
0.00232302
0.397595
0.408716
0.
-0.000723075
-0.197475
0.287597
0.
0.00327484
-0.365015
0.363652
0.
-0.00718705
0.449334
0.395655
0.000945097
0.
0.458947
0.400599
0.0155254
0.
-0.214874
0.278159
0.0177694
0.
-0.367162
0.360895
0.00054055
0.
0.486653
0.416816
0.00544284
0.
-0.189307
0.281553
0.00636277
0.
-0.377304
0.228829
-0.00373082
-0.0169118
-0.242504
0.239988
-0.00396325
0.00528078
-0.359672
0.26553
-0.0216501
-0.00401235
0.0558714
0.449597
0.00107492
-0.0461473
0.646219
0.394126
0.00167066
-0.0465312
0.510755
0.181616
0.0306498
0.00606086
0.179972
0.331089
0.00583337
0.0307857
0.552361
0.197773
0.00101796
-0.0148259
-0.100248
0.243925
-6.44275e-05
-0.000112917
0.110044
0.242539
-0.0053983
0.00810324
-0.279564
0.234678
-0.0215558
0.00850268
0.105719
0.312564
0.000275701
0.0454788
0.47579
0.257166
0.00914313
-0.00419444
0.180659
0.108025
-0.0353877
0.00573366
0.327038
0.315231
-0.0144123
0.0401709
0.545915
