Vec Object: 1 MPI process
  type: seq
0.
0.
0.
-0.0750016
0.
0.
0.
0.0199709
0.170748
-0.168336
0.
-0.0453996
0.176534
-0.18045
0.
-0.0490272
0.19019
0.208041
0.
-0.040956
0.183617
0.163588
0.
-0.0354848
0.390111
0.00842777
0.
-0.00111898
0.377199
0.0067338
0.
0.00995902
0.393304
-0.0222411
0.
0.00918447
0.399802
-0.0159482
0.
0.00240666
0.
0.
0.
-0.017311
0.
0.
0.
-0.0541692
0.327544
-0.0583262
0.
-0.0109714
0.315668
0.0903964
0.
0.00277427
0.33286
-0.0498218
0.
-0.0154555
0.320877
0.108273
0.
0.0145722
0.359938
0.0762281
0.
-0.00534657
0.321491
-0.101005
0.
0.0114137
0.325849
0.0350803
0.
-0.00869307
0.32081
-0.0615853
0.
-0.00366393
0.
0.
0.
-0.0992099
0.
0.
0.
0.0288441
0.
0.
0.
-0.0112559
0.
0.
0.
0.154803
0.
0.
0.
-0.0387997
0.
0.
0.
-0.132097
0.
0.
0.
-0.232732
0.
0.
0.
-0.0171449
0.
0.
0.
-0.0708134
0.
0.
0.
-0.0375318
0.
0.
0.
-0.134111
0.
0.
0.
0.0401785
0.
0.
0.
-0.0930856
0.
0.
0.
0.016272
0.
0.
0.
0.0501806
0.
0.
0.
-0.0454009
0.
0.
0.
-0.0102284
0.
0.
0.
0.0102736
1.
0.
0.
0.030367
0.388608
-0.00764274
0.000431491
-0.000525067
0.383655
0.
-0.00490302
-0.00592375
0.264356
0.
-0.00499228
-0.00585325
0.266536
0.
0.0257192
0.0318178
0.375329
0.
0.00586892
-0.00938048
0.263822
0.
0.0179661
0.000115896
0.283107
0.
-0.0031352
0.0305464
0.259598
0.0255273
0.
0.0281272
0.384917
0.0168943
0.
-0.0035418
0.251464
0.0150582
0.
-0.00976921
0.241244
0.0100916
0.
0.0291265
0.381727
0.0169771
0.
-0.00367488
0.259643
0.0185662
0.
-0.00502367
0.253351
0.02783
-0.0526746
0.000462377
0.248731
-0.0223009
0.0203487
-0.00157236
0.371861
-0.020314
-0.101736
-0.00543321
0.438937
-0.177728
-0.17953
0.0811817
0.367922
0.168389
-0.18688
0.0486868
0.326734
-0.0644572
0.0212285
0.011056
0.373393
0.137997
0.126262
0.0570895
0.303126
-0.0158341
-0.0315546
-0.00806074
0.412124
0.00216882
-0.060081
-0.00261732
0.252128
0.0160108
0.0335265
0.0175471
0.413276
0.0267557
0.0731076
-0.0024923
0.337224
-0.144808
0.158575
0.0643468
0.430551
-0.0113315
0.00111739
0.00470491
0.305701
0.0689869
0.0911255
-0.0783086
0.364855
0.0506466
0.156948
0.0500673
