Vec Object: 1 MPI process
  type: seq
0.
0.
0.
-0.0787832
0.
0.
0.
0.0191674
0.169603
-0.167939
0.
-0.049252
0.175756
-0.179927
0.
-0.0521786
0.189762
0.207418
0.
-0.0436817
0.182829
0.163697
0.
-0.0401338
0.389744
0.00840978
0.
-0.000629379
0.376644
0.00733889
0.
0.00964839
0.39252
-0.0219273
0.
0.00932974
0.399256
-0.0161732
0.
0.00328071
0.
0.
0.
-0.0182313
0.
0.
0.
-0.0555224
0.324966
-0.0579749
0.
-0.0117297
0.316492
0.0900399
0.
0.0029581
0.330122
-0.0502983
0.
-0.0150921
0.32116
0.109432
0.
0.015526
0.357109
0.0757067
0.
-0.00501266
0.321659
-0.101637
0.
0.0122084
0.323822
0.0358943
0.
-0.00995427
0.32045
-0.0619143
0.
-0.00325529
0.
0.
0.
-0.10567
0.
0.
0.
0.0256457
0.
0.
0.
-0.0127502
0.
0.
0.
0.153265
0.
0.
0.
-0.0395354
0.
0.
0.
-0.13744
0.
0.
0.
-0.232612
0.
0.
0.
-0.0127572
0.
0.
0.
-0.0664867
0.
0.
0.
-0.0382162
0.
0.
0.
-0.143297
0.
0.
0.
0.03792
0.
0.
0.
-0.0951014
0.
0.
0.
0.0134524
0.
0.
0.
0.0622862
0.
0.
0.
-0.0371508
0.
0.
0.
-0.0120903
0.
0.
0.
0.0109697
1.
0.
0.
0.0329299
0.390476
-0.00783829
0.000231288
-0.00101622
0.382802
0.
-0.00471403
-0.00568967
0.265248
0.
-0.00453328
-0.00693992
0.273058
0.
0.0245822
0.0343887
0.37614
0.
0.00574904
-0.00968697
0.265423
0.
0.0172024
-0.00175224
0.288762
0.
-0.00382581
0.0346705
0.267797
0.0246334
0.
0.0322049
0.384162
0.0171518
0.
-0.00332125
0.252101
0.0164509
0.
-0.0107831
0.249333
0.00835093
0.
0.0323442
0.382217
0.0167309
0.
-0.0036567
0.260489
0.0185617
0.
-0.00668017
0.252449
0.0268684
-0.0537506
-0.000139321
0.248889
-0.0236241
0.0214081
-0.00386949
0.372085
-0.0207864
-0.0962404
-0.00359542
0.435769
-0.172519
-0.174587
0.0871434
0.363988
0.16329
-0.181738
0.0530755
0.332157
-0.0589434
0.0225359
0.0135767
0.370739
0.136049
0.12193
0.0620998
0.29862
-0.0159507
-0.0312012
-0.0076063
0.412287
0.00215328
-0.0589799
-0.000817598
0.253576
0.0181298
0.0333679
0.0153161
0.406198
0.0232524
0.0679177
-0.000828623
0.332185
-0.140483
0.155586
0.0682301
0.426814
-0.011305
-3.83661e-05
0.00676094
0.310609
0.0590424
0.089166
-0.0801002
0.360176
0.0491993
0.155636
0.0543891
