Vec Object: 1 MPI process
  type: seq
0.
0.
0.
-0.117937
0.
0.
0.
0.127189
0.151452
-0.16837
0.
-0.118382
0.165989
-0.177689
0.
-0.0994964
0.194231
0.1987
0.
-0.0703645
0.166456
0.171051
0.
-0.122421
0.382929
0.0146961
0.
0.0211566
0.373245
0.0124529
0.
0.0106297
0.387593
-0.0189919
0.
0.00964414
0.389885
-0.0246783
0.
0.0298763
0.
0.
0.
-0.0555354
0.
0.
0.
-0.141252
0.293044
-0.0519205
0.
-0.0168725
0.323553
0.0830286
0.
-0.00656496
0.299124
-0.0483221
0.
0.00464152
0.326167
0.115965
0.
0.0130555
0.32382
0.0617424
0.
0.0173721
0.325328
-0.102398
0.
0.00639969
0.294339
0.0466323
0.
-0.0302269
0.322392
-0.0606049
0.
-0.0141854
0.
0.
0.
-0.0968366
0.
0.
0.
-0.0651783
0.
0.
0.
0.102004
0.
0.
0.
0.0417199
0.
0.
0.
-0.118294
0.
0.
0.
-0.0932396
0.
0.
0.
-0.0437932
0.
0.
0.
0.204337
0.
0.
0.
0.167685
0.
0.
0.
0.098617
0.
0.
0.
-0.0606606
0.
0.
0.
0.0597654
0.
0.
0.
0.0519577
0.
0.
0.
-0.0116496
0.
0.
0.
0.348161
0.
0.
0.
0.247717
0.
0.
0.
0.134214
0.
0.
0.
-0.00637126
1.
0.
0.
0.0538722
0.403122
-0.00860397
-0.00135037
0.00613269
0.375438
0.
-0.00133926
-0.00376263
0.279187
0.
0.000433442
-0.0354861
0.351544
0.
0.0106713
0.081292
0.381008
0.
0.00174486
-0.0121585
0.281591
0.
0.00803797
-0.0421103
0.352155
0.
-0.00820577
0.108827
0.361779
0.00987306
0.
0.11814
0.378901
0.0209106
0.
-0.00158318
0.267236
0.0252656
0.
-0.0411156
0.334957
-0.00363779
0.
0.1102
0.384643
0.00974715
0.
-0.00417177
0.273564
0.0104584
0.
-0.0486123
0.241868
0.00913973
-0.0428525
-0.0359799
0.247696
-0.0175521
0.0185672
-0.0651031
0.335501
-0.0336856
-0.0293467
0.0371468
0.429702
-0.0779883
-0.107472
0.198969
0.369366
0.0746149
-0.10726
0.15183
0.296106
0.0274636
0.0241848
0.0759844
0.349593
0.0757687
0.0617057
0.180675
0.242451
-0.00580968
-0.0251716
-0.0118349
0.35264
0.000263501
-0.0209576
0.0403285
0.256737
0.00877295
0.0241088
-0.0386041
0.315492
-0.0156874
0.0193612
0.0502
0.310378
-0.0662946
0.102153
0.157803
0.344164
0.000162358
-0.013116
0.0693265
0.260305
-0.0549803
0.032371
0.0175984
0.332582
0.013452
0.103842
0.172099
