Vec Object: 1 MPI process
  type: seq
0.
0.
0.
-0.0874425
0.
0.
0.
0.0198937
0.167589
-0.16747
0.
-0.0565665
0.174587
-0.179173
0.
-0.0575563
0.189368
0.206352
0.
-0.0483575
0.181248
0.164169
0.
-0.049253
0.3891
0.00857633
0.
0.000421276
0.375963
0.00815059
0.
0.00872773
0.39142
-0.0214
0.
0.00915571
0.398295
-0.0167233
0.
0.00501641
0.
0.
0.
-0.0212289
0.
0.
0.
-0.0604471
0.320607
-0.0574493
0.
-0.0132858
0.317768
0.0894927
0.
0.00332686
0.325571
-0.0508812
0.
-0.0139254
0.321737
0.111303
0.
0.0172016
0.352344
0.0745799
0.
-0.00383251
0.322018
-0.102637
0.
0.0135451
0.320275
0.0374188
0.
-0.0126525
0.320133
-0.0623846
0.
-0.00256312
0.
0.
0.
-0.116901
0.
0.
0.
0.0171911
0.
0.
0.
-0.0129752
0.
0.
0.
0.144988
0.
0.
0.
-0.0442011
0.
0.
0.
-0.145938
0.
0.
0.
-0.228468
0.
0.
0.
-0.00130397
0.
0.
0.
-0.0545627
0.
0.
0.
-0.0365338
0.
0.
0.
-0.156391
0.
0.
0.
0.0338428
0.
0.
0.
-0.095116
0.
0.
0.
0.00807174
0.
0.
0.
0.0871998
0.
0.
0.
-0.0179543
0.
0.
0.
-0.0123829
0.
0.
0.
0.0109889
1.
0.
0.
0.0371609
0.393338
-0.00808732
-6.03014e-05
-0.00193608
0.381339
0.
-0.00434277
-0.00510699
0.266954
0.
-0.00377687
-0.00906389
0.284037
0.
0.0225858
0.0391086
0.377195
0.
0.00544416
-0.00998097
0.268091
0.
0.0159091
-0.00546408
0.298236
0.
-0.00479976
0.042616
0.281588
0.0228771
0.
0.0404199
0.382906
0.0176581
0.
-0.00276118
0.253604
0.0184996
0.
-0.0129289
0.262536
0.00567057
0.
0.038848
0.382778
0.0161567
0.
-0.00346157
0.262059
0.0182036
0.
-0.0100547
0.250776
0.0251661
-0.0549237
-0.00202272
0.248904
-0.0250061
0.0227666
-0.00891397
0.371232
-0.0218988
-0.0863378
4.50653e-05
0.431143
-0.162212
-0.165953
0.0986227
0.359117
0.153411
-0.17235
0.0620439
0.338512
-0.0472595
0.0246604
0.0188266
0.366419
0.131639
0.113699
0.0723135
0.2907
-0.0160781
-0.0306331
-0.00712086
0.410902
0.00208762
-0.0558713
0.00268444
0.255489
0.0206124
0.0330416
0.0103753
0.394025
0.0170725
0.0592337
0.0026947
0.324839
-0.132217
0.149932
0.0759291
0.418965
-0.0107598
-0.00232164
0.0111935
0.316556
0.0395196
0.0838693
-0.0813705
0.353262
0.0458445
0.152182
0.0634405
