Vec Object: 1 MPI process
  type: seq
0.
0.
0.
-0.0974803
0.
0.
0.
0.202177
0.146375
-0.167945
0.
-0.131103
0.162379
-0.17725
0.
-0.108947
0.199639
0.193665
0.
-0.059591
0.161836
0.172743
0.
-0.138548
0.376899
0.0209307
0.
0.0517814
0.369217
0.0174026
0.
0.03329
0.382887
-0.0219559
0.
0.0351699
0.383363
-0.0310463
0.
0.060206
0.
0.
0.
-0.0679132
0.
0.
0.
-0.175914
0.283513
-0.0497958
0.
-0.0246327
0.325185
0.0763828
0.
-0.029192
0.290413
-0.0473928
0.
0.000975463
0.327888
0.110334
0.
-0.0111073
0.314523
0.0581509
0.
0.0143588
0.326721
-0.0954436
0.
-0.0185417
0.284199
0.0491062
0.
-0.0393669
0.323469
-0.0558294
0.
-0.0402375
0.
0.
0.
-0.0379886
0.
0.
0.
-0.0847348
0.
0.
0.
0.185332
0.
0.
0.
0.0224463
0.
0.
0.
-0.141074
0.
0.
0.
-0.0215094
0.
0.
0.
0.0788573
0.
0.
0.
0.318266
0.
0.
0.
0.289642
0.
0.
0.
0.188992
0.
0.
0.
0.0475481
0.
0.
0.
0.0948288
0.
0.
0.
0.153767
0.
0.
0.
-0.00836753
0.
0.
0.
0.466367
0.
0.
0.
0.381266
0.
0.
0.
0.24126
0.
0.
0.
-0.0166566
1.
0.
0.
0.068133
0.402341
-0.00846922
-0.00160547
0.0378264
0.377072
0.
-0.000341242
-0.00766131
0.282471
0.
0.00147178
-0.065599
0.373365
0.
0.00737928
0.102226
0.385253
0.
0.000434072
-0.0134812
0.284302
0.
0.00588129
-0.073988
0.36696
0.
-0.00845684
0.137677
0.385454
0.00578427
0.
0.150218
0.381646
0.0208069
0.
-0.00556851
0.271301
0.0250357
0.
-0.0716121
0.355611
-0.0038433
0.
0.148408
0.389245
0.00745412
0.
-0.00515974
0.276805
0.00773153
0.
-0.0820131
0.23862
0.00274801
-0.0340141
-0.0619615
0.246322
-0.0125344
0.0140162
-0.102776
0.314899
-0.0358394
-0.0171144
0.0477952
0.43856
-0.0481551
-0.0862614
0.243367
0.381772
0.0465958
-0.0854294
0.190844
0.260974
0.0382055
0.0187081
0.0995159
0.347544
0.0502211
0.0485451
0.232492
0.227144
0.000654393
-0.0221635
-0.0208007
0.318893
-0.000667211
-0.0110413
0.0559598
0.253554
-0.000754555
0.01875
-0.0685483
0.288271
-0.021901
0.0129422
0.0705345
0.314059
-0.0420361
0.082684
0.197501
0.315111
0.00405176
-0.0122204
0.0927314
0.21338
-0.0586905
0.0191967
0.0942988
0.330845
0.00178161
0.0817297
0.227682
