Vec Object: 1 MPI process
  type: seq
0.
0.
0.
-0.108812
0.
0.
0.
0.164169
0.148512
-0.168489
0.
-0.127538
0.16394
-0.177706
0.
-0.106491
0.196485
0.196584
0.
-0.0681882
0.163771
0.172209
0.
-0.133219
0.380448
0.0173005
0.
0.0329632
0.371677
0.0144352
0.
0.0187385
0.38586
-0.0198573
0.
0.0181555
0.387111
-0.0273963
0.
0.0417207
0.
0.
0.
-0.0606669
0.
0.
0.
-0.15764
0.288236
-0.0504618
0.
-0.0180035
0.324362
0.0801657
0.
-0.0155181
0.294728
-0.0473844
0.
0.00597591
0.326992
0.113882
0.
0.00370219
0.319106
0.0594414
0.
0.0188342
0.325992
-0.0996199
0.
-0.00340717
0.289291
0.0476495
0.
-0.0329366
0.322954
-0.0586171
0.
-0.0246594
0.
0.
0.
-0.0692415
0.
0.
0.
-0.0750413
0.
0.
0.
0.142899
0.
0.
0.
0.0310283
0.
0.
0.
-0.129477
0.
0.
0.
-0.0591274
0.
0.
0.
0.0160298
0.
0.
0.
0.260638
0.
0.
0.
0.228143
0.
0.
0.
0.143177
0.
0.
0.
-0.00900609
0.
0.
0.
0.0771265
0.
0.
0.
0.102008
0.
0.
0.
-0.0094876
0.
0.
0.
0.406918
0.
0.
0.
0.313987
0.
0.
0.
0.186194
0.
0.
0.
-0.0100305
1.
0.
0.
0.0581875
0.403154
-0.00858539
-0.00150957
0.0177171
0.375857
0.
-0.000827885
-0.00547147
0.28093
0.
0.000992531
-0.0473995
0.36296
0.
0.0089386
0.0913977
0.382678
0.
0.00104731
-0.0131681
0.283086
0.
0.00688565
-0.0550893
0.360131
0.
-0.00841344
0.122848
0.374277
0.00774084
0.
0.134137
0.379819
0.0209957
0.
-0.00334958
0.269367
0.0253561
0.
-0.0533255
0.345934
-0.00394191
0.
0.128422
0.386366
0.00853333
0.
-0.00503194
0.27529
0.00898819
0.
-0.0624034
0.240313
0.00582743
-0.0385021
-0.0463502
0.247118
-0.0150189
0.0163398
-0.0811271
0.325449
-0.0351872
-0.0226113
0.0444269
0.43386
-0.0627463
-0.0967611
0.220375
0.3755
0.060314
-0.0961078
0.171163
0.279022
0.0341246
0.0216215
0.0889793
0.348509
0.0629583
0.0546723
0.206201
0.234651
-0.00243598
-0.023722
-0.0141944
0.336089
-0.000229728
-0.0155761
0.0493147
0.255342
0.00388513
0.0214628
-0.0508116
0.301709
-0.0192481
0.0156673
0.0619449
0.312008
-0.0539911
0.0923746
0.177489
0.329473
0.00221838
-0.0130067
0.082457
0.237569
-0.058644
0.0251616
0.0553322
0.331629
0.00745869
0.0927571
0.199383
