Vec Object: 1 MPI process
  type: seq
0.
0.
0.
-0.0860441
0.
0.
0.
0.0195898
0.167889
-0.167524
0.
-0.0554435
0.174748
-0.179274
0.
-0.0567684
0.1894
0.206508
0.
-0.0476765
0.181497
0.164081
0.
-0.0478392
0.389195
0.00853769
0.
0.000250677
0.376044
0.00804743
0.
0.00888696
0.391562
-0.0214772
0.
0.00921289
0.398437
-0.0166305
0.
0.00474292
0.
0.
0.
-0.020683
0.
0.
0.
-0.0595155
0.321242
-0.0575217
0.
-0.0130437
0.317591
0.0895699
0.
0.00327258
0.326227
-0.0508141
0.
-0.0141369
0.321647
0.111038
0.
0.0169562
0.353035
0.0747634
0.
-0.00405359
0.32196
-0.102498
0.
0.0133546
0.320801
0.0371866
0.
-0.0122208
0.320158
-0.0623233
0.
-0.0026601
0.
0.
0.
-0.1153
0.
0.
0.
0.0186479
0.
0.
0.
-0.0131648
0.
0.
0.
0.146599
0.
0.
0.
-0.0432603
0.
0.
0.
-0.144799
0.
0.
0.
-0.229415
0.
0.
0.
-0.00330932
0.
0.
0.
-0.056682
0.
0.
0.
-0.03704
0.
0.
0.
-0.154762
0.
0.
0.
0.0344205
0.
0.
0.
-0.0954274
0.
0.
0.
0.00889048
0.
0.
0.
0.0832351
0.
0.
0.
-0.0211674
0.
0.
0.
-0.0126222
0.
0.
0.
0.0110808
1.
0.
0.
0.0365604
0.392945
-0.00805687
-2.11246e-05
-0.00179907
0.381551
0.
-0.00440059
-0.00520392
0.266692
0.
-0.00388583
-0.00873388
0.282446
0.
0.0228798
0.0383925
0.377064
0.
0.00549618
-0.00995327
0.267708
0.
0.0160977
-0.0048873
0.296867
0.
-0.00467098
0.0413922
0.279593
0.0231486
0.
0.0391255
0.383086
0.0175793
0.
-0.00285479
0.253356
0.0182231
0.
-0.0125855
0.260652
0.00603971
0.
0.0378173
0.382716
0.0162521
0.
-0.00350011
0.261821
0.0182817
0.
-0.00952191
0.251023
0.0254247
-0.0548096
-0.00167467
0.248915
-0.02487
0.0226058
-0.00809276
0.371452
-0.0217122
-0.0878116
-0.000522237
0.431751
-0.163815
-0.167226
0.0968488
0.359686
0.154935
-0.17376
0.0606208
0.33783
-0.0491033
0.0243687
0.0179928
0.36703
0.13237
0.114948
0.0706923
0.291866
-0.0160751
-0.0307157
-0.00716015
0.411243
0.00210034
-0.0564146
0.00214224
0.25525
0.0203406
0.0330991
0.0111812
0.395807
0.0179806
0.060479
0.00212771
0.325813
-0.133485
0.150797
0.0747186
0.420218
-0.0108756
-0.00197185
0.0104704
0.315915
0.0424955
0.084778
-0.0813638
0.354191
0.0463933
0.15278
0.0619826
