Vec Object: 1 MPI process
  type: seq
0.
0.
0.
-0.100878
0.
0.
0.
0.0263329
0.164764
-0.167196
0.
-0.0674398
0.17321
-0.178405
0.
-0.0647972
0.189421
0.204938
0.
-0.0543724
0.178753
0.165201
0.
-0.0629414
0.388224
0.00911838
0.
0.00224566
0.375447
0.00890503
0.
0.00711089
0.390391
-0.0206907
0.
0.00823254
0.396977
-0.0177334
0.
0.00781264
0.
0.
0.
-0.0275207
0.
0.
0.
-0.0718975
0.314907
-0.0568125
0.
-0.0155007
0.31924
0.0887897
0.
0.0037051
0.319801
-0.0512155
0.
-0.0114607
0.322605
0.11353
0.
0.0192911
0.346196
0.0726497
0.
-0.00111666
0.322604
-0.10375
0.
0.0150733
0.315387
0.0396065
0.
-0.0169371
0.320173
-0.06281
0.
-0.0018835
0.
0.
0.
-0.129284
0.
0.
0.
0.00134132
0.
0.
0.
-0.00706384
0.
0.
0.
0.125775
0.
0.
0.
-0.0560442
0.
0.
0.
-0.153277
0.
0.
0.
-0.213992
0.
0.
0.
0.0221827
0.
0.
0.
-0.029384
0.
0.
0.
-0.0272816
0.
0.
0.
-0.165024
0.
0.
0.
0.0297775
0.
0.
0.
-0.0866764
0.
0.
0.
0.000580784
0.
0.
0.
0.127604
0.
0.
0.
0.0172472
0.
0.
0.
-0.00479967
0.
0.
0.
0.0088418
1.
0.
0.
0.0421817
0.396505
-0.00829154
-0.000374698
-0.00308328
0.379486
0.
-0.00377673
-0.00413372
0.269453
0.
-0.00281337
-0.0123276
0.298178
0.
0.0199413
0.0459868
0.378103
0.
0.00487504
-0.0100807
0.271424
0.
0.0142141
-0.0110656
0.310296
0.
-0.00580571
0.0544098
0.299206
0.0202807
0.
0.0533748
0.38137
0.0184236
0.
-0.00181689
0.256146
0.0206987
0.
-0.016429
0.27888
0.00267968
0.
0.0493591
0.383113
0.0151415
0.
-0.00304639
0.264326
0.0171644
0.
-0.0154085
0.248609
0.0226128
-0.0550297
-0.0062964
0.248722
-0.0253396
0.0236165
-0.017454
0.367833
-0.0239139
-0.0729716
0.00564729
0.426812
-0.146624
-0.154352
0.115926
0.356058
0.138715
-0.159252
0.0764617
0.340731
-0.0295568
0.0268015
0.0272425
0.361314
0.123745
0.102134
0.0888084
0.280219
-0.0156967
-0.0298484
-0.00733433
0.405601
0.00191955
-0.0498726
0.00802489
0.25712
0.0217094
0.0322734
0.00203038
0.377951
0.00901327
0.0485506
0.00862796
0.317563
-0.120044
0.141604
0.0881677
0.406285
-0.00925369
-0.00553305
0.0189159
0.31829
0.0124797
0.0741745
-0.0778334
0.34604
0.0402247
0.145483
0.0786848
