Vec Object: 1 MPI process
  type: seq
0.
0.
0.
-0.122868
0.
0.
0.
0.0845264
0.155711
-0.167846
0.
-0.102829
0.168661
-0.177566
0.
-0.0881644
0.192087
0.200841
0.
-0.0680041
0.17035
0.169201
0.
-0.104828
0.385148
0.0122845
0.
0.0119382
0.374409
0.0108258
0.
0.00598601
0.388772
-0.0189743
0.
0.00591474
0.392599
-0.0219789
0.
0.0200856
0.
0.
0.
-0.0485616
0.
0.
0.
-0.119731
0.299494
-0.0539578
0.
-0.0178078
0.322431
0.0856671
0.
0.000118055
0.305065
-0.0497846
0.
-0.000537914
0.32511
0.116853
0.
0.0193318
0.330241
0.0653017
0.
0.0117025
0.32449
-0.104299
0.
0.0133674
0.300887
0.0451047
0.
-0.0276422
0.321613
-0.0621959
0.
-0.00614155
0.
0.
0.
-0.122939
0.
0.
0.
-0.0488576
0.
0.
0.
0.0552011
0.
0.
0.
0.061587
0.
0.
0.
-0.10141
0.
0.
0.
-0.128091
0.
0.
0.
-0.113061
0.
0.
0.
0.136339
0.
0.
0.
0.0942989
0.
0.
0.
0.0466729
0.
0.
0.
-0.115485
0.
0.
0.
0.0416306
0.
0.
0.
-0.00609312
0.
0.
0.
-0.0124398
0.
0.
0.
0.273992
0.
0.
0.
0.16583
0.
0.
0.
0.0749537
0.
0.
0.
-0.00231967
1.
0.
0.
0.0511385
0.402111
-0.00855165
-0.00108511
-0.00119288
0.375836
0.
-0.00205168
-0.00265803
0.276541
0.
-0.000417682
-0.0254252
0.335812
0.
0.0131973
0.0691762
0.379722
0.
0.00273058
-0.0108876
0.279126
0.
0.00974438
-0.0301545
0.340554
0.
-0.00771012
0.0913521
0.344082
0.0128677
0.
0.0973379
0.37875
0.020439
0.
-0.000415181
0.264105
0.0245652
0.
-0.0305808
0.319266
-0.00260948
0.
0.0887456
0.383562
0.0114453
0.
-0.00308433
0.270972
0.012574
0.
-0.0356051
0.24377
0.0135553
-0.0480254
-0.0255579
0.24816
-0.0207328
0.0211181
-0.0483924
0.347629
-0.0309609
-0.0401781
0.0261916
0.425809
-0.0987157
-0.121683
0.17222
0.362377
0.0939974
-0.122503
0.127108
0.315995
0.0147074
0.0266958
0.0587818
0.351726
0.0921362
0.072333
0.14917
0.253161
-0.00997554
-0.0268766
-0.0105946
0.372687
0.000899507
-0.0291615
0.0284522
0.257863
0.0146854
0.027303
-0.0257097
0.334025
-0.0097363
0.0258574
0.0345568
0.309619
-0.0827706
0.114828
0.133576
0.363686
-0.00277653
-0.0121465
0.051447
0.286418
-0.0436294
0.0436479
-0.0250297
0.33469
0.0216529
0.118016
0.138966
