Vec Object: 1 MPI process
  type: seq
0.
0.
0.
-0.0853104
0.
0.
0.
0.0194571
0.168049
-0.167554
0.
-0.0548493
0.174836
-0.179329
0.
-0.0563469
0.189421
0.206592
0.
-0.0473111
0.181628
0.164036
0.
-0.0470925
0.389246
0.00851892
0.
0.000161737
0.37609
0.00799018
0.
0.00896931
0.391641
-0.0215185
0.
0.00923923
0.398513
-0.0165825
0.
0.0045993
0.
0.
0.
-0.0204051
0.
0.
0.
-0.0590463
0.321582
-0.057561
0.
-0.0129156
0.317495
0.0896115
0.
0.00324324
0.326579
-0.0507757
0.
-0.0142446
0.321599
0.110895
0.
0.0168246
0.353406
0.0748591
0.
-0.00416519
0.32193
-0.102422
0.
0.0132516
0.321082
0.0370634
0.
-0.0119943
0.320174
-0.0622894
0.
-0.00271296
0.
0.
0.
-0.114432
0.
0.
0.
0.0193987
0.
0.
0.
-0.0132324
0.
0.
0.
0.14741
0.
0.
0.
-0.0427915
0.
0.
0.
-0.144171
0.
0.
0.
-0.229871
0.
0.
0.
-0.0043355
0.
0.
0.
-0.0577629
0.
0.
0.
-0.037272
0.
0.
0.
-0.153843
0.
0.
0.
0.0347352
0.
0.
0.
-0.0955471
0.
0.
0.
0.0093255
0.
0.
0.
0.0811563
0.
0.
0.
-0.0228308
0.
0.
0.
-0.0127068
0.
0.
0.
0.0111168
1.
0.
0.
0.0362359
0.392731
-0.00803978
2.98569e-07
-0.00172572
0.381666
0.
-0.00443108
-0.0052544
0.266554
0.
-0.00394438
-0.0085598
0.281592
0.
0.0230371
0.0380127
0.376991
0.
0.00552303
-0.00993653
0.267502
0.
0.0161987
-0.00458273
0.296132
0.
-0.00460028
0.0407449
0.278521
0.0232922
0.
0.038445
0.383183
0.0175377
0.
-0.0029035
0.253227
0.018072
0.
-0.0124055
0.259637
0.00624056
0.
0.0372766
0.38268
0.0163017
0.
-0.00351958
0.261694
0.0183201
0.
-0.00924188
0.251156
0.0255616
-0.0547402
-0.00149873
0.24892
-0.0247882
0.0225143
-0.00766432
0.371557
-0.0216156
-0.0885982
-0.000821376
0.432087
-0.164661
-0.167907
0.0959118
0.36001
0.155741
-0.174511
0.059874
0.33743
-0.0500749
0.0242091
0.0175552
0.36736
0.132749
0.115612
0.0698418
0.29249
-0.0160706
-0.0307598
-0.00718612
0.411406
0.0021067
-0.0566938
0.00185596
0.255116
0.0201822
0.0331282
0.0116015
0.396762
0.018467
0.06115
0.00183132
0.326349
-0.134157
0.151256
0.0740823
0.420875
-0.0109328
-0.00178616
0.0100939
0.315537
0.0440777
0.0852474
-0.0813323
0.3547
0.0466798
0.153087
0.0612209
