Vec Object: 1 MPI process
  type: seq
0.
0.
0.
-0.115362
0.
0.
0.
0.0445739
0.160979
-0.167281
0.
-0.0823466
0.171451
-0.177798
0.
-0.0743812
0.190211
0.203178
0.
-0.061167
0.175229
0.166844
0.
-0.0811517
0.387054
0.0102077
0.
0.0053915
0.375081
0.00963194
0.
0.00545733
0.389601
-0.019816
0.
0.00660106
0.39523
-0.0193507
0.
0.0122001
0.
0.
0.
-0.0371372
0.
0.
0.
-0.0915888
0.307998
-0.0558636
0.
-0.0175699
0.320787
0.0877434
0.
0.00339717
0.313066
-0.0509965
0.
-0.00728039
0.323724
0.115684
0.
0.0209115
0.338924
0.0696937
0.
0.00380019
0.32342
-0.104605
0.
0.0159165
0.309103
0.0422937
0.
-0.0223804
0.320672
-0.0629409
0.
-0.00213332
0.
0.
0.
-0.135437
0.
0.
0.
-0.0216686
0.
0.
0.
0.0119616
0.
0.
0.
0.0962848
0.
0.
0.
-0.0757936
0.
0.
0.
-0.15163
0.
0.
0.
-0.180389
0.
0.
0.
0.0642858
0.
0.
0.
0.0162227
0.
0.
0.
-0.00331004
0.
0.
0.
-0.15718
0.
0.
0.
0.0299215
0.
0.
0.
-0.0612826
0.
0.
0.
-0.00740552
0.
0.
0.
0.18712
0.
0.
0.
0.0747145
0.
0.
0.
0.0197215
0.
0.
0.
0.00404348
1.
0.
0.
0.0470963
0.399531
-0.00843425
-0.000704078
-0.00369953
0.377512
0.
-0.00301655
-0.00302401
0.272668
0.
-0.0016898
-0.0171417
0.315067
0.
0.0168156
0.0554804
0.378809
0.
0.00399038
-0.0101516
0.275146
0.
0.0121723
-0.018738
0.32428
0.
-0.00677486
0.0701775
0.31978
0.0169528
0.
0.0717663
0.379824
0.0194023
0.
-0.000736787
0.259676
0.0227864
0.
-0.0216862
0.297531
-0.000186359
0.
0.0650467
0.383214
0.0136071
0.
-0.00267829
0.267286
0.0153054
0.
-0.0232522
0.246279
0.0189068
-0.0530462
-0.0138977
0.248481
-0.0240227
0.0232686
-0.0300991
0.360561
-0.0269535
-0.0573025
0.0137332
0.424439
-0.125768
-0.139946
0.139698
0.356659
0.119226
-0.142834
0.0973683
0.334519
-0.00796466
0.0278756
0.0396514
0.356208
0.111208
0.0881813
0.113152
0.267805
-0.0139947
-0.0286988
-0.00869749
0.393922
0.00156713
-0.040857
0.0158524
0.258054
0.0201156
0.030578
-0.00993526
0.358348
-9.06042e-05
0.0371595
0.0181819
0.312065
-0.103902
0.130309
0.1063
0.388272
-0.00660932
-0.00909586
0.0313654
0.310225
-0.0171547
0.060443
-0.0627631
0.339661
0.0322758
0.134587
0.10231
