Vec Object: 1 MPI process
  type: seq
0.
0.
0.
-0.103799
0.
0.
0.
0.18135
0.147413
-0.168354
0.
-0.130059
0.16314
-0.177589
0.
-0.108385
0.197768
0.195395
0.
-0.0653171
0.16277
0.172556
0.
-0.13653
0.379006
0.0187848
0.
0.0403815
0.370699
0.0156279
0.
0.0243304
0.384707
-0.0206183
0.
0.0245342
0.385567
-0.0289007
0.
0.0490342
0.
0.
0.
-0.0634974
0.
0.
0.
-0.165481
0.286099
-0.0500122
0.
-0.0200318
0.324728
0.0785852
0.
-0.0210076
0.292776
-0.0472129
0.
0.00480278
0.327383
0.112478
0.
-0.00220105
0.317027
0.0586901
0.
0.0177907
0.326309
-0.0979246
0.
-0.00947801
0.287003
0.0482076
0.
-0.0351438
0.323193
-0.0574671
0.
-0.0309622
0.
0.
0.
-0.0554086
0.
0.
0.
-0.0792615
0.
0.
0.
0.162018
0.
0.
0.
0.0270497
0.
0.
0.
-0.134495
0.
0.
0.
-0.042412
0.
0.
0.
0.0441524
0.
0.
0.
0.286591
0.
0.
0.
0.255895
0.
0.
0.
0.163856
0.
0.
0.
0.0160931
0.
0.
0.
0.0852479
0.
0.
0.
0.125323
0.
0.
0.
-0.00867837
0.
0.
0.
0.43368
0.
0.
0.
0.344308
0.
0.
0.
0.210791
0.
0.
0.
-0.0124621
1.
0.
0.
0.061706
0.402907
-0.00854814
-0.00156214
0.0255016
0.376295
0.
-0.000605949
-0.00642202
0.281645
0.
0.00121843
-0.0546434
0.367809
0.
0.00821479
0.0961882
0.383707
0.
0.000758725
-0.0134485
0.283663
0.
0.00641425
-0.0626962
0.363379
0.
-0.00845363
0.129413
0.379509
0.00683438
0.
0.141362
0.380517
0.020946
0.
-0.00431984
0.27026
0.0252638
0.
-0.0606474
0.350487
-0.00394699
0.
0.137197
0.387497
0.00802703
0.
-0.00523429
0.275997
0.00839077
0.
-0.0703474
0.239568
0.00439978
-0.0364864
-0.0524992
0.246786
-0.0138869
0.0152976
-0.0899865
0.320751
-0.0356092
-0.0199885
0.0466452
0.435942
-0.056086
-0.0919989
0.230477
0.378342
0.054054
-0.091235
0.179979
0.27098
0.0362754
0.0203415
0.0941981
0.348084
0.0571934
0.0518023
0.217984
0.231233
-0.000979193
-0.023032
-0.0164195
0.328402
-0.000437712
-0.0134269
0.052766
0.25458
0.00172809
0.0202433
-0.0578647
0.295612
-0.0205601
0.0143277
0.0664194
0.31291
-0.048558
0.0879883
0.186514
0.322958
0.00307387
-0.0127315
0.0876036
0.226805
-0.0590678
0.0223221
0.0729543
0.331281
0.0048591
0.0877673
0.212053
