Vec Object: 1 MPI process
  type: seq
0.
0.
0.
-0.115659
0.
0.
0.
0.0452084
0.160876
-0.167288
0.
-0.0827534
0.171401
-0.177787
0.
-0.0746452
0.190241
0.203132
0.
-0.0613312
0.175133
0.166891
0.
-0.0816359
0.387021
0.0102421
0.
0.00549134
0.375072
0.00965127
0.
0.00543066
0.389585
-0.0197943
0.
0.00656124
0.395181
-0.0193979
0.
0.0123314
0.
0.
0.
-0.0373925
0.
0.
0.
-0.0921512
0.30782
-0.0558336
0.
-0.0176045
0.320824
0.087711
0.
0.00336937
0.312896
-0.0509818
0.
-0.00715665
0.323753
0.115728
0.
0.0209287
0.33874
0.0696096
0.
0.00394788
0.323442
-0.104617
0.
0.0159132
0.308936
0.0423601
0.
-0.0225129
0.320689
-0.0629371
0.
-0.00216601
0.
0.
0.
-0.135421
0.
0.
0.
-0.0222735
0.
0.
0.
0.0126385
0.
0.
0.
0.0955058
0.
0.
0.
-0.0763381
0.
0.
0.
-0.151395
0.
0.
0.
-0.179277
0.
0.
0.
0.0655672
0.
0.
0.
0.0176125
0.
0.
0.
-0.00249714
0.
0.
0.
-0.156678
0.
0.
0.
0.0300255
0.
0.
0.
-0.0603984
0.
0.
0.
-0.00757529
0.
0.
0.
0.18879
0.
0.
0.
0.0763973
0.
0.
0.
0.020592
0.
0.
0.
0.00390533
1.
0.
0.
0.047203
0.399598
-0.00843712
-0.000712221
-0.00369402
0.377467
0.
-0.00299644
-0.00300147
0.272752
0.
-0.00166177
-0.0172823
0.3155
0.
0.0167371
0.0557428
0.378825
0.
0.00396552
-0.0101572
0.275237
0.
0.0121203
-0.0189496
0.324631
0.
-0.00679718
0.0706005
0.320298
0.0168666
0.
0.0722716
0.379791
0.0194269
0.
-0.000714972
0.259769
0.0228326
0.
-0.0218391
0.297998
-0.000249406
0.
0.0654922
0.383216
0.0135643
0.
-0.00267496
0.267364
0.0152518
0.
-0.0234756
0.246223
0.018803
-0.0529678
-0.0141204
0.248475
-0.0239696
0.0232415
-0.0304515
0.360333
-0.0270367
-0.0569163
0.0139632
0.42442
-0.125213
-0.139571
0.140344
0.356727
0.118708
-0.142409
0.0979488
0.334243
-0.00743548
0.0278789
0.0400053
0.356093
0.110847
0.087832
0.113838
0.267492
-0.0139318
-0.0286655
-0.00874066
0.393551
0.00155575
-0.0406125
0.0160787
0.258064
0.0200376
0.0305226
-0.0102583
0.357842
-0.000311227
0.0368918
0.0184684
0.311967
-0.103472
0.130003
0.106814
0.38778
-0.00653349
-0.00917715
0.0317319
0.309875
-0.0178335
0.0600815
-0.0621976
0.339527
0.0320606
0.134273
0.102991
