Vec Object: 1 MPI process
  type: seq
0.
0.
0.
-0.0821151
0.
0.
0.
0.0191034
0.168772
-0.167713
0.
-0.0521999
0.175247
-0.179593
0.
-0.0544232
0.189548
0.206973
0.
-0.0456372
0.182205
0.163854
0.
-0.0437779
0.389477
0.00845077
0.
-0.000223516
0.376322
0.00770943
0.
0.00931595
0.392024
-0.0217069
0.
0.00932017
0.398858
-0.0163784
0.
0.00396758
0.
0.
0.
-0.019269
0.
0.
0.
-0.0571669
0.32314
-0.0577457
0.
-0.0123472
0.317044
0.0898047
0.
0.00310893
0.328202
-0.0505773
0.
-0.0146862
0.321388
0.11023
0.
0.0162228
0.355109
0.0752727
0.
-0.00461453
0.321798
-0.102068
0.
0.0127741
0.322355
0.0365119
0.
-0.0110048
0.320275
-0.0621251
0.
-0.00296047
0.
0.
0.
-0.110406
0.
0.
0.
0.0225568
0.
0.
0.
-0.0132563
0.
0.
0.
0.150621
0.
0.
0.
-0.0409702
0.
0.
0.
-0.141159
0.
0.
0.
-0.231528
0.
0.
0.
-0.00860893
0.
0.
0.
-0.0622301
0.
0.
0.
-0.0380013
0.
0.
0.
-0.149275
0.
0.
0.
0.0362026
0.
0.
0.
-0.095695
0.
0.
0.
0.0112758
0.
0.
0.
0.0720559
0.
0.
0.
-0.0299247
0.
0.
0.
-0.0127318
0.
0.
0.
0.0111626
1.
0.
0.
0.0347288
0.391722
-0.00795438
0.000102445
-0.00139296
0.382189
0.
-0.00456608
-0.00547092
0.265935
0.
-0.00421394
-0.00778821
0.277671
0.
0.0237537
0.0363094
0.376628
0.
0.00563652
-0.00984137
0.26655
0.
0.0166611
-0.00323216
0.29275
0.
-0.00426058
0.0378625
0.273596
0.0239306
0.
0.0354505
0.383631
0.0173536
0.
-0.00311193
0.252671
0.0173531
0.
-0.0116197
0.254939
0.00718692
0.
0.034905
0.382491
0.0165139
0.
-0.00359659
0.261127
0.0184637
0.
-0.0080107
0.25176
0.026174
-0.0543502
-0.000786366
0.248925
-0.0243322
0.0220482
-0.00580995
0.371916
-0.021204
-0.0921637
-0.00214554
0.433707
-0.16841
-0.171004
0.0917474
0.361671
0.159327
-0.177896
0.0566
0.335286
-0.0543535
0.0234543
0.015636
0.368896
0.134375
0.118592
0.0661142
0.295333
-0.0160291
-0.0309617
-0.00734588
0.411976
0.00213187
-0.0578603
0.000584678
0.254456
0.0193442
0.0332478
0.0134193
0.401121
0.0206862
0.0642488
0.000541182
0.328922
-0.137153
0.153303
0.0712806
0.423748
-0.0111497
-0.000955984
0.00846717
0.313519
0.0511706
0.0872284
-0.0809577
0.357127
0.0479181
0.154376
0.0579084
