Vec Object: 1 MPI process
  type: seq
0.
0.
0.
-0.0771114
0.
0.
0.
0.0194044
0.17007
-0.168089
0.
-0.0476456
0.176063
-0.180132
0.
-0.0508986
0.189918
0.207671
0.
-0.0425704
0.183162
0.163636
0.
-0.0381764
0.389894
0.00840611
0.
-0.000839563
0.376855
0.00710546
0.
0.00979789
0.392826
-0.0220538
0.
0.00929317
0.399479
-0.0160728
0.
0.00291315
0.
0.
0.
-0.0177822
0.
0.
0.
-0.0548431
0.32601
-0.0581132
0.
-0.0114051
0.316164
0.0901804
0.
0.00287841
0.331228
-0.0501166
0.
-0.015269
0.321039
0.108966
0.
0.0151345
0.358255
0.0759306
0.
-0.00517932
0.321587
-0.101384
0.
0.0118848
0.324649
0.035556
0.
-0.00941068
0.32058
-0.0617853
0.
-0.00342295
0.
0.
0.
-0.103003
0.
0.
0.
0.0271063
0.
0.
0.
-0.0122401
0.
0.
0.
0.154204
0.
0.
0.
-0.0390576
0.
0.
0.
-0.135271
0.
0.
0.
-0.232848
0.
0.
0.
-0.0147341
0.
0.
0.
-0.0684685
0.
0.
0.
-0.0380646
0.
0.
0.
-0.139651
0.
0.
0.
0.0388693
0.
0.
0.
-0.0944336
0.
0.
0.
0.014634
0.
0.
0.
0.0571398
0.
0.
0.
-0.0407654
0.
0.
0.
-0.011451
0.
0.
0.
0.0107442
1.
0.
0.
0.0318917
0.389734
-0.00776361
0.000309774
-0.000810446
0.38315
0.
-0.00479348
-0.00579567
0.264875
0.
-0.00471802
-0.00648329
0.270414
0.
0.0250484
0.0333267
0.375829
0.
0.00580317
-0.00957575
0.264774
0.
0.0175119
-0.000961721
0.286472
0.
-0.00355735
0.0329426
0.264473
0.0250105
0.
0.0304801
0.384467
0.0170436
0.
-0.00342184
0.251818
0.0159038
0.
-0.0103478
0.246078
0.00904303
0.
0.0309845
0.382033
0.0168392
0.
-0.00367412
0.260138
0.0185826
0.
-0.00597648
0.252827
0.027259
-0.0533442
0.000145721
0.248842
-0.0231332
0.0209994
-0.00287551
0.372059
-0.0205787
-0.0985093
-0.00437135
0.43702
-0.174718
-0.176609
0.0846494
0.365491
0.165431
-0.183865
0.0512136
0.33009
-0.0613261
0.022004
0.0124979
0.371809
0.136896
0.123746
0.0599765
0.300469
-0.0159008
-0.0313417
-0.00778197
0.412301
0.00216166
-0.0594948
-0.00157393
0.253019
0.0173258
0.0334318
0.0162841
0.409082
0.0246932
0.0700241
-0.00154175
0.334169
-0.142292
0.156833
0.066597
0.428414
-0.0113435
0.000452308
0.0058791
0.308717
0.0632617
0.0900732
-0.079443
0.362021
0.0498402
0.156233
0.052548
