Vec Object: 1 MPI process
  type: seq
0.
0.
0.
-0.121544
0.
0.
0.
0.0654922
0.157984
-0.167564
0.
-0.0940789
0.169932
-0.177594
0.
-0.0821355
0.191189
0.201853
0.
-0.0654572
0.172444
0.168187
0.
-0.0948634
0.386039
0.0113011
0.
0.00869335
0.374765
0.0102426
0.
0.0052358
0.389152
-0.0192592
0.
0.00578592
0.393788
-0.0207842
0.
0.016337
0.
0.
0.
-0.0440683
0.
0.
0.
-0.107818
0.303039
-0.0548757
0.
-0.0180616
0.321774
0.0866823
0.
0.00204537
0.30837
-0.0504156
0.
-0.00353248
0.324533
0.116626
0.
0.0206788
0.333828
0.0672153
0.
0.00824745
0.32404
-0.104668
0.
0.0151139
0.304372
0.0440371
0.
-0.0257504
0.321197
-0.06266
0.
-0.00377788
0.
0.
0.
-0.131155
0.
0.
0.
-0.038116
0.
0.
0.
0.0344861
0.
0.
0.
0.075183
0.
0.
0.
-0.0909977
0.
0.
0.
-0.141028
0.
0.
0.
-0.144617
0.
0.
0.
0.10368
0.
0.
0.
0.0589388
0.
0.
0.
0.0231068
0.
0.
0.
-0.13726
0.
0.
0.
0.0350292
0.
0.
0.
-0.0322612
0.
0.
0.
-0.011168
0.
0.
0.
0.236111
0.
0.
0.
0.12529
0.
0.
0.
0.0485843
0.
0.
0.
0.000208531
1.
0.
0.
0.0496932
0.401191
-0.00850712
-0.000928405
-0.00289833
0.376405
0.
-0.00245292
-0.00260538
0.274963
0.
-0.000929594
-0.0215165
0.32715
0.
0.01467
0.0631727
0.379284
0.
0.00326953
-0.0104497
0.277559
0.
0.0107387
-0.0250137
0.333891
0.
-0.00735399
0.0822881
0.334073
0.0145575
0.
0.0863607
0.379056
0.0200485
0.
-0.000340317
0.262281
0.023933
0.
-0.0264133
0.310342
-0.00174635
0.
0.078264
0.383328
0.0123695
0.
-0.00276361
0.269453
0.0137424
0.
-0.0299894
0.244791
0.0158736
-0.0504117
-0.0204736
0.248314
-0.0222693
0.0222125
-0.0403946
0.353494
-0.0293027
-0.046958
0.020631
0.424682
-0.11009
-0.129369
0.158276
0.359428
0.104609
-0.130964
0.114253
0.324959
0.00597567
0.0275104
0.0502504
0.35335
0.100503
0.07871
0.133365
0.259185
-0.0118912
-0.0276944
-0.00988093
0.382356
0.00120703
-0.0339919
0.0227377
0.258119
0.0173435
0.0288162
-0.0190696
0.34419
-0.00594868
0.0301927
0.0270557
0.310112
-0.0917
0.121476
0.121541
0.374162
-0.00440934
-0.0110979
0.0424623
0.29801
-0.0341387
0.0504697
-0.0434255
0.336421
0.0261436
0.125277
0.122682
