Vec Object: 1 MPI process
  type: seq
0.
0.
0.
-0.110655
0.
0.
0.
0.157518
0.148986
-0.168503
0.
-0.126234
0.164281
-0.177724
0.
-0.105491
0.196036
0.197002
0.
-0.0689416
0.164205
0.172037
0.
-0.131615
0.380949
0.0167801
0.
0.0304708
0.372008
0.0140261
0.
0.0169247
0.386239
-0.0196307
0.
0.0161534
0.387657
-0.0268629
0.
0.0392486
0.
0.
0.
-0.0596899
0.
0.
0.
-0.154696
0.289073
-0.0506835
0.
-0.0175321
0.324221
0.0807302
0.
-0.0136445
0.295493
-0.0475065
0.
0.0060677
0.326844
0.114347
0.
0.00569609
0.319923
0.0597925
0.
0.0188994
0.325872
-0.100202
0.
-0.00134066
0.29018
0.0474585
0.
-0.0322939
0.322859
-0.0590207
0.
-0.0224897
0.
0.
0.
-0.0744441
0.
0.
0.
-0.0733961
0.
0.
0.
0.13552
0.
0.
0.
0.0326872
0.
0.
0.
-0.127552
0.
0.
0.
-0.0654618
0.
0.
0.
0.0052223
0.
0.
0.
0.250586
0.
0.
0.
0.217373
0.
0.
0.
0.135174
0.
0.
0.
-0.0185338
0.
0.
0.
0.0739685
0.
0.
0.
0.0930023
0.
0.
0.
-0.0098705
0.
0.
0.
0.396522
0.
0.
0.
0.302217
0.
0.
0.
0.176766
0.
0.
0.
-0.00925651
1.
0.
0.
0.0571412
0.403203
-0.00859433
-0.00148548
0.0151672
0.375731
0.
-0.000915715
-0.00512625
0.28064
0.
0.000900113
-0.0449335
0.361013
0.
0.00923023
0.0895703
0.382328
0.
0.00116458
-0.0130173
0.282846
0.
0.00707757
-0.0524616
0.358801
0.
-0.00838864
0.120335
0.372163
0.00810389
0.
0.131325
0.379598
0.0209999
0.
-0.00299497
0.269009
0.0253693
0.
-0.0508171
0.344087
-0.00391787
0.
0.1251
0.385991
0.00873833
0.
-0.00490936
0.275004
0.00923313
0.
-0.0596382
0.240596
0.00639736
-0.039281
-0.0442553
0.247235
-0.0154634
0.0167413
-0.0779958
0.327254
-0.0349745
-0.023701
0.0433347
0.433077
-0.0653782
-0.0986288
0.216529
0.374398
0.0627862
-0.0980329
0.167745
0.282106
0.0331451
0.022102
0.0868003
0.348679
0.0652105
0.0558404
0.20165
0.235998
-0.00302122
-0.023985
-0.0135736
0.339051
-0.000145341
-0.0164605
0.0478315
0.255618
0.00474185
0.0219349
-0.0483819
0.304104
-0.0186867
0.016242
0.060015
0.311677
-0.0561281
0.0940895
0.173987
0.332031
0.00187248
-0.013077
0.0802838
0.241688
-0.0582833
0.0263367
0.0485184
0.331772
0.00848952
0.0947061
0.194498
