Vec Object: 1 MPI process
  type: seq
0.
0.
0.
0.325822
0.
0.
0.
0.845541
0.222278
-0.090728
0.
1.23728
0.238944
-0.0981205
0.
1.25294
0.29085
0.108575
0.
1.32504
0.239957
0.0957502
0.
1.22449
0.36351
0.030056
0.
-0.61322
0.363964
0.0228859
0.
-0.652505
0.36762
-0.0291951
0.
-0.605741
0.369945
-0.0384645
0.
-0.611151
0.
0.
0.
0.11131
0.
0.
0.
-0.0953434
0.253651
-0.0775423
0.
-0.0556753
0.330132
0.0201343
0.
-0.775339
0.263117
-0.0825604
0.
-0.0449683
0.33408
0.0388105
0.
-0.791807
0.286321
0.0811745
0.
-0.00248548
0.33184
-0.0221184
0.
-0.792459
0.251274
0.0777989
0.
0.00711349
0.327435
-0.0112429
0.
-0.802346
0.
0.
0.
0.549751
0.
0.
0.
0.143157
0.
0.
0.
0.864733
0.
0.
0.
0.343388
0.
0.
0.
0.0489029
0.
0.
0.
0.610006
0.
0.
0.
0.916934
0.
0.
0.
1.17722
0.
0.
0.
1.11796
0.
0.
0.
0.869832
0.
0.
0.
0.816553
0.
0.
0.
0.542628
0.
0.
0.
0.857917
0.
0.
0.
0.292591
0.
0.
0.
1.50742
0.
0.
0.
1.33448
0.
0.
0.
1.13428
0.
0.
0.
0.144135
1.
0.
0.
1.55349
0.400438
-0.00456989
-0.000556973
-0.6034
0.392216
0.
0.00182492
-0.75899
0.286836
0.
0.00265021
-0.681746
0.359486
0.
0.00147155
1.04617
0.408235
0.
-0.000687889
-0.74037
0.285329
0.
0.00315494
-0.644918
0.339561
0.
-0.00676932
1.07862
0.370916
0.000744542
0.
1.08415
0.399637
0.0106805
0.
-0.756726
0.277183
0.0122226
0.
-0.671922
0.336086
0.00116822
0.
1.11922
0.414779
0.00560967
0.
-0.73558
0.279769
0.00690221
0.
-0.664039
0.222527
-0.00442017
-0.0137033
-0.213192
0.234725
-0.00150572
0.00388537
-0.503875
0.253259
-0.0179981
-0.00233397
0.333987
0.443139
-0.000127032
-0.0384166
1.36911
0.385483
0.00486281
-0.0393775
1.12407
0.164715
0.0248206
0.00427617
0.491437
0.315909
0.00655469
0.0276871
1.13068
0.190095
0.00185354
-0.0127642
0.0679161
0.22821
0.00130319
0.0016153
0.394398
0.235892
-0.00590198
0.00616295
-0.290482
0.223929
-0.0196773
0.00818379
0.37778
0.30216
-0.0015975
0.0382074
1.03908
0.243489
0.00942134
-0.00276306
0.514737
0.0861919
-0.0253134
0.00494735
0.697201
0.300103
-0.00694076
0.0329667
1.10619
