Vec Object: 1 MPI process
  type: seq
0.
0.
0.
-0.103897
0.
0.
0.
0.0288174
0.16409
-0.167181
0.
-0.070085
0.1729
-0.178264
0.
-0.0665009
0.189513
0.204614
0.
-0.0556927
0.178132
0.165482
0.
-0.0662352
0.388018
0.00928647
0.
0.00274159
0.375369
0.00904595
0.
0.00674171
0.390213
-0.0205265
0.
0.00794479
0.396666
-0.0180035
0.
0.00853852
0.
0.
0.
-0.0292156
0.
0.
0.
-0.0751751
0.313617
-0.0566596
0.
-0.0159701
0.319546
0.0886184
0.
0.00373644
0.318523
-0.051226
0.
-0.0107743
0.322811
0.113987
0.
0.0197018
0.344823
0.0721462
0.
-0.000327246
0.32275
-0.10396
0.
0.0153439
0.314243
0.0401152
0.
-0.0179669
0.320236
-0.062871
0.
-0.00181001
0.
0.
0.
-0.13133
0.
0.
0.
-0.0027716
0.
0.
0.
-0.00455815
0.
0.
0.
0.120557
0.
0.
0.
-0.0594136
0.
0.
0.
-0.153986
0.
0.
0.
-0.209112
0.
0.
0.
0.0289006
0.
0.
0.
-0.0221248
0.
0.
0.
-0.0239137
0.
0.
0.
-0.165217
0.
0.
0.
0.029289
0.
0.
0.
-0.0832451
0.
0.
0.
-0.00106505
0.
0.
0.
0.137883
0.
0.
0.
0.0267735
0.
0.
0.
-0.00156919
0.
0.
0.
0.00807732
1.
0.
0.
0.0432069
0.397135
-0.00832438
-0.000438988
-0.00329152
0.379089
0.
-0.00363926
-0.00390567
0.270045
0.
-0.00259927
-0.013145
0.301346
0.
0.0193481
0.047659
0.378256
0.
0.00472381
-0.010084
0.272148
0.
0.0138309
-0.0124247
0.312961
0.
-0.00600354
0.0572471
0.303111
0.019667
0.
0.056607
0.381049
0.0186063
0.
-0.00159486
0.256781
0.0211331
0.
-0.0173209
0.282448
0.00208241
0.
0.0520462
0.383146
0.0148768
0.
-0.002953
0.264866
0.0168579
0.
-0.0167571
0.248147
0.0219717
-0.0548268
-0.00753586
0.248674
-0.0252183
0.0236617
-0.0196455
0.366725
-0.0244429
-0.0699694
0.00704155
0.426127
-0.142857
-0.151691
0.120152
0.355841
0.135186
-0.156214
0.0801023
0.340276
-0.0254362
0.0271394
0.0293706
0.360266
0.121639
0.0994909
0.0930042
0.277869
-0.0154886
-0.0296535
-0.00751727
0.403845
0.00186681
-0.0482928
0.00935954
0.257374
0.0216387
0.0320246
-8.71036e-05
0.3743
0.00724328
0.0462829
0.0101963
0.316272
-0.117127
0.139591
0.091279
0.403109
-0.0088149
-0.00624514
0.020978
0.317628
0.00654445
0.0717054
-0.0759957
0.344666
0.0388153
0.14366
0.0826705
