Vec Object: 1 MPI process
  type: seq
0.
0.
0.
-0.0924847
0.
0.
0.
0.0215386
0.166534
-0.167323
0.
-0.0605739
0.17405
-0.17885
0.
-0.0602914
0.189316
0.205812
0.
-0.0506913
0.180343
0.164519
0.
-0.0543096
0.388769
0.00874399
0.
0.00105649
0.375725
0.0084726
0.
0.00813432
0.390974
-0.0211315
0.
0.0088826
0.397798
-0.017074
0.
0.00601448
0.
0.
0.
-0.0233681
0.
0.
0.
-0.0642038
0.318421
-0.0572058
0.
-0.0141395
0.318357
0.0892282
0.
0.00350299
0.323333
-0.0510658
0.
-0.0130959
0.322059
0.112192
0.
0.0180367
0.349972
0.0738986
0.
-0.00294412
0.322229
-0.103095
0.
0.0141784
0.318433
0.0382396
0.
-0.0142215
0.320095
-0.0625754
0.
-0.00225254
0.
0.
0.
-0.12216
0.
0.
0.
0.0116524
0.
0.
0.
-0.0116448
0.
0.
0.
0.13853
0.
0.
0.
-0.0480669
0.
0.
0.
-0.149443
0.
0.
0.
-0.224225
0.
0.
0.
0.00652461
0.
0.
0.
-0.0462251
0.
0.
0.
-0.0340224
0.
0.
0.
-0.161072
0.
0.
0.
0.0319947
0.
0.
0.
-0.0931212
0.
0.
0.
0.00520244
0.
0.
0.
0.101696
0.
0.
0.
-0.00579757
0.
0.
0.
-0.0106876
0.
0.
0.
0.0104335
1.
0.
0.
0.0391722
0.394629
-0.00817914
-0.000188041
-0.00240256
0.380614
0.
-0.00413491
-0.00475023
0.267884
0.
-0.00340418
-0.0102516
0.289491
0.
0.0215701
0.0416505
0.377596
0.
0.00524664
-0.0100455
0.269394
0.
0.0152591
-0.0075287
0.302914
0.
-0.0052149
0.04698
0.288412
0.0219103
0.
0.0451157
0.382298
0.0179409
0.
-0.00241584
0.254518
0.0194008
0.
-0.0141852
0.268923
0.00445485
0.
0.0426138
0.382951
0.0157996
0.
-0.00331156
0.262903
0.0178728
0.
-0.0119897
0.249927
0.0242385
-0.0551604
-0.00341994
0.248847
-0.0253155
0.0232194
-0.0119516
0.370226
-0.0226027
-0.0812204
0.00208729
0.429236
-0.156467
-0.161537
0.104978
0.357519
0.147972
-0.167406
0.0672351
0.340193
-0.0406554
0.0255935
0.0218616
0.364376
0.128891
0.109316
0.0782347
0.286673
-0.0160265
-0.0303437
-0.0070815
0.409346
0.00203501
-0.053791
0.00463132
0.25622
0.021315
0.0328051
0.00739621
0.387872
0.0139502
0.0550205
0.00478796
0.321739
-0.127703
0.146852
0.0803321
0.414389
-0.0102755
-0.00354923
0.0138915
0.318101
0.0291242
0.0804426
-0.0808267
0.35026
0.0438241
0.149888
0.0688295
