Vec Object: 1 MPI process
  type: seq
0.
0.
0.
-0.118523
0.
0.
0.
0.124205
0.151719
-0.168343
0.
-0.117459
0.166168
-0.17768
0.
-0.0988014
0.19407
0.198854
0.
-0.070351
0.1667
0.170939
0.
-0.121366
0.383101
0.0145116
0.
0.0203892
0.373346
0.0123199
0.
0.0101606
0.387698
-0.0189598
0.
0.00920131
0.390086
-0.0244799
0.
0.0290889
0.
0.
0.
-0.0551216
0.
0.
0.
-0.139887
0.293454
-0.0520563
0.
-0.0169001
0.323483
0.0832334
0.
-0.00598285
0.2995
-0.0484181
0.
0.0043742
0.326098
0.116081
0.
0.0136412
0.324224
0.0619617
0.
0.0170891
0.325274
-0.102575
0.
0.00702736
0.294763
0.0465471
0.
-0.0300648
0.322343
-0.0607398
0.
-0.0134938
0.
0.
0.
-0.0989007
0.
0.
0.
-0.064265
0.
0.
0.
0.0987171
0.
0.
0.
0.0427825
0.
0.
0.
-0.117302
0.
0.
0.
-0.0958611
0.
0.
0.
-0.0486097
0.
0.
0.
0.199724
0.
0.
0.
0.162718
0.
0.
0.
0.0950089
0.
0.
0.
-0.064683
0.
0.
0.
0.0584045
0.
0.
0.
0.0479146
0.
0.
0.
-0.0117995
0.
0.
0.
0.343269
0.
0.
0.
0.24224
0.
0.
0.
0.130054
0.
0.
0.
-0.00611419
1.
0.
0.
0.0536439
0.403087
-0.00860255
-0.00133482
0.0054392
0.375434
0.
-0.00138369
-0.00365052
0.279029
0.
0.000382658
-0.0346845
0.350551
0.
0.0108254
0.0804733
0.3809
0.
0.00180653
-0.012066
0.28145
0.
0.00814152
-0.0412032
0.351442
0.
-0.0081811
0.107673
0.360679
0.0100596
0.
0.116792
0.378858
0.0208918
0.
-0.00146622
0.267046
0.0252399
0.
-0.0402848
0.333986
-0.00359341
0.
0.108738
0.384539
0.00985388
0.
-0.00409094
0.273408
0.0105896
0.
-0.0476349
0.241994
0.00942422
-0.0432074
-0.0352384
0.247735
-0.0177643
0.0187466
-0.0639167
0.336321
-0.033531
-0.0299748
0.0364526
0.429391
-0.0793002
-0.108382
0.19721
0.368871
0.0758439
-0.108221
0.150214
0.297485
0.0267805
0.0243792
0.0748529
0.349701
0.0768432
0.0623416
0.178573
0.243124
-0.00609308
-0.0252884
-0.0117281
0.353996
0.000305721
-0.0214488
0.0395394
0.256834
0.00917902
0.0243258
-0.0377112
0.31667
-0.0153474
0.0197211
0.0491634
0.310275
-0.0673459
0.102977
0.15618
0.345415
-1.98778e-05
-0.0130921
0.0681658
0.26213
-0.0544835
0.0330362
0.0145756
0.332683
0.0139701
0.104772
0.169866
