Vec Object: 1 MPI process
  type: seq
0.
0.
0.
-0.0793128
0.
0.
0.
0.0191236
0.169463
-0.167898
0.
-0.0497394
0.175668
-0.179869
0.
-0.0525585
0.189721
0.207343
0.
-0.0440123
0.182727
0.163719
0.
-0.0407321
0.389699
0.00841367
0.
-0.000564029
0.376586
0.00740501
0.
0.0095982
0.392433
-0.0218899
0.
0.00933469
0.399189
-0.0162054
0.
0.00339314
0.
0.
0.
-0.0183846
0.
0.
0.
-0.0557596
0.324656
-0.057935
0.
-0.0118301
0.316587
0.0899991
0.
0.00298278
0.329796
-0.0503491
0.
-0.015032
0.321197
0.109568
0.
0.0156432
0.35677
0.075637
0.
-0.00495483
0.321681
-0.101711
0.
0.0123044
0.323575
0.0359967
0.
-0.0101235
0.320416
-0.0619514
0.
-0.00320532
0.
0.
0.
-0.106468
0.
0.
0.
0.0251698
0.
0.
0.
-0.0128725
0.
0.
0.
0.152906
0.
0.
0.
-0.0397249
0.
0.
0.
-0.138079
0.
0.
0.
-0.23249
0.
0.
0.
-0.0121172
0.
0.
0.
-0.0658373
0.
0.
0.
-0.0382246
0.
0.
0.
-0.144349
0.
0.
0.
0.0376326
0.
0.
0.
-0.0952556
0.
0.
0.
0.0130929
0.
0.
0.
0.0638733
0.
0.
0.
-0.0360077
0.
0.
0.
-0.0122443
0.
0.
0.
0.0110207
1.
0.
0.
0.0332366
0.390692
-0.00785925
0.000208714
-0.0010787
0.382698
0.
-0.00468975
-0.00565549
0.265361
0.
-0.00447885
-0.00707931
0.273841
0.
0.0244428
0.0347085
0.376228
0.
0.00573156
-0.00971664
0.265614
0.
0.0171106
-0.00199461
0.289439
0.
-0.0039025
0.0351966
0.268781
0.024518
0.
0.0327345
0.384071
0.0171849
0.
-0.00328867
0.252191
0.0166085
0.
-0.0109182
0.250291
0.00814949
0.
0.0327617
0.382267
0.0166966
0.
-0.00364907
0.260595
0.0185506
0.
-0.00689685
0.252334
0.026752
-0.0538625
-0.000235335
0.248899
-0.0237575
0.0215235
-0.00418035
0.372075
-0.0208523
-0.0955586
-0.00335783
0.435408
-0.171845
-0.173984
0.0879022
0.363568
0.162638
-0.181097
0.0536489
0.332732
-0.0582017
0.0226931
0.0139106
0.370424
0.135782
0.121378
0.0627532
0.298068
-0.0159653
-0.0311602
-0.0075575
0.41226
0.00215025
-0.0588096
-0.000586896
0.253734
0.018353
0.0333485
0.0150128
0.405341
0.0228212
0.0672941
-0.000607378
0.331614
-0.139933
0.155208
0.0687296
0.426318
-0.0112865
-0.000188899
0.00703525
0.311139
0.0577491
0.0888684
-0.0802734
0.359643
0.0489961
0.155442
0.0549585
