Vec Object: 1 MPI process
  type: seq
0.
0.
0.
0.113065
0.
0.
0.
0.573895
0.190928
-0.11961
0.
0.616668
0.207298
-0.128354
0.
0.63568
0.261503
0.136059
0.
0.72326
0.208126
0.12609
0.
0.607789
0.35311
0.0425559
0.
-0.171906
0.353557
0.0352538
0.
-0.216797
0.357302
-0.0416925
0.
-0.165893
0.359686
-0.0515459
0.
-0.168688
0.
0.
0.
-0.0385136
0.
0.
0.
-0.216174
0.259005
-0.076431
0.
-0.135584
0.330048
0.0344257
0.
-0.4695
0.267985
-0.0816039
0.
-0.123473
0.333944
0.0580225
0.
-0.475878
0.291252
0.0805576
0.
-0.0779895
0.331748
-0.0413305
0.
-0.478723
0.256866
0.0777418
0.
-0.0943251
0.326254
-0.0228028
0.
-0.493798
0.
0.
0.
0.300281
0.
0.
0.
-0.024976
0.
0.
0.
0.585408
0.
0.
0.
0.144427
0.
0.
0.
-0.104751
0.
0.
0.
0.352404
0.
0.
0.
0.609664
0.
0.
0.
0.846558
0.
0.
0.
0.805716
0.
0.
0.
0.595634
0.
0.
0.
0.533766
0.
0.
0.
0.321327
0.
0.
0.
0.584477
0.
0.
0.
0.104533
0.
0.
0.
1.10329
0.
0.
0.
0.979214
0.
0.
0.
0.787633
0.
0.
0.
-0.00225524
1.
0.
0.
0.912736
0.392815
-0.00528682
-0.000727637
-0.158857
0.392895
0.
0.0016974
-0.385409
0.287924
0.
0.00260582
-0.476245
0.375707
0.
0.00193884
0.600078
0.409685
0.
-0.000713222
-0.364046
0.287053
0.
0.00318806
-0.46094
0.355667
0.
-0.00700615
0.646918
0.387774
0.00083559
0.
0.655137
0.401234
0.01386
0.
-0.382453
0.278104
0.0158086
0.
-0.470486
0.35289
0.00095167
0.
0.686021
0.417547
0.00549537
0.
-0.356883
0.281193
0.00658375
0.
-0.475392
0.226659
-0.00392453
-0.0155259
-0.243982
0.238226
-0.00304251
0.0046458
-0.414476
0.260301
-0.0196257
-0.00327559
0.134921
0.447698
0.0020186
-0.0427585
0.875387
0.391523
0.00147549
-0.0433776
0.703757
0.174197
0.0282416
0.00517014
0.272303
0.325743
0.00489297
0.0294724
0.734241
0.194673
0.000815265
-0.0139919
-0.056864
0.236978
0.00042875
0.000578661
0.193393
0.240239
-0.00514983
0.00723554
-0.294171
0.229914
-0.0207182
0.00836719
0.184058
0.309106
0.000915968
0.0423079
0.651489
0.251405
0.00933596
-0.00346436
0.280073
0.0984194
-0.0314789
0.00528964
0.441634
0.309924
-0.0126078
0.0369227
0.722195
