Vec Object: 1 MPI process
  type: seq
0.
0.
0.
-0.0809394
0.
0.
0.
0.267473
0.147173
-0.162995
0.
-0.103699
0.163497
-0.17279
0.
-0.0815946
0.210218
0.183875
0.
-0.00752349
0.162967
0.169747
0.
-0.113421
0.365551
0.0322975
0.
0.117654
0.360799
0.0272445
0.
0.0877899
0.371711
-0.0314055
0.
0.104316
0.371927
-0.042234
0.
0.124541
0.
0.
0.
-0.0990568
0.
0.
0.
-0.22716
0.274549
-0.0543059
0.
-0.071405
0.32703
0.0659088
0.
-0.0759202
0.2822
-0.0541764
0.
-0.046604
0.330078
0.0985837
0.
-0.062547
0.305912
0.0615181
0.
-0.0264241
0.328531
-0.0826842
0.
-0.0698315
0.274207
0.0562783
0.
-0.0777077
0.324315
-0.0477922
0.
-0.091503
0.
0.
0.
0.0198556
0.
0.
0.
-0.114125
0.
0.
0.
0.260093
0.
0.
0.
0.00204829
0.
0.
0.
-0.174981
0.
0.
0.
0.0486165
0.
0.
0.
0.197606
0.
0.
0.
0.424753
0.
0.
0.
0.401407
0.
0.
0.
0.269491
0.
0.
0.
0.156944
0.
0.
0.
0.118291
0.
0.
0.
0.246124
0.
0.
0.
-0.0203013
0.
0.
0.
0.581083
0.
0.
0.
0.50701
0.
0.
0.
0.346846
0.
0.
0.
-0.0499773
1.
0.
0.
0.125103
0.397511
-0.00778129
-0.0015219
0.112167
0.382268
0.
0.000553336
-0.0135936
0.285227
0.
0.00215989
-0.131192
0.387967
0.
0.00482587
0.127479
0.39387
0.
-0.000407088
-0.0106388
0.286231
0.
0.0043755
-0.139573
0.374748
0.
-0.00810293
0.172176
0.400798
0.00275343
0.
0.184988
0.388512
0.0196043
0.
-0.0112472
0.274749
0.0232052
0.
-0.135779
0.36826
-0.00252682
0.
0.194916
0.399398
0.00595415
0.
-0.00184011
0.279381
0.00620561
0.
-0.148585
0.235002
-0.00177344
-0.0256164
-0.1231
0.244281
-0.00824826
0.00967068
-0.174127
0.293461
-0.0331646
-0.0095071
0.0293119
0.447055
-0.0222159
-0.0670049
0.299355
0.392077
0.0222879
-0.0664115
0.233078
0.22502
0.0393266
0.0127156
0.102602
0.344329
0.0269079
0.0390849
0.285342
0.213499
0.00386651
-0.0189549
-0.0605523
0.284927
-0.00108519
-0.00464876
0.0515261
0.2494
-0.00663269
0.0136384
-0.135715
0.263321
-0.0241369
0.00987482
0.064519
0.317182
-0.0201661
0.0648271
0.235617
0.288476
0.0068992
-0.00916679
0.0948517
0.165179
-0.0515018
0.0109665
0.159427
0.328035
-0.00813808
0.061476
0.284056
