Vec Object: 1 MPI process
  type: seq
0.
0.
0.
-0.10496
0.
0.
0.
0.0298107
0.163844
-0.167179
0.
-0.071052
0.172787
-0.178217
0.
-0.0671217
0.189552
0.204497
0.
-0.0561625
0.177904
0.165586
0.
-0.0674334
0.387943
0.00935085
0.
0.00292872
0.375343
0.00909516
0.
0.00661274
0.390154
-0.0204673
0.
0.00783687
0.396553
-0.0181042
0.
0.00880893
0.
0.
0.
-0.0298419
0.
0.
0.
-0.0764061
0.313153
-0.0566028
0.
-0.0161322
0.319655
0.0885548
0.
0.00374008
0.318066
-0.051224
0.
-0.0105167
0.322886
0.114146
0.
0.0198404
0.344331
0.0719595
0.
-2.83616e-05
0.322803
-0.10403
0.
0.0154313
0.313828
0.0402982
0.
-0.0183387
0.320263
-0.0628892
0.
-0.0017942
0.
0.
0.
-0.131977
0.
0.
0.
-0.00428224
0.
0.
0.
-0.0035435
0.
0.
0.
0.118631
0.
0.
0.
-0.060672
0.
0.
0.
-0.154137
0.
0.
0.
-0.207205
0.
0.
0.
0.0314445
0.
0.
0.
-0.0193729
0.
0.
0.
-0.022581
0.
0.
0.
-0.165108
0.
0.
0.
0.0291644
0.
0.
0.
-0.0818668
0.
0.
0.
-0.00164475
0.
0.
0.
0.141676
0.
0.
0.
0.0303367
0.
0.
0.
-0.000260416
0.
0.
0.
0.00778304
1.
0.
0.
0.0435642
0.397354
-0.0083353
-0.000461688
-0.00335864
0.378949
0.
-0.00358919
-0.00382468
0.270259
0.
-0.00252269
-0.0134469
0.302483
0.
0.0191357
0.0482712
0.378308
0.
0.00466767
-0.0100851
0.272405
0.
0.0136932
-0.0129212
0.313913
0.
-0.00607255
0.0582802
0.304508
0.0194449
0.
0.0577936
0.380937
0.0186724
0.
-0.00151597
0.257013
0.0212841
0.
-0.0176508
0.283721
0.00187469
0.
0.0530399
0.383155
0.0147789
0.
-0.00292108
0.265061
0.0167424
0.
-0.0172544
0.247983
0.0217353
-0.0547342
-0.00800392
0.248657
-0.0251592
0.0236651
-0.0204542
0.366297
-0.0246384
-0.0688961
0.00755492
0.425907
-0.141486
-0.150731
0.121697
0.355802
0.133903
-0.155117
0.0814427
0.340029
-0.0239574
0.027246
0.0301562
0.359899
0.120854
0.0985427
0.094553
0.277027
-0.0154016
-0.0295814
-0.00759334
0.403165
0.00184642
-0.0477098
0.00985223
0.257456
0.0215864
0.0319277
-0.000864697
0.372987
0.00661374
0.0454827
0.0107826
0.315838
-0.116066
0.138856
0.0924285
0.401943
-0.0086499
-0.00649735
0.0217485
0.317293
0.00444602
0.0708017
-0.0752308
0.344193
0.0382986
0.14298
0.0841517
