Vec Object: 1 MPI process
  type: seq
0.
0.
0.
-0.0888487
0.
0.
0.
0.0202659
0.167291
-0.167423
0.
-0.0576875
0.174432
-0.179077
0.
-0.0583325
0.189343
0.206198
0.
-0.0490252
0.180997
0.164262
0.
-0.0506663
0.389006
0.00861875
0.
0.000594788
0.375889
0.00824747
0.
0.00856494
0.391286
-0.0213238
0.
0.00908958
0.398154
-0.0168184
0.
0.00529204
0.
0.
0.
-0.021799
0.
0.
0.
-0.0614325
0.319984
-0.0573791
0.
-0.0135268
0.317939
0.0894173
0.
0.0033792
0.32493
-0.0509411
0.
-0.0137046
0.321827
0.11156
0.
0.0174417
0.351666
0.0743934
0.
-0.00359915
0.322076
-0.102771
0.
0.0137297
0.319754
0.0376497
0.
-0.0130876
0.320115
-0.0624422
0.
-0.0024704
0.
0.
0.
-0.118446
0.
0.
0.
0.0156917
0.
0.
0.
-0.0127055
0.
0.
0.
0.143285
0.
0.
0.
-0.0452068
0.
0.
0.
-0.147007
0.
0.
0.
-0.227415
0.
0.
0.
0.000781637
0.
0.
0.
-0.0523502
0.
0.
0.
-0.0359414
0.
0.
0.
-0.157879
0.
0.
0.
0.0332905
0.
0.
0.
-0.0946957
0.
0.
0.
0.00726
0.
0.
0.
0.0912015
0.
0.
0.
-0.01466
0.
0.
0.
-0.0120409
0.
0.
0.
0.0108678
1.
0.
0.
0.0377438
0.393716
-0.0081155
-9.78157e-05
-0.00207039
0.381131
0.
-0.00428483
-0.0050086
0.267215
0.
-0.0036702
-0.00939453
0.285596
0.
0.0222965
0.0398214
0.377317
0.
0.00539069
-0.010004
0.268466
0.
0.0157238
-0.00604088
0.299576
0.
-0.00492245
0.0438376
0.283542
0.0226061
0.
0.0417219
0.382731
0.017737
0.
-0.00266606
0.253855
0.0187645
0.
-0.0132757
0.264373
0.00531514
0.
0.0398877
0.382834
0.0160593
0.
-0.00342123
0.262296
0.0181188
0.
-0.0105909
0.250532
0.0249076
-0.055016
-0.00238976
0.248891
-0.0251191
0.0229118
-0.00974762
0.370983
-0.02209
-0.0848841
0.000613608
0.430569
-0.160608
-0.164698
0.100397
0.358605
0.151889
-0.170953
0.0634789
0.339097
-0.045413
0.0249384
0.0196665
0.365827
0.130892
0.112461
0.0739489
0.289552
-0.0160737
-0.0305515
-0.00709424
0.410518
0.00207403
-0.0553102
0.00322705
0.255712
0.0208495
0.0329805
0.00955731
0.392273
0.0161806
0.0580198
0.00326929
0.323915
-0.130952
0.149069
0.0771477
0.4177
-0.0106349
-0.00266872
0.0119299
0.317104
0.0365728
0.0829372
-0.0813079
0.352375
0.0452882
0.151565
0.064919
