Vec Object: 1 MPI process
  type: seq
0.
0.
0.
-0.0891545
0.
0.
0.
0.0203557
0.167227
-0.167413
0.
-0.0579305
0.174399
-0.179057
0.
-0.0584995
0.189339
0.206165
0.
-0.0491684
0.180942
0.164283
0.
-0.0509729
0.388986
0.00862843
0.
0.000632833
0.375873
0.00826772
0.
0.00852923
0.391257
-0.0213074
0.
0.00907412
0.398124
-0.0168394
0.
0.00535216
0.
0.
0.
-0.0219257
0.
0.
0.
-0.0616531
0.31985
-0.0573642
0.
-0.0135789
0.317975
0.0894011
0.
0.00339027
0.324793
-0.0509532
0.
-0.0136555
0.321847
0.111615
0.
0.0174931
0.35152
0.0743525
0.
-0.00354694
0.322089
-0.1028
0.
0.013769
0.319642
0.0376996
0.
-0.0131824
0.320112
-0.0624543
0.
-0.00245086
0.
0.
0.
-0.118774
0.
0.
0.
0.0153611
0.
0.
0.
-0.0126365
0.
0.
0.
0.142904
0.
0.
0.
-0.0454331
0.
0.
0.
-0.14723
0.
0.
0.
-0.227173
0.
0.
0.
0.0012447
0.
0.
0.
-0.051858
0.
0.
0.
-0.0358016
0.
0.
0.
-0.158183
0.
0.
0.
0.0331742
0.
0.
0.
-0.0945903
0.
0.
0.
0.00708484
0.
0.
0.
0.0920747
0.
0.
0.
-0.0139346
0.
0.
0.
-0.0119531
0.
0.
0.
0.0108378
1.
0.
0.
0.0378681
0.393796
-0.00812133
-0.000105754
-0.00209915
0.381086
0.
-0.00427225
-0.00498709
0.267272
0.
-0.00364734
-0.00946637
0.285931
0.
0.0222343
0.0399758
0.377342
0.
0.00537891
-0.0100084
0.268546
0.
0.015684
-0.00616605
0.299863
0.
-0.00494833
0.0441024
0.28396
0.0225474
0.
0.0420054
0.382693
0.0177542
0.
-0.00264525
0.25391
0.0188205
0.
-0.0133514
0.264766
0.00523972
0.
0.0401145
0.382846
0.0160379
0.
-0.00341228
0.262348
0.0180995
0.
-0.0107077
0.25048
0.0248515
-0.0550333
-0.00247185
0.248887
-0.0251408
0.0229413
-0.00993011
0.370926
-0.022132
-0.0845711
0.000737162
0.430449
-0.16026
-0.164428
0.100782
0.358501
0.151559
-0.170651
0.0637919
0.339212
-0.0450122
0.024997
0.0198496
0.365701
0.130727
0.112194
0.0743057
0.289306
-0.0160718
-0.0305339
-0.00709011
0.41043
0.00207097
-0.0551862
0.00334489
0.255758
0.0208966
0.0329668
0.00937826
0.391896
0.0159892
0.0577603
0.003395
0.323721
-0.130678
0.148882
0.0774132
0.417424
-0.0106066
-0.00274364
0.0120914
0.31721
0.0359375
0.0827321
-0.0812852
0.352188
0.0451666
0.151428
0.0652425
