Vec Object: 1 MPI process
  type: seq
0.
0.
0.
-0.118087
0.
0.
0.
0.126436
0.151519
-0.168364
0.
-0.118152
0.166034
-0.177687
0.
-0.0993226
0.19419
0.198739
0.
-0.0703634
0.166517
0.171023
0.
-0.122157
0.382972
0.0146492
0.
0.0209608
0.373271
0.012419
0.
0.0105091
0.38762
-0.0189834
0.
0.00952945
0.389936
-0.024628
0.
0.0296757
0.
0.
0.
-0.0554315
0.
0.
0.
-0.140909
0.293147
-0.0519546
0.
-0.0168783
0.323535
0.0830806
0.
-0.00641631
0.299219
-0.0483461
0.
0.00457581
0.326149
0.115995
0.
0.0132055
0.323921
0.0617973
0.
0.0173026
0.325314
-0.102443
0.
0.00656017
0.294445
0.046611
0.
-0.0301857
0.32238
-0.0606393
0.
-0.0140089
0.
0.
0.
-0.0973601
0.
0.
0.
-0.0649502
0.
0.
0.
0.101175
0.
0.
0.
0.0419844
0.
0.
0.
-0.118045
0.
0.
0.
-0.0939032
0.
0.
0.
-0.0450084
0.
0.
0.
0.203174
0.
0.
0.
0.166434
0.
0.
0.
0.0977069
0.
0.
0.
-0.0616777
0.
0.
0.
0.0594211
0.
0.
0.
0.0509377
0.
0.
0.
-0.0116882
0.
0.
0.
0.346929
0.
0.
0.
0.246338
0.
0.
0.
0.133164
0.
0.
0.
-0.00630631
1.
0.
0.
0.0538135
0.403113
-0.00860364
-0.00134648
0.00595478
0.375437
0.
-0.00135042
-0.00373393
0.279147
0.
0.000420724
-0.035282
0.351295
0.
0.01071
0.0810856
0.380981
0.
0.00176033
-0.0121352
0.281555
0.
0.00806392
-0.0418799
0.351976
0.
-0.00819966
0.108536
0.361503
0.00991987
0.
0.117801
0.37889
0.020906
0.
-0.00155325
0.267188
0.0252594
0.
-0.0409043
0.334714
-0.00362691
0.
0.109831
0.384617
0.00977394
0.
-0.00415142
0.273525
0.0104913
0.
-0.0483643
0.2419
0.00921123
-0.042942
-0.035792
0.247706
-0.0176055
0.0186125
-0.0648029
0.335708
-0.033647
-0.0295038
0.0369728
0.429623
-0.0783178
-0.107701
0.198526
0.369241
0.0749237
-0.107502
0.151423
0.296454
0.0272936
0.0242341
0.0756999
0.34962
0.0760391
0.0618649
0.180146
0.24262
-0.00588105
-0.0252011
-0.0118072
0.352982
0.000274121
-0.0210806
0.0401301
0.256761
0.00887527
0.0241635
-0.0383782
0.315788
-0.0156025
0.0194509
0.0499394
0.310352
-0.0665588
0.10236
0.157394
0.344478
0.000116645
-0.0131105
0.069035
0.260766
-0.0548583
0.0325375
0.0168352
0.332607
0.0135822
0.104076
0.171536
