Vec Object: 1 MPI process
  type: seq
0.
0.
0.
-0.0868029
0.
0.
0.
0.0197464
0.167725
-0.167494
0.
-0.0560542
0.17466
-0.179218
0.
-0.0571982
0.189381
0.206423
0.
-0.0480483
0.181362
0.164128
0.
-0.0486076
0.389143
0.0085582
0.
0.000343041
0.375999
0.00810432
0.
0.00880091
0.391484
-0.0214351
0.
0.00918297
0.39836
-0.0166806
0.
0.00489131
0.
0.
0.
-0.0209766
0.
0.
0.
-0.060015
0.320896
-0.0574821
0.
-0.0131754
0.317688
0.0895277
0.
0.00330231
0.325869
-0.0508515
0.
-0.0140231
0.321696
0.111183
0.
0.0170902
0.352658
0.0746641
0.
-0.00393499
0.321991
-0.102574
0.
0.0134589
0.320514
0.037313
0.
-0.012455
0.320143
-0.062357
0.
-0.00260687
0.
0.
0.
-0.116177
0.
0.
0.
0.0178617
0.
0.
0.
-0.0130718
0.
0.
0.
0.145735
0.
0.
0.
-0.0437633
0.
0.
0.
-0.145426
0.
0.
0.
-0.228913
0.
0.
0.
-0.00222944
0.
0.
0.
-0.0555418
0.
0.
0.
-0.0367757
0.
0.
0.
-0.155665
0.
0.
0.
0.0341035
0.
0.
0.
-0.0952718
0.
0.
0.
0.00844466
0.
0.
0.
0.0853853
0.
0.
0.
-0.0194313
0.
0.
0.
-0.0125049
0.
0.
0.
0.0110346
1.
0.
0.
0.036889
0.393161
-0.00807372
-4.26344e-05
-0.00187385
0.381435
0.
-0.00436918
-0.00515143
0.266835
0.
-0.00382631
-0.00891317
0.283315
0.
0.0227194
0.0387821
0.377136
0.
0.0054681
-0.00996894
0.267917
0.
0.0159947
-0.00520077
0.297615
0.
-0.00474176
0.0420577
0.280682
0.0230009
0.
0.0398281
0.382987
0.0176221
0.
-0.00280412
0.25349
0.0183749
0.
-0.0127717
0.261682
0.00583732
0.
0.0383764
0.382751
0.0162005
0.
-0.00347941
0.26195
0.0182401
0.
-0.00981109
0.250888
0.0252841
-0.0548744
-0.00186144
0.24891
-0.024947
0.0226952
-0.0085375
0.371336
-0.0218131
-0.0870081
-0.000214051
0.431416
-0.162944
-0.166532
0.0978129
0.35937
0.154106
-0.172992
0.0613928
0.338213
-0.0481017
0.0245289
0.0184452
0.366695
0.131975
0.114268
0.0715716
0.29123
-0.0160776
-0.0306706
-0.0071372
0.411063
0.00209354
-0.0561216
0.00243689
0.255382
0.0204928
0.0330682
0.0107448
0.394835
0.017485
0.0597982
0.00243493
0.325277
-0.132796
0.150327
0.0753756
0.419538
-0.0108138
-0.00216228
0.0108617
0.316276
0.0408747
0.0842872
-0.0813761
0.353681
0.046096
0.152457
0.0627724
