Vec Object: 1 MPI process
  type: seq
0.
0.
0.
-0.102426
0.
0.
0.
0.0275481
0.164423
-0.167186
0.
-0.0687794
0.173053
-0.178332
0.
-0.0656613
0.189464
0.204773
0.
-0.0550476
0.178439
0.165342
0.
-0.0646123
0.388119
0.00920201
0.
0.00249397
0.375406
0.00897767
0.
0.00692117
0.390298
-0.0206072
0.
0.00808844
0.396819
-0.0178691
0.
0.00817778
0.
0.
0.
-0.028375
0.
0.
0.
-0.0735398
0.31425
-0.0567355
0.
-0.015743
0.319397
0.0887034
0.
0.00372474
0.319149
-0.0512238
0.
-0.0111165
0.32271
0.113766
0.
0.0195047
0.345496
0.0723961
0.
-0.00072218
0.322678
-0.103859
0.
0.015216
0.314806
0.0398655
0.
-0.0174607
0.320203
-0.0628429
0.
-0.00184091
0.
0.
0.
-0.130371
0.
0.
0.
-0.000736839
0.
0.
0.
-0.00584474
0.
0.
0.
0.123144
0.
0.
0.
-0.0577359
0.
0.
0.
-0.153691
0.
0.
0.
-0.211583
0.
0.
0.
0.02554
0.
0.
0.
-0.0257578
0.
0.
0.
-0.0256274
0.
0.
0.
-0.165212
0.
0.
0.
0.0295034
0.
0.
0.
-0.0850015
0.
0.
0.
-0.000263408
0.
0.
0.
0.132791
0.
0.
0.
0.0220303
0.
0.
0.
-0.0032283
0.
0.
0.
0.00846268
1.
0.
0.
0.0427098
0.396829
-0.00830874
-0.000407682
-0.00319309
0.379282
0.
-0.00370703
-0.00401714
0.269754
0.
-0.00270408
-0.0127401
0.299794
0.
0.0196387
0.0468333
0.378183
0.
0.0047989
-0.0100826
0.271794
0.
0.0140188
-0.0117541
0.311657
0.
-0.00590764
0.0558487
0.3012
0.0199687
0.
0.055009
0.381205
0.0185165
0.
-0.00170342
0.256468
0.0209227
0.
-0.0168788
0.280704
0.00237175
0.
0.0507142
0.383131
0.015008
0.
-0.00299808
0.2646
0.0170111
0.
-0.0160893
0.248372
0.0222892
-0.0549365
-0.00691627
0.248698
-0.0252859
0.0236461
-0.0185599
0.367283
-0.0241806
-0.071439
0.00635162
0.426449
-0.144714
-0.152998
0.118066
0.355927
0.136924
-0.157706
0.0783004
0.340542
-0.0274567
0.0269812
0.0283165
0.360775
0.122686
0.100786
0.0909256
0.27902
-0.0155968
-0.0297501
-0.00742207
0.404732
0.0018934
-0.0490757
0.00869853
0.257254
0.0216873
0.0321504
0.000960108
0.376091
0.00810802
0.0473875
0.00941579
0.316889
-0.118565
0.140584
0.0897372
0.404679
-0.00903393
-0.00589767
0.0199518
0.318002
0.00943851
0.0729252
-0.0769496
0.345329
0.0395118
0.144568
0.080691
