Vec Object: 1 MPI process
  type: seq
0.
0.
0.
-0.12286
0.
0.
0.
0.0821621
0.155977
-0.167812
0.
-0.101813
0.168816
-0.177565
0.
-0.0874519
0.191975
0.200961
0.
-0.0677414
0.170594
0.169082
0.
-0.103678
0.38526
0.0121609
0.
0.0115145
0.374458
0.0107499
0.
0.00584904
0.388822
-0.0189998
0.
0.00585247
0.392744
-0.0218327
0.
0.0196094
0.
0.
0.
-0.0480693
0.
0.
0.
-0.118357
0.299903
-0.0540727
0.
-0.0178592
0.322357
0.0857975
0.
0.000391822
0.305444
-0.0498658
0.
-0.000891166
0.325044
0.11685
0.
0.0195499
0.330652
0.0655267
0.
0.0113012
0.324438
-0.104362
0.
0.0136311
0.301293
0.0449904
0.
-0.0274475
0.321564
-0.0622624
0.
-0.00580678
0.
0.
0.
-0.124112
0.
0.
0.
-0.0476782
0.
0.
0.
0.0526207
0.
0.
0.
0.0630678
0.
0.
0.
-0.100245
0.
0.
0.
-0.129814
0.
0.
0.
-0.116948
0.
0.
0.
0.132391
0.
0.
0.
0.0900274
0.
0.
0.
0.0437631
0.
0.
0.
-0.118311
0.
0.
0.
0.0407418
0.
0.
0.
-0.00933232
0.
0.
0.
-0.012358
0.
0.
0.
0.269512
0.
0.
0.
0.16098
0.
0.
0.
0.0716766
0.
0.
0.
-0.0020422
1.
0.
0.
0.0509833
0.402017
-0.00854687
-0.00106727
-0.00145335
0.37589
0.
-0.00209769
-0.00263373
0.276363
0.
-0.000475213
-0.0249305
0.334812
0.
0.0133643
0.0684612
0.379665
0.
0.00279325
-0.0108266
0.278953
0.
0.00985735
-0.029524
0.339795
0.
-0.00767175
0.0902888
0.342937
0.0130612
0.
0.0960528
0.378773
0.0203979
0.
-0.000387903
0.263898
0.0245007
0.
-0.0300561
0.318247
-0.0025207
0.
0.0874916
0.383525
0.0115528
0.
-0.00303575
0.270799
0.0127096
0.
-0.0349148
0.243888
0.0138278
-0.0483193
-0.0249558
0.24818
-0.0209195
0.021257
-0.0474383
0.348337
-0.0307731
-0.0409313
0.0255254
0.42564
-0.100031
-0.122575
0.170586
0.362001
0.0952248
-0.123476
0.125596
0.317108
0.0137594
0.0268118
0.0577583
0.351896
0.0931273
0.0730499
0.147291
0.25385
-0.0102123
-0.0269752
-0.0105197
0.373856
0.000936843
-0.0297101
0.027759
0.257906
0.015017
0.0274873
-0.024938
0.335199
-0.0093175
0.0263296
0.0336439
0.309641
-0.0838067
0.115607
0.132141
0.364906
-0.00296551
-0.0120435
0.050371
0.287865
-0.0426524
0.0444154
-0.027343
0.334867
0.022173
0.118875
0.137016
