Vec Object: 1 MPI process
  type: seq
0.
0.
0.
-0.0765447
0.
0.
0.
0.0195233
0.17024
-0.168148
0.
-0.0470716
0.176178
-0.180209
0.
-0.0504299
0.189981
0.207764
0.
-0.0421648
0.183279
0.163619
0.
-0.037483
0.389949
0.00840848
0.
-0.000912639
0.376937
0.00701583
0.
0.00984479
0.392943
-0.0221004
0.
0.0092721
0.399561
-0.0160391
0.
0.0027829
0.
0.
0.
-0.0176437
0.
0.
0.
-0.0546397
0.326394
-0.0581653
0.
-0.0112918
0.316042
0.0902332
0.
0.00285082
0.331635
-0.050046
0.
-0.0153237
0.320997
0.108794
0.
0.0149925
0.358676
0.0760084
0.
-0.00522959
0.321562
-0.10129
0.
0.0117665
0.32495
0.0354347
0.
-0.00922226
0.320633
-0.0617365
0.
-0.00348388
0.
0.
0.
-0.10204
0.
0.
0.
0.0275858
0.
0.
0.
-0.0120184
0.
0.
0.
0.154441
0.
0.
0.
-0.0389443
0.
0.
0.
-0.134474
0.
0.
0.
-0.232869
0.
0.
0.
-0.0153901
0.
0.
0.
-0.0691161
0.
0.
0.
-0.0379641
0.
0.
0.
-0.138284
0.
0.
0.
0.0392072
0.
0.
0.
-0.0941353
0.
0.
0.
0.0150545
0.
0.
0.
0.055334
0.
0.
0.
-0.0419979
0.
0.
0.
-0.0111744
0.
0.
0.
0.0106416
1.
0.
0.
0.0315103
0.389456
-0.00773466
0.000339463
-0.000737146
0.383277
0.
-0.00482165
-0.00583081
0.264742
0.
-0.0047862
-0.00632127
0.269445
0.
0.0252177
0.0329439
0.375709
0.
0.00582113
-0.00953057
0.264536
0.
0.0176254
-0.000682885
0.285631
0.
-0.00345505
0.0323278
0.263254
0.0251439
0.
0.029872
0.384579
0.0170052
0.
-0.00345498
0.251722
0.0156972
0.
-0.0101964
0.244876
0.00930152
0.
0.0305049
0.381961
0.0168761
0.
-0.00367715
0.260012
0.0185837
0.
-0.00572929
0.252962
0.0274017
-0.0531846
0.000235767
0.24882
-0.0229376
0.0208423
-0.00253242
0.372027
-0.0205081
-0.099328
-0.00464555
0.437491
-0.175495
-0.177344
0.083761
0.366074
0.166191
-0.184631
0.050559
0.329286
-0.062151
0.0218091
0.0121214
0.372204
0.137187
0.124392
0.0592294
0.30114
-0.0158829
-0.031394
-0.00784986
0.412279
0.00216403
-0.0596603
-0.00184237
0.252805
0.0170118
0.0334552
0.0166174
0.410135
0.0252151
0.0707964
-0.00179015
0.334917
-0.142936
0.157278
0.0660183
0.428972
-0.0113482
0.000625017
0.00557243
0.307988
0.064748
0.0903676
-0.0791767
0.362715
0.0500572
0.15643
0.0519036
