Vec Object: 1 MPI process
  type: seq
0.
0.
0.
-0.0863687
0.
0.
0.
0.241359
0.145763
-0.165963
0.
-0.123431
0.162055
-0.175528
0.
-0.101078
0.204741
0.188948
0.
-0.0379162
0.1614
0.171933
0.
-0.132561
0.371256
0.0266086
0.
0.084372
0.365086
0.0222613
0.
0.0600134
0.377528
-0.026338
0.
0.0683428
0.377622
-0.0366513
0.
0.0920406
0.
0.
0.
-0.0820751
0.
0.
0.
-0.201718
0.278389
-0.0511092
0.
-0.0442883
0.326177
0.0709714
0.
-0.0516097
0.285723
-0.0497908
0.
-0.0183246
0.32904
0.10449
0.
-0.0357623
0.30959
0.0588626
0.
-0.00248398
0.327669
-0.0889886
0.
-0.0432808
0.278535
0.0522009
0.
-0.0557698
0.323973
-0.0517094
0.
-0.0651251
0.
0.
0.
-0.00372961
0.
0.
0.
-0.0989259
0.
0.
0.
0.229803
0.
0.
0.
0.0121307
0.
0.
0.
-0.157764
0.
0.
0.
0.0196959
0.
0.
0.
0.147588
0.
0.
0.
0.3801
0.
0.
0.
0.354982
0.
0.
0.
0.23686
0.
0.
0.
0.110765
0.
0.
0.
0.110715
0.
0.
0.
0.208411
0.
0.
0.
-0.012118
0.
0.
0.
0.531453
0.
0.
0.
0.453806
0.
0.
0.
0.301991
0.
0.
0.
-0.031428
1.
0.
0.
0.0917371
0.400172
-0.00816721
-0.00160782
0.0741561
0.379533
0.
0.000173787
-0.0102737
0.284041
0.
0.00190366
-0.0967526
0.38284
0.
0.00585562
0.115155
0.389501
0.
-0.000108007
-0.0120616
0.285432
0.
0.00495424
-0.105415
0.37249
0.
-0.00831833
0.155526
0.395464
0.00391074
0.
0.168543
0.384968
0.0202608
0.
-0.00810809
0.273286
0.0241903
0.
-0.102315
0.364034
-0.00327295
0.
0.172861
0.394199
0.00648937
0.
-0.00348233
0.278302
0.0066925
0.
-0.114052
0.236603
-0.000126894
-0.0291304
-0.0903956
0.245224
-0.00998247
0.0114855
-0.137398
0.302831
-0.0350826
-0.0123429
0.0422998
0.443694
-0.0329703
-0.0750802
0.272133
0.388139
0.032332
-0.0743045
0.213378
0.240544
0.0398767
0.0153032
0.104709
0.346094
0.0366325
0.0427918
0.2618
0.219223
0.00310052
-0.0203552
-0.0379088
0.299579
-0.000999081
-0.00703112
0.0569419
0.25126
-0.0048105
0.0157928
-0.099999
0.273888
-0.0236695
0.0108923
0.0717404
0.316163
-0.0293521
0.0723172
0.218977
0.299748
0.00578599
-0.0106863
0.0973356
0.18595
-0.0555016
0.0140075
0.133978
0.329622
-0.00405591
0.0699472
0.259175
