Vec Object: 1 MPI process
  type: seq
0.
0.
0.
-0.117307
0.
0.
0.
0.130248
0.151182
-0.168396
0.
-0.119303
0.165808
-0.177698
0.
-0.100191
0.194399
0.19854
0.
-0.0703524
0.16621
0.171164
0.
-0.123476
0.382748
0.0148884
0.
0.0219673
0.373138
0.0125928
0.
0.0111358
0.38748
-0.0190301
0.
0.010131
0.389676
-0.0248841
0.
0.0307046
0.
0.
0.
-0.0559548
0.
0.
0.
-0.142638
0.292628
-0.0517833
0.
-0.0168568
0.323623
0.0828151
0.
-0.00718124
0.298744
-0.0482258
0.
0.00489589
0.326236
0.115838
0.
0.0124309
0.32341
0.0615224
0.
0.0176406
0.325384
-0.102209
0.
0.00573304
0.293908
0.0467179
0.
-0.0303966
0.322442
-0.060463
0.
-0.014916
0.
0.
0.
-0.0946921
0.
0.
0.
-0.0660895
0.
0.
0.
0.105375
0.
0.
0.
0.040669
0.
0.
0.
-0.119291
0.
0.
0.
-0.0905298
0.
0.
0.
-0.0388576
0.
0.
0.
0.20905
0.
0.
0.
0.172758
0.
0.
0.
0.102312
0.
0.
0.
-0.0565138
0.
0.
0.
0.0611695
0.
0.
0.
0.0560999
0.
0.
0.
-0.0114878
0.
0.
0.
0.353143
0.
0.
0.
0.253304
0.
0.
0.
0.138481
0.
0.
0.
-0.00663616
1.
0.
0.
0.0541189
0.403152
-0.00860502
-0.00136587
0.00687608
0.375447
0.
-0.00129434
-0.00388209
0.279345
0.
0.00048446
-0.0363279
0.352549
0.
0.010516
0.0821291
0.381123
0.
0.00168258
-0.0122527
0.281731
0.
0.00793374
-0.0430569
0.352873
0.
-0.00822973
0.110003
0.36289
0.00968457
0.
0.119509
0.378949
0.0209279
0.
-0.00170763
0.267427
0.0252889
0.
-0.0419867
0.335937
-0.00367987
0.
0.111697
0.384755
0.00963928
0.
-0.00425398
0.273721
0.010326
0.
-0.0496303
0.24174
0.00885117
-0.0424896
-0.0367487
0.247655
-0.0173361
0.0183832
-0.0663295
0.334662
-0.0338388
-0.0287184
0.0378447
0.430025
-0.0766593
-0.106548
0.200763
0.369873
0.0733696
-0.106287
0.153474
0.294693
0.0281382
0.0239835
0.0771326
0.349486
0.0746755
0.0610664
0.18282
0.241771
-0.00552071
-0.0250522
-0.0119526
0.351256
0.000220586
-0.0204643
0.0411293
0.256635
0.00835831
0.0238871
-0.0395267
0.314297
-0.0160266
0.0190035
0.0512512
0.31049
-0.0652285
0.101316
0.159459
0.342894
0.000346226
-0.0131348
0.0705018
0.258434
-0.0554537
0.0317042
0.0207009
0.332484
0.0129275
0.102896
0.17438
