Vec Object: 1 MPI process
  type: seq
0.
0.
0.
-0.114353
0.
0.
0.
0.0425527
0.161315
-0.167258
0.
-0.0810202
0.171612
-0.177835
0.
-0.0735226
0.190118
0.20333
0.
-0.060624
0.175544
0.166694
0.
-0.0795682
0.387161
0.0100974
0.
0.00507203
0.375111
0.00956935
0.
0.00555252
0.389656
-0.0198879
0.
0.00673463
0.395387
-0.0191979
0.
0.0117768
0.
0.
0.
-0.036299
0.
0.
0.
-0.0897587
0.308581
-0.0559595
0.
-0.0174484
0.320665
0.0878472
0.
0.00347951
0.313625
-0.0510412
0.
-0.00768055
0.323629
0.115534
0.
0.0208441
0.33953
0.0699668
0.
0.00332272
0.323349
-0.104562
0.
0.0159162
0.309647
0.0420744
0.
-0.0219411
0.320617
-0.0629506
0.
-0.00203754
0.
0.
0.
-0.135422
0.
0.
0.
-0.0196819
0.
0.
0.
0.00980931
0.
0.
0.
0.0988437
0.
0.
0.
-0.0740134
0.
0.
0.
-0.152326
0.
0.
0.
-0.183948
0.
0.
0.
0.0601524
0.
0.
0.
0.0117394
0.
0.
0.
-0.00590617
0.
0.
0.
-0.158717
0.
0.
0.
0.0296194
0.
0.
0.
-0.0641004
0.
0.
0.
-0.00683289
0.
0.
0.
0.181688
0.
0.
0.
0.0692649
0.
0.
0.
0.0169523
0.
0.
0.
0.00449453
1.
0.
0.
0.046739
0.399308
-0.00842462
-0.000677303
-0.00370789
0.377662
0.
-0.00308239
-0.00310098
0.272395
0.
-0.00178208
-0.0166878
0.313646
0.
0.0170738
0.0546264
0.378756
0.
0.00407131
-0.0101354
0.274847
0.
0.0123432
-0.0180498
0.323127
0.
-0.00670081
0.0687957
0.318075
0.0172356
0.
0.0701191
0.379936
0.0193214
0.
-0.000811412
0.25937
0.0226324
0.
-0.021192
0.295997
2.41557e-05
0.
0.0636005
0.383208
0.0137464
0.
-0.00269205
0.267031
0.0154798
0.
-0.0225277
0.246462
0.0192445
-0.0532946
-0.0131749
0.2485
-0.0241908
0.0233515
-0.0289519
0.361297
-0.0266817
-0.0585765
0.0129874
0.424517
-0.127582
-0.141177
0.13759
0.356451
0.120918
-0.144229
0.0954781
0.335384
-0.00971326
0.0278563
0.0385036
0.356589
0.11238
0.0893313
0.110924
0.268835
-0.0141945
-0.0288066
-0.00855697
0.395117
0.00160363
-0.0416563
0.0151204
0.258014
0.0203591
0.0307558
-0.00887934
0.360007
0.000638254
0.0380467
0.0172576
0.312399
-0.105308
0.13131
0.10463
0.389876
-0.00685593
-0.0088248
0.0301796
0.311325
-0.0148946
0.0616285
-0.0645528
0.340111
0.0329788
0.135608
0.100101
