Vec Object: 1 MPI process
  type: seq
0.
0.
0.
-0.098855
0.
0.
0.
0.197661
0.146568
-0.168062
0.
-0.131098
0.16252
-0.177346
0.
-0.109022
0.199198
0.194073
0.
-0.0610818
0.162008
0.172729
0.
-0.138332
0.377396
0.0204268
0.
0.0490424
0.369571
0.0169816
0.
0.0311079
0.383328
-0.0216208
0.
0.0325452
0.383878
-0.0305447
0.
0.057526
0.
0.
0.
-0.0668323
0.
0.
0.
-0.173528
0.284077
-0.0498045
0.
-0.0233874
0.325084
0.0768912
0.
-0.0272511
0.290928
-0.0473084
0.
0.00208002
0.327775
0.110844
0.
-0.00898729
0.315067
0.058227
0.
0.0153452
0.326628
-0.0960263
0.
-0.0163925
0.284814
0.0488828
0.
-0.0382665
0.32341
-0.0562103
0.
-0.0380492
0.
0.
0.
-0.0418195
0.
0.
0.
-0.0834826
0.
0.
0.
0.180262
0.
0.
0.
0.0234517
0.
0.
0.
-0.139569
0.
0.
0.
-0.0260994
0.
0.
0.
0.0712578
0.
0.
0.
0.31136
0.
0.
0.
0.282297
0.
0.
0.
0.183531
0.
0.
0.
0.0406231
0.
0.
0.
0.0927913
0.
0.
0.
0.147576
0.
0.
0.
-0.0083467
0.
0.
0.
0.459225
0.
0.
0.
0.373206
0.
0.
0.
0.234578
0.
0.
0.
-0.0155971
1.
0.
0.
0.0664885
0.402491
-0.00849002
-0.00159814
0.0348366
0.376878
0.
-0.000398606
-0.00738612
0.282294
0.
0.0014185
-0.0629799
0.372189
0.
0.00755756
0.100887
0.384886
0.
0.000502258
-0.0135103
0.284167
0.
0.00599383
-0.0713058
0.366217
0.
-0.00846041
0.135843
0.3842
0.00600814
0.
0.148275
0.381371
0.0208448
0.
-0.00529312
0.271077
0.0250965
0.
-0.0690011
0.354536
-0.00387627
0.
0.145907
0.388825
0.00757475
0.
-0.0052135
0.276633
0.00786851
0.
-0.079253
0.238831
0.00309913
-0.0345546
-0.0596742
0.246428
-0.0128266
0.0142965
-0.0997654
0.316189
-0.035819
-0.0177133
0.0477211
0.437984
-0.0498702
-0.0875083
0.240486
0.38103
0.0482087
-0.0866853
0.188455
0.263177
0.0378476
0.0190707
0.0984755
0.347668
0.0517378
0.0492347
0.229311
0.22803
0.000314788
-0.0223557
-0.0196535
0.320982
-0.000619857
-0.0115407
0.0553813
0.253787
-0.000230661
0.0190763
-0.0659807
0.289867
-0.0216329
0.0132229
0.0697916
0.313807
-0.0434517
0.0838381
0.195108
0.316816
0.00384427
-0.0123479
0.0917411
0.216338
-0.0588509
0.0198487
0.0896771
0.330945
0.00244544
0.0830433
0.224254
