Vec Object: 1 MPI process
  type: seq
0.
0.
0.
-0.077716
0.
0.
0.
0.0193002
0.169896
-0.168031
0.
-0.04824
0.175947
-0.180054
0.
-0.0513775
0.189857
0.207576
0.
-0.0429856
0.18304
0.163656
0.
-0.0388979
0.389838
0.00840576
0.
-0.000762745
0.376774
0.00719473
0.
0.00974557
0.39271
-0.0220064
0.
0.00931045
0.399396
-0.016109
0.
0.00304862
0.
0.
0.
-0.0179381
0.
0.
0.
-0.0550758
0.325619
-0.0580608
0.
-0.011524
0.316288
0.0901272
0.
0.00290753
0.330814
-0.0501865
0.
-0.0152075
0.321083
0.109141
0.
0.0152804
0.357826
0.0758488
0.
-0.00512204
0.321613
-0.101479
0.
0.0120058
0.32434
0.0356813
0.
-0.00960913
0.320529
-0.0618343
0.
-0.00336041
0.
0.
0.
-0.103995
0.
0.
0.
0.0265858
0.
0.
0.
-0.012448
0.
0.
0.
0.153902
0.
0.
0.
-0.0392074
0.
0.
0.
-0.136084
0.
0.
0.
-0.232791
0.
0.
0.
-0.0140267
0.
0.
0.
-0.067764
0.
0.
0.
-0.038143
0.
0.
0.
-0.141032
0.
0.
0.
0.0385182
0.
0.
0.
-0.0947093
0.
0.
0.
0.0141975
0.
0.
0.
0.0590285
0.
0.
0.
-0.0394558
0.
0.
0.
-0.0117109
0.
0.
0.
0.0108381
1.
0.
0.
0.0322808
0.390014
-0.00779229
0.00027997
-0.000886514
0.38302
0.
-0.00476418
-0.0057577
0.265013
0.
-0.00464866
-0.00665173
0.271405
0.
0.0248746
0.0337211
0.375949
0.
0.00578379
-0.00961942
0.265017
0.
0.017396
-0.0012526
0.28733
0.
-0.00365963
0.0335808
0.265718
0.0248716
0.
0.0311144
0.384353
0.0170835
0.
-0.00338591
0.25192
0.0161113
0.
-0.010507
0.2473
0.00878172
0.
0.0314846
0.382104
0.0168
0.
-0.00366914
0.260269
0.0185778
0.
-0.00623489
0.252687
0.0271131
-0.0535014
4.59025e-05
0.248862
-0.0233243
0.0211559
-0.00323765
0.372079
-0.0206539
-0.0976659
-0.00408562
0.436546
-0.173908
-0.175854
0.085571
0.364914
0.164641
-0.183075
0.0518974
0.330886
-0.0604564
0.0222032
0.012893
0.371408
0.136588
0.123075
0.0607566
0.29978
-0.0159195
-0.0312887
-0.00771441
0.412309
0.00215885
-0.0593129
-0.00129487
0.253232
0.0176359
0.033408
0.0159318
0.408005
0.0241567
0.0692354
-0.00128086
0.333417
-0.141623
0.156371
0.0671989
0.427828
-0.0113334
0.000271878
0.00620138
0.309443
0.0617096
0.0897513
-0.0797015
0.361321
0.0496086
0.15602
0.0532229
