Vec Object: 1 MPI process
  type: seq
0.
0.
0.
-0.104426
0.
0.
0.
0.179254
0.147536
-0.168379
0.
-0.129823
0.16323
-0.177609
0.
-0.108214
0.197601
0.19555
0.
-0.0657464
0.162882
0.172522
0.
-0.136197
0.379195
0.0185917
0.
0.0393922
0.370828
0.0154708
0.
0.023571
0.384863
-0.0205107
0.
0.0236532
0.385767
-0.0287061
0.
0.0480617
0.
0.
0.
-0.0631215
0.
0.
0.
-0.164498
0.286359
-0.050056
0.
-0.0197118
0.324683
0.0787883
0.
-0.0202833
0.293013
-0.0472208
0.
0.00502837
0.327334
0.112665
0.
-0.00141798
0.317279
0.0587685
0.
0.0179937
0.326269
-0.0981471
0.
-0.00867615
0.287282
0.0481328
0.
-0.0348238
0.323164
-0.0576163
0.
-0.0301347
0.
0.
0.
-0.0571239
0.
0.
0.
-0.0787414
0.
0.
0.
0.159681
0.
0.
0.
0.0275183
0.
0.
0.
-0.133872
0.
0.
0.
-0.0444769
0.
0.
0.
0.0407026
0.
0.
0.
0.283422
0.
0.
0.
0.252511
0.
0.
0.
0.161332
0.
0.
0.
0.0129929
0.
0.
0.
0.0842637
0.
0.
0.
0.122474
0.
0.
0.
-0.00875739
0.
0.
0.
0.430415
0.
0.
0.
0.340609
0.
0.
0.
0.207769
0.
0.
0.
-0.0121249
1.
0.
0.
0.0612037
0.402947
-0.00855389
-0.0015565
0.0244498
0.376233
0.
-0.000632738
-0.00630209
0.28156
0.
0.00119178
-0.0536841
0.367231
0.
0.0083011
0.0955968
0.383571
0.
0.000792873
-0.0134244
0.283596
0.
0.00647004
-0.0616967
0.362997
0.
-0.00845055
0.128603
0.378888
0.00694277
0.
0.14048
0.380421
0.0209551
0.
-0.00419796
0.270153
0.0252796
0.
-0.0596814
0.349948
-0.00395072
0.
0.136108
0.387346
0.00808708
0.
-0.00522021
0.275913
0.008461
0.
-0.0693082
0.239661
0.00457064
-0.0367329
-0.0516822
0.246829
-0.0140239
0.0154253
-0.0888366
0.321328
-0.0355681
-0.0202949
0.0464276
0.435684
-0.0568901
-0.0925766
0.229226
0.377995
0.05481
-0.0918234
0.178901
0.271969
0.036041
0.0205007
0.0935969
0.348135
0.0578941
0.0521422
0.216542
0.231646
-0.00115219
-0.0231172
-0.0160917
0.329345
-0.000413171
-0.0136795
0.0523788
0.254677
0.00198645
0.0203923
-0.0569334
0.296351
-0.0204103
0.0144807
0.0659186
0.312797
-0.049216
0.0885212
0.185414
0.323748
0.00297218
-0.0127722
0.0870154
0.22813
-0.0590532
0.0226546
0.0708044
0.331323
0.00517222
0.0883739
0.2105
