Vec Object: 1 MPI process
  type: seq
0.
0.
0.
-0.121952
0.
0.
0.
0.0683937
0.157617
-0.167607
0.
-0.0955049
0.169734
-0.177582
0.
-0.0831021
0.191326
0.201691
0.
-0.0659135
0.172104
0.168351
0.
-0.096499
0.385904
0.0114501
0.
0.00916657
0.374716
0.010328
0.
0.00529691
0.389096
-0.0192036
0.
0.00575161
0.393603
-0.02097
0.
0.0169
0.
0.
0.
-0.044841
0.
0.
0.
-0.109774
0.302456
-0.0547371
0.
-0.0180525
0.321885
0.0865322
0.
0.00179268
0.307824
-0.0503236
0.
-0.00305374
0.324628
0.116692
0.
0.020536
0.333234
0.0669071
0.
0.00880739
0.324113
-0.104634
0.
0.0149047
0.303804
0.0442243
0.
-0.0260938
0.321264
-0.0626004
0.
-0.00408838
0.
0.
0.
-0.130106
0.
0.
0.
-0.0399582
0.
0.
0.
0.0376341
0.
0.
0.
0.0728365
0.
0.
0.
-0.0927537
0.
0.
0.
-0.13921
0.
0.
0.
-0.139761
0.
0.
0.
0.108805
0.
0.
0.
0.0644914
0.
0.
0.
0.0267223
0.
0.
0.
-0.134105
0.
0.
0.
0.0359434
0.
0.
0.
-0.0282581
0.
0.
0.
-0.0114639
0.
0.
0.
0.24219
0.
0.
0.
0.131721
0.
0.
0.
0.0526014
0.
0.
0.
-0.000225431
1.
0.
0.
0.0499502
0.401358
-0.00851489
-0.000954455
-0.00269601
0.376298
0.
-0.0023866
-0.00259075
0.275228
0.
-0.000843382
-0.0221059
0.328575
0.
0.0144239
0.0641308
0.379348
0.
0.00318175
-0.0105077
0.277826
0.
0.010573
-0.025814
0.335
0.
-0.0074161
0.083756
0.335733
0.0142778
0.
0.0881397
0.37899
0.0201177
0.
-0.000328842
0.262585
0.0240481
0.
-0.027045
0.311823
-0.00190287
0.
0.0799288
0.383355
0.012219
0.
-0.00280071
0.269706
0.0135518
0.
-0.0308606
0.244622
0.0154996
-0.0500453
-0.0212899
0.248291
-0.0220302
0.0220503
-0.041671
0.352572
-0.0295791
-0.0458044
0.0215109
0.424814
-0.108224
-0.128111
0.160535
0.359862
0.102869
-0.129569
0.116327
0.323596
0.00748987
0.0274068
0.0515999
0.353059
0.0991632
0.0776362
0.13589
0.258186
-0.0115981
-0.0275656
-0.0100086
0.38084
0.00115908
-0.0331876
0.0236316
0.258094
0.0169414
0.0285808
-0.0201561
0.342519
-0.0065959
0.0294419
0.0282241
0.309981
-0.09024
0.1204
0.123457
0.372456
-0.00414229
-0.011294
0.0438843
0.296256
-0.0358577
0.0493234
-0.040659
0.336104
0.0254085
0.124113
0.125265
