Vec Object: 1 MPI process
  type: seq
0.
0.
0.
-0.0799613
0.
0.
0.
0.0190884
0.169297
-0.16785
0.
-0.050325
0.175564
-0.1798
0.
-0.0530101
0.189674
0.207253
0.
-0.0444055
0.182604
0.163748
0.
-0.0414534
0.389645
0.00841994
0.
-0.000484565
0.376518
0.00748177
0.
0.00953521
0.39233
-0.0218455
0.
0.00933707
0.399109
-0.016245
0.
0.00352882
0.
0.
0.
-0.0185787
0.
0.
0.
-0.0560632
0.324288
-0.0578882
0.
-0.0119517
0.3167
0.0899512
0.
0.00301265
0.329408
-0.0504076
0.
-0.0149559
0.321242
0.10973
0.
0.0157829
0.356367
0.0755521
0.
-0.00488103
0.321708
-0.101798
0.
0.0124185
0.323281
0.0361195
0.
-0.0103294
0.320378
-0.0619947
0.
-0.00314589
0.
0.
0.
-0.10742
0.
0.
0.
0.024579
0.
0.
0.
-0.0129992
0.
0.
0.
0.152431
0.
0.
0.
-0.0399785
0.
0.
0.
-0.138835
0.
0.
0.
-0.232313
0.
0.
0.
-0.0113238
0.
0.
0.
-0.065028
0.
0.
0.
-0.0382115
0.
0.
0.
-0.145581
0.
0.
0.
0.0372885
0.
0.
0.
-0.0954113
0.
0.
0.
0.0126606
0.
0.
0.
0.0657956
0.
0.
0.
-0.0346065
0.
0.
0.
-0.0124044
0.
0.
0.
0.0110717
1.
0.
0.
0.0336002
0.390946
-0.00788345
0.000182292
-0.00115373
0.382575
0.
-0.00466048
-0.00561331
0.265498
0.
-0.00441435
-0.00724727
0.274771
0.
0.0242767
0.0350916
0.376329
0.
0.00570994
-0.00974999
0.265842
0.
0.0170017
-0.0022872
0.290244
0.
-0.00399199
0.0358297
0.26995
0.0243789
0.
0.0333748
0.383964
0.0172248
0.
-0.00324838
0.252302
0.0167933
0.
-0.0110823
0.251425
0.00791235
0.
0.0332665
0.382325
0.0166545
0.
-0.00363859
0.260722
0.0185344
0.
-0.00715903
0.252197
0.0266131
-0.0539901
-0.000356513
0.248909
-0.0239089
0.0216569
-0.00455931
0.372054
-0.0209332
-0.0947434
-0.00307113
0.434985
-0.171033
-0.173265
0.0888152
0.363083
0.161852
-0.180331
0.0543429
0.333392
-0.0573005
0.0228793
0.0143155
0.370051
0.135457
0.120714
0.0635438
0.297408
-0.0159821
-0.0311117
-0.0075018
0.412215
0.00214634
-0.0585968
-0.000309024
0.253916
0.018609
0.0333251
0.0146427
0.40432
0.0223066
0.0665539
-0.000338685
0.330944
-0.139272
0.154755
0.0693323
0.425716
-0.0112603
-0.000370556
0.00736898
0.311751
0.0561894
0.0884982
-0.0804652
0.359019
0.048747
0.155201
0.0556492
