Vec Object: 1 MPI process
  type: seq
0.
0.
0.
-0.0772589
0.
0.
0.
0.0193769
0.170027
-0.168075
0.
-0.0477923
0.176034
-0.180112
0.
-0.0510173
0.189903
0.207648
0.
-0.0426733
0.183132
0.163641
0.
-0.0383541
0.38988
0.00840583
0.
-0.000820718
0.376834
0.00712782
0.
0.00978533
0.392797
-0.0220421
0.
0.00929786
0.399459
-0.0160816
0.
0.00294651
0.
0.
0.
-0.0178195
0.
0.
0.
-0.0548985
0.325913
-0.0581002
0.
-0.0114343
0.316195
0.0901671
0.
0.00288555
0.331125
-0.0501341
0.
-0.0152543
0.32105
0.10901
0.
0.0151706
0.358149
0.0759105
0.
-0.00516568
0.321593
-0.101407
0.
0.0119148
0.324572
0.0355869
0.
-0.00945934
0.320567
-0.0617975
0.
-0.00340747
0.
0.
0.
-0.103248
0.
0.
0.
0.0269802
0.
0.
0.
-0.0122935
0.
0.
0.
0.154134
0.
0.
0.
-0.0390915
0.
0.
0.
-0.135473
0.
0.
0.
-0.232837
0.
0.
0.
-0.0145622
0.
0.
0.
-0.0682979
0.
0.
0.
-0.0380864
0.
0.
0.
-0.139995
0.
0.
0.
0.0387827
0.
0.
0.
-0.0945048
0.
0.
0.
0.0145264
0.
0.
0.
0.057604
0.
0.
0.
-0.0404454
0.
0.
0.
-0.0115177
0.
0.
0.
0.0107685
1.
0.
0.
0.0319882
0.389803
-0.0077708
0.000302334
-0.0008292
0.383118
0.
-0.00478626
-0.00578645
0.264909
0.
-0.00470079
-0.00652479
0.27066
0.
0.0250054
0.0334242
0.375859
0.
0.00579846
-0.00958681
0.264835
0.
0.0174831
-0.00103329
0.286685
0.
-0.00358293
0.0330999
0.264782
0.0249763
0.
0.0306362
0.384439
0.0170534
0.
-0.00341312
0.251843
0.0159556
0.
-0.0103869
0.246381
0.00897797
0.
0.0311076
0.382051
0.0168297
0.
-0.00367306
0.260171
0.0185817
0.
-0.00604001
0.252792
0.0272228
-0.0533838
0.000121714
0.248848
-0.0231815
0.0210386
-0.00296422
0.372065
-0.0205971
-0.0983008
-0.00430102
0.436902
-0.174518
-0.176422
0.0848767
0.365346
0.165236
-0.18367
0.0513817
0.33029
-0.061113
0.0220534
0.0125949
0.37171
0.13682
0.12358
0.0601683
0.300299
-0.0159054
-0.0313285
-0.00776503
0.412305
0.002161
-0.0594509
-0.00150518
0.253072
0.0174037
0.0334259
0.0161978
0.408815
0.0245605
0.0698285
-0.00147772
0.333981
-0.142127
0.156719
0.0667452
0.42827
-0.0113415
0.000407933
0.00595817
0.308899
0.0628799
0.0899953
-0.0795085
0.361846
0.0497837
0.156182
0.0527138
