Vec Object: 1 MPI process
  type: seq
0.
0.
0.
-0.112359
0.
0.
0.
0.151116
0.149467
-0.1685
0.
-0.124826
0.164622
-0.17773
0.
-0.104408
0.195625
0.197385
0.
-0.0695023
0.164644
0.171856
0.
-0.12992
0.381406
0.0163035
0.
0.0282428
0.372305
0.0136564
0.
0.0153403
0.386573
-0.0194445
0.
0.0144411
0.388161
-0.0263708
0.
0.0370292
0.
0.
0.
-0.0587884
0.
0.
0.
-0.151881
0.289888
-0.0509171
0.
-0.0172109
0.324084
0.0812513
0.
-0.0119589
0.296237
-0.0476473
0.
0.00599805
0.326702
0.114757
0.
0.00747722
0.320719
0.0601585
0.
0.0188098
0.325757
-0.100727
0.
0.000514153
0.291041
0.0472821
0.
-0.0317587
0.322765
-0.059389
0.
-0.0205287
0.
0.
0.
-0.079362
0.
0.
0.
-0.0717797
0.
0.
0.
0.128428
0.
0.
0.
0.0343724
0.
0.
0.
-0.125683
0.
0.
0.
-0.0714821
0.
0.
0.
-0.00515152
0.
0.
0.
0.240892
0.
0.
0.
0.206976
0.
0.
0.
0.127469
0.
0.
0.
-0.0276075
0.
0.
0.
0.070934
0.
0.
0.
0.0843386
0.
0.
0.
-0.0102559
0.
0.
0.
0.386467
0.
0.
0.
0.290846
0.
0.
0.
0.16773
0.
0.
0.
-0.00857573
1.
0.
0.
0.0562677
0.403227
-0.00860039
-0.0014604
0.0129254
0.375631
0.
-0.00100164
-0.00480798
0.280353
0.
0.000808162
-0.042711
0.359099
0.
0.00951813
0.0878198
0.382014
0.
0.00128061
-0.0128555
0.282604
0.
0.00726798
-0.0500718
0.35748
0.
-0.00835976
0.117921
0.370078
0.00846077
0.
0.128601
0.37941
0.0209959
0.
-0.00266706
0.268655
0.0253702
0.
-0.0485486
0.34226
-0.00388269
0.
0.12193
0.385659
0.00894076
0.
-0.00477401
0.274719
0.0094765
0.
-0.0571125
0.240866
0.0069558
-0.0400313
-0.0423559
0.247343
-0.0158953
0.0171272
-0.0751068
0.328988
-0.0347454
-0.0247948
0.042181
0.432336
-0.0679489
-0.100446
0.21284
0.373336
0.0651998
-0.0999133
0.164441
0.285066
0.0321187
0.0225568
0.0846308
0.348851
0.0673949
0.0569999
0.197261
0.237314
-0.00359435
-0.0242367
-0.0130752
0.341903
-6.22367e-05
-0.017343
0.0463402
0.255873
0.00557661
0.0223902
-0.0461648
0.306436
-0.018116
0.0168285
0.0580708
0.311372
-0.0582101
0.0957542
0.170605
0.33452
0.00153064
-0.0131248
0.0781077
0.245636
-0.0578231
0.027513
0.041968
0.331919
0.00949819
0.0965963
0.189796
