Vec Object: 1 MPI process
  type: seq
0.
0.
0.
-0.11975
0.
0.
0.
0.0567862
0.159145
-0.167438
0.
-0.0895498
0.17054
-0.177647
0.
-0.079103
0.190781
0.202364
0.
-0.0639117
0.17352
0.167666
0.
-0.0896282
0.386448
0.0108526
0.
0.00730473
0.374902
0.00999041
0.
0.0051774
0.389324
-0.019455
0.
0.00600307
0.394359
-0.0202121
0.
0.0146454
0.
0.
0.
-0.0415086
0.
0.
0.
-0.101571
0.304916
-0.0552884
0.
-0.0179946
0.321411
0.087126
0.
0.00271165
0.310137
-0.0506778
0.
-0.00502172
0.324227
0.116345
0.
0.0209579
0.335745
0.0681846
0.
0.00649087
0.323803
-0.104714
0.
0.0156078
0.306183
0.0434069
0.
-0.0245637
0.320988
-0.0628115
0.
-0.00296062
0.
0.
0.
-0.133736
0.
0.
0.
-0.0320299
0.
0.
0.
0.025069
0.
0.
0.
0.0829655
0.
0.
0.
-0.0852745
0.
0.
0.
-0.14605
0.
0.
0.
-0.159316
0.
0.
0.
0.0878853
0.
0.
0.
0.0418175
0.
0.
0.
0.0121964
0.
0.
0.
-0.14625
0.
0.
0.
0.032544
0.
0.
0.
-0.0443054
0.
0.
0.
-0.00999613
0.
0.
0.
0.216993
0.
0.
0.
0.105274
0.
0.
0.
0.0365437
0.
0.
0.
0.00164025
1.
0.
0.
0.048801
0.400613
-0.0084811
-0.000844107
-0.00337756
0.376787
0.
-0.00266655
-0.00270676
0.274103
0.
-0.00121178
-0.0197383
0.322573
0.
0.0154711
0.0601681
0.379093
0.
0.00354832
-0.0102985
0.276674
0.
0.0112766
-0.0225375
0.330293
0.
-0.00714542
0.0776281
0.328704
0.0154611
0.
0.0807208
0.379305
0.0198148
0.
-0.000432551
0.261298
0.0235339
0.
-0.0245003
0.30554
-0.00120426
0.
0.0730666
0.383265
0.0128476
0.
-0.00268487
0.268635
0.0143479
0.
-0.0273077
0.245342
0.0170538
-0.0515134
-0.0179038
0.24838
-0.0229952
0.0226826
-0.0363839
0.356334
-0.0284103
-0.0507636
0.0178992
0.424403
-0.116068
-0.133397
0.151111
0.358179
0.110182
-0.135456
0.1077
0.329019
0.000913855
0.0277585
0.0460573
0.354351
0.104704
0.0822251
0.125452
0.26242
-0.0127707
-0.0280934
-0.00944739
0.38702
0.00135355
-0.036592
0.0199855
0.258152
0.0185332
0.0295343
-0.0155881
0.349558
-0.00380525
0.032707
0.0234769
0.310669
-0.0963651
0.124887
0.115552
0.37959
-0.00525941
-0.0104083
0.0380508
0.303215
-0.0282002
0.0542055
-0.051621
0.337529
0.0284921
0.128927
0.114638
