Vec Object: 1 MPI process
  type: seq
0.
0.
0.
-0.0916397
0.
0.
0.
0.0212025
0.166709
-0.167344
0.
-0.0599025
0.174136
-0.178901
0.
-0.0598403
0.189318
0.205901
0.
-0.0503104
0.180496
0.164457
0.
-0.0534621
0.388823
0.00871293
0.
0.000947163
0.37576
0.00842307
0.
0.00823546
0.391042
-0.0211758
0.
0.00893507
0.39788
-0.0170133
0.
0.00584477
0.
0.
0.
-0.0229913
0.
0.
0.
-0.0635309
0.31878
-0.0572453
0.
-0.0139983
0.318262
0.0892716
0.
0.00347581
0.323698
-0.0510404
0.
-0.0132423
0.322005
0.112049
0.
0.0179014
0.35036
0.0740154
0.
-0.00310311
0.322193
-0.103023
0.
0.0140775
0.318738
0.038103
0.
-0.0139565
0.320097
-0.0625464
0.
-0.00230034
0.
0.
0.
-0.121332
0.
0.
0.
0.0126124
0.
0.
0.
-0.0119382
0.
0.
0.
0.139678
0.
0.
0.
-0.0473697
0.
0.
0.
-0.148919
0.
0.
0.
-0.225028
0.
0.
0.
0.00514201
0.
0.
0.
-0.0477034
0.
0.
0.
-0.0345187
0.
0.
0.
-0.160411
0.
0.
0.
0.0322788
0.
0.
0.
-0.0935497
0.
0.
0.
0.00567623
0.
0.
0.
0.0992314
0.
0.
0.
-0.00790608
0.
0.
0.
-0.0110628
0.
0.
0.
0.0105492
1.
0.
0.
0.038849
0.394424
-0.00816538
-0.000167803
-0.00232726
0.380732
0.
-0.00416986
-0.00481077
0.267729
0.
-0.00346502
-0.0100515
0.2886
0.
0.0217367
0.0412257
0.377535
0.
0.00528091
-0.0100378
0.269183
0.
0.0153657
-0.00718247
0.302151
0.
-0.00514964
0.0462497
0.287299
0.0220718
0.
0.0443213
0.382396
0.0178934
0.
-0.00247452
0.254362
0.0192583
0.
-0.0139717
0.267887
0.00464826
0.
0.0419736
0.382927
0.0158611
0.
-0.00333759
0.262763
0.0179333
0.
-0.0116622
0.250065
0.0243948
-0.0551384
-0.00316982
0.248858
-0.0252812
0.023156
-0.0114321
0.370416
-0.022481
-0.0820623
0.00174331
0.429529
-0.157431
-0.162264
0.103911
0.357744
0.148882
-0.168225
0.066354
0.339989
-0.0417605
0.025449
0.0213471
0.364705
0.129366
0.110041
0.0772287
0.287333
-0.0160423
-0.0303918
-0.00707751
0.409642
0.0020446
-0.054153
0.00430372
0.256109
0.0212244
0.0328483
0.00790524
0.388882
0.0144606
0.0557024
0.00442972
0.32222
-0.128457
0.147368
0.0795854
0.415165
-0.0103636
-0.0033464
0.013427
0.317921
0.0308366
0.0810333
-0.0809799
0.350732
0.0441682
0.150289
0.0679069
