Vec Object: 1 MPI process
  type: seq
0.
0.
0.
-0.100879
0.
0.
0.
0.191014
0.146886
-0.168203
0.
-0.130856
0.162753
-0.177464
0.
-0.108922
0.198586
0.194639
0.
-0.0630113
0.162293
0.17268
0.
-0.137778
0.378085
0.0197261
0.
0.0452943
0.370057
0.0164002
0.
0.0281493
0.383928
-0.0211751
0.
0.029019
0.384597
-0.0298451
0.
0.053855
0.
0.
0.
-0.065376
0.
0.
0.
-0.170153
0.284902
-0.0498584
0.
-0.02182
0.324937
0.0776071
0.
-0.0245699
0.291683
-0.047233
0.
0.00341216
0.327612
0.111548
0.
-0.00606601
0.315866
0.0583823
0.
0.0165395
0.326495
-0.0968372
0.
-0.013423
0.28571
0.0485854
0.
-0.0368463
0.323322
-0.0567439
0.
-0.0350153
0.
0.
0.
-0.0474058
0.
0.
0.
-0.0817156
0.
0.
0.
0.172815
0.
0.
0.
0.0249157
0.
0.
0.
-0.137444
0.
0.
0.
-0.0327974
0.
0.
0.
0.0601529
0.
0.
0.
0.301239
0.
0.
0.
0.27152
0.
0.
0.
0.175505
0.
0.
0.
0.0305391
0.
0.
0.
0.0897472
0.
0.
0.
0.13849
0.
0.
0.
-0.00841323
0.
0.
0.
0.448777
0.
0.
0.
0.361398
0.
0.
0.
0.224823
0.
0.
0.
-0.0141999
1.
0.
0.
0.0643374
0.402684
-0.00851673
-0.00158522
0.0307718
0.376619
0.
-0.00048296
-0.00698721
0.282032
0.
0.00133847
-0.0593841
0.37043
0.
0.00782257
0.0989494
0.384379
0.
0.000604811
-0.0135143
0.283966
0.
0.00616236
-0.0676071
0.365089
0.
-0.00846135
0.13319
0.38232
0.00634131
0.
0.145443
0.380998
0.0208926
0.
-0.00489191
0.270746
0.0251744
0.
-0.0654063
0.352917
-0.0039141
0.
0.142302
0.38825
0.00775587
0.
-0.0052523
0.276377
0.00807614
0.
-0.0754365
0.239136
0.00362297
-0.0353451
-0.056561
0.246579
-0.0132575
0.0147063
-0.0955889
0.318064
-0.0357581
-0.0186181
0.0474249
0.437145
-0.0523966
-0.0893388
0.23634
0.379936
0.0505847
-0.0885348
0.184978
0.266383
0.0372601
0.0195956
0.0968245
0.347841
0.0539632
0.0502654
0.224669
0.229334
-0.000200551
-0.0226344
-0.018177
0.324027
-0.000547628
-0.0122931
0.0544077
0.254119
0.000555685
0.0195537
-0.0624717
0.292209
-0.0212155
0.0136552
0.0685384
0.313439
-0.0455316
0.0855312
0.191599
0.31932
0.00353457
-0.0125186
0.0901549
0.22064
-0.0590087
0.0208332
0.0828666
0.331085
0.00342498
0.0849706
0.219253
