Vec Object: 1 MPI process
  type: seq
0.
0.
0.
-0.121488
0.
0.
0.
0.0651404
0.158029
-0.167559
0.
-0.0939034
0.169956
-0.177595
0.
-0.082017
0.191173
0.201873
0.
-0.0654
0.172485
0.168167
0.
-0.0946617
0.386055
0.0112831
0.
0.00863639
0.37477
0.0102323
0.
0.00522976
0.389159
-0.0192663
0.
0.00579138
0.39381
-0.0207615
0.
0.0162688
0.
0.
0.
-0.0439721
0.
0.
0.
-0.107577
0.303111
-0.0548925
0.
-0.0180617
0.321761
0.0867004
0.
0.00207498
0.308438
-0.0504266
0.
-0.00359108
0.324522
0.116617
0.
0.0206945
0.333901
0.0672531
0.
0.00817873
0.32403
-0.104672
0.
0.0151378
0.304442
0.0440137
0.
-0.0257071
0.321189
-0.0626669
0.
-0.0037415
0.
0.
0.
-0.131277
0.
0.
0.
-0.0378868
0.
0.
0.
0.0341048
0.
0.
0.
0.0754752
0.
0.
0.
-0.09078
0.
0.
0.
-0.141244
0.
0.
0.
-0.145207
0.
0.
0.
0.103055
0.
0.
0.
0.0582609
0.
0.
0.
0.0226679
0.
0.
0.
-0.137637
0.
0.
0.
0.0349211
0.
0.
0.
-0.0327469
0.
0.
0.
-0.0111292
0.
0.
0.
0.235365
0.
0.
0.
0.124503
0.
0.
0.
0.0480975
0.
0.
0.
0.000262517
1.
0.
0.
0.0496609
0.40117
-0.00850616
-0.000925184
-0.00292143
0.376419
0.
-0.00246111
-0.00260777
0.27493
0.
-0.000940287
-0.021445
0.326975
0.
0.0147005
0.0630553
0.379276
0.
0.00328034
-0.0104429
0.277526
0.
0.0107592
-0.024916
0.333754
0.
-0.00734623
0.0821075
0.333868
0.0145921
0.
0.0861419
0.379064
0.0200398
0.
-0.000342328
0.262243
0.0239185
0.
-0.0263367
0.310158
-0.00172664
0.
0.0780602
0.383325
0.0123881
0.
-0.00275945
0.269422
0.0137659
0.
-0.0298831
0.244812
0.0159196
-0.0504561
-0.0203734
0.248316
-0.0222984
0.0222321
-0.040238
0.353607
-0.0292685
-0.0471013
0.0205234
0.424667
-0.11032
-0.129524
0.157999
0.359376
0.104823
-0.131136
0.113998
0.325124
0.00578676
0.0275223
0.0500853
0.353387
0.100667
0.0788432
0.133056
0.259308
-0.0119268
-0.0277102
-0.00986491
0.382541
0.00121287
-0.0340914
0.0226286
0.258121
0.0173921
0.0288449
-0.0189356
0.344396
-0.00586816
0.0302864
0.0269133
0.310129
-0.0918799
0.121608
0.121306
0.374372
-0.00444223
-0.0110731
0.0422884
0.298222
-0.0339223
0.0506117
-0.0437598
0.336461
0.0262342
0.125419
0.122366
