Vec Object: 1 MPI process
  type: seq
0.
0.
0.
-0.0811652
0.
0.
0.
0.266186
0.14705
-0.163187
0.
-0.105162
0.163375
-0.172971
0.
-0.0830418
0.209895
0.184175
0.
-0.00952553
0.162834
0.169903
0.
-0.114875
0.365872
0.031978
0.
0.115848
0.361042
0.0269631
0.
0.0862881
0.372046
-0.0311096
0.
0.102321
0.372246
-0.0419208
0.
0.122778
0.
0.
0.
-0.0980617
0.
0.
0.
-0.225734
0.274745
-0.054088
0.
-0.0697392
0.326984
0.0661904
0.
-0.0744529
0.282381
-0.0538885
0.
-0.0448432
0.330021
0.0989199
0.
-0.0609349
0.3061
0.0613317
0.
-0.0249511
0.328483
-0.0830394
0.
-0.0682391
0.27443
0.0560258
0.
-0.0763718
0.324298
-0.0480111
0.
-0.0899265
0.
0.
0.
0.0186852
0.
0.
0.
-0.113259
0.
0.
0.
0.25859
0.
0.
0.
0.00259926
0.
0.
0.
-0.174009
0.
0.
0.
0.0471687
0.
0.
0.
0.195061
0.
0.
0.
0.422473
0.
0.
0.
0.399061
0.
0.
0.
0.267874
0.
0.
0.
0.1546
0.
0.
0.
0.117982
0.
0.
0.
0.24425
0.
0.
0.
-0.0197818
0.
0.
0.
0.578465
0.
0.
0.
0.504275
0.
0.
0.
0.344534
0.
0.
0.
-0.0488766
1.
0.
0.
0.122896
0.397668
-0.00780471
-0.00152826
0.110078
0.38211
0.
0.000534076
-0.0133214
0.285165
0.
0.00214828
-0.129141
0.387757
0.
0.00487628
0.126702
0.393622
0.
-0.000394242
-0.0106465
0.28619
0.
0.00440267
-0.137552
0.374681
0.
-0.00811587
0.171165
0.400581
0.00280644
0.
0.183998
0.388309
0.0196433
0.
-0.0109874
0.274674
0.023263
0.
-0.133794
0.368098
-0.0025713
0.
0.193624
0.399101
0.00597711
0.
-0.00185888
0.279326
0.00622369
0.
-0.146544
0.235086
-0.00170203
-0.025791
-0.121165
0.244332
-0.00833241
0.00976064
-0.171985
0.293945
-0.0332941
-0.00963795
0.0301528
0.446901
-0.0227488
-0.0674089
0.297735
0.3919
0.0227835
-0.0668038
0.231923
0.225813
0.0393901
0.0128468
0.102816
0.344439
0.0273904
0.0392621
0.284033
0.213786
0.00385429
-0.0190268
-0.0591831
0.285676
-0.00108502
-0.00475803
0.0519174
0.249497
-0.00657099
0.0137463
-0.133604
0.263855
-0.0241317
0.00991766
0.0650513
0.317149
-0.020626
0.0652016
0.234686
0.289046
0.00684621
-0.00925039
0.0950769
0.166237
-0.0517312
0.0111051
0.158206
0.328136
-0.00793761
0.0618983
0.282691
