Vec Object: 1 MPI process
  type: seq
0.
0.
0.
-0.100546
0.
0.
0.
0.192111
0.146831
-0.168182
0.
-0.130914
0.162712
-0.177446
0.
-0.108955
0.198684
0.194548
0.
-0.0627134
0.162244
0.17269
0.
-0.137888
0.377974
0.0198385
0.
0.0458908
0.369979
0.0164932
0.
0.0286178
0.383833
-0.021245
0.
0.0295747
0.384481
-0.0299576
0.
0.0544396
0.
0.
0.
-0.0656061
0.
0.
0.
-0.1707
0.284766
-0.0498464
0.
-0.0220583
0.324961
0.0774915
0.
-0.0249987
0.291558
-0.0472417
0.
0.0032149
0.327638
0.111436
0.
-0.00653254
0.315735
0.0583533
0.
0.0163624
0.326517
-0.0967071
0.
-0.0138979
0.285563
0.0486321
0.
-0.0370655
0.323337
-0.0566579
0.
-0.0355014
0.
0.
0.
-0.0464884
0.
0.
0.
-0.0820018
0.
0.
0.
0.174043
0.
0.
0.
0.0246747
0.
0.
0.
-0.137788
0.
0.
0.
-0.0316969
0.
0.
0.
0.0619793
0.
0.
0.
0.302906
0.
0.
0.
0.273296
0.
0.
0.
0.176829
0.
0.
0.
0.0321945
0.
0.
0.
0.0902528
0.
0.
0.
0.139987
0.
0.
0.
-0.00839502
0.
0.
0.
0.450497
0.
0.
0.
0.363343
0.
0.
0.
0.226427
0.
0.
0.
-0.0144182
1.
0.
0.
0.0646717
0.402654
-0.00851263
-0.00158752
0.0314164
0.37666
0.
-0.000469037
-0.0070525
0.282075
0.
0.00135182
-0.0599574
0.370722
0.
0.0077786
0.0992668
0.38446
0.
0.000587706
-0.0135166
0.284
0.
0.0061343
-0.0681983
0.365278
0.
-0.00846155
0.133625
0.382633
0.00628602
0.
0.145908
0.381057
0.0208854
0.
-0.00495774
0.270801
0.0251625
0.
-0.0659803
0.353187
-0.00390872
0.
0.142891
0.388342
0.00772569
0.
-0.00524899
0.276419
0.00804139
0.
-0.0760473
0.239086
0.00353595
-0.035215
-0.0570554
0.246555
-0.0131863
0.0146389
-0.0962586
0.317756
-0.0357706
-0.0184668
0.0474881
0.437283
-0.0519793
-0.089037
0.237017
0.380116
0.0501922
-0.0882293
0.185549
0.265856
0.0373621
0.0195096
0.0971062
0.347813
0.0535964
0.0500939
0.225432
0.229119
-0.000114312
-0.0225887
-0.0184044
0.323527
-0.000559745
-0.0121675
0.0545777
0.254065
0.000424742
0.0194751
-0.0630301
0.291823
-0.0212863
0.0135823
0.0687575
0.313499
-0.0451885
0.0852521
0.192177
0.318907
0.00358605
-0.0124918
0.0904267
0.219934
-0.0589891
0.0206686
0.0839909
0.331062
0.00326305
0.0846529
0.220075
