Vec Object: 1 MPI process
  type: seq
0.
0.
0.
-0.115729
0.
0.
0.
0.137408
0.150569
-0.168446
0.
-0.12135
0.16539
-0.177716
0.
-0.101746
0.194802
0.198158
0.
-0.0702169
0.16565
0.171418
0.
-0.125838
0.382311
0.0153525
0.
0.0239665
0.372874
0.0129353
0.
0.0124253
0.387198
-0.0191411
0.
0.0114078
0.389176
-0.0253766
0.
0.0327344
0.
0.
0.
-0.0569246
0.
0.
0.
-0.145841
0.29167
-0.0514709
0.
-0.0168785
0.323784
0.0823003
0.
-0.00870448
0.297867
-0.0480103
0.
0.00540668
0.326397
0.11551
0.
0.0108707
0.322467
0.0610268
0.
0.0181786
0.325512
-0.101739
0.
0.00407749
0.292911
0.0469135
0.
-0.0308155
0.322556
-0.0601155
0.
-0.0167149
0.
0.
0.
-0.0895637
0.
0.
0.
-0.0681347
0.
0.
0.
0.113274
0.
0.
0.
0.0383486
0.
0.
0.
-0.121554
0.
0.
0.
-0.0841006
0.
0.
0.
-0.0273036
0.
0.
0.
0.22003
0.
0.
0.
0.184568
0.
0.
0.
0.110953
0.
0.
0.
-0.0467146
0.
0.
0.
0.0644883
0.
0.
0.
0.0657913
0.
0.
0.
-0.0110832
0.
0.
0.
0.364695
0.
0.
0.
0.266286
0.
0.
0.
0.148487
0.
0.
0.
-0.00726844
1.
0.
0.
0.0547554
0.403204
-0.00860584
-0.0014005
0.00875185
0.375486
0.
-0.0011914
-0.00417884
0.279705
0.
0.000600068
-0.038385
0.354854
0.
0.0101622
0.0840833
0.381407
0.
0.00154031
-0.0124689
0.282047
0.
0.00769682
-0.0453465
0.354509
0.
-0.00828077
0.112736
0.365429
0.00925313
0.
0.122673
0.379081
0.020961
0.
-0.00201607
0.267863
0.0253317
0.
-0.0441094
0.338175
-0.00376548
0.
0.115199
0.385036
0.00939252
0.
-0.00444223
0.274077
0.0100243
0.
-0.0520842
0.24144
0.00818701
-0.0416432
-0.0385919
0.247554
-0.0168355
0.0179525
-0.0692508
0.332708
-0.0341771
-0.0273044
0.0394208
0.430798
-0.0736053
-0.104417
0.20493
0.371061
0.0705067
-0.104052
0.157281
0.29139
0.0296213
0.0235041
0.0797733
0.349252
0.0721451
0.0596164
0.187808
0.240208
-0.00485055
-0.0247727
-0.0122674
0.348032
0.000121564
-0.0193475
0.0429701
0.256386
0.00739425
0.0233707
-0.0417256
0.311548
-0.0167858
0.0182076
0.0536646
0.31077
-0.062774
0.0993798
0.16331
0.339969
0.000765761
-0.0131578
0.0731945
0.254051
-0.0564285
0.0301991
0.0279797
0.332271
0.0117233
0.100707
0.179693
