Vec Object: 1 MPI process
  type: seq
0.
0.
0.
-0.106032
0.
0.
0.
0.0308818
0.163591
-0.167179
0.
-0.0720492
0.172671
-0.17817
0.
-0.0677611
0.189597
0.204377
0.
-0.0566399
0.177669
0.165694
0.
-0.0686654
0.387866
0.00941879
0.
0.00312513
0.375317
0.00914488
0.
0.00648366
0.390095
-0.0204067
0.
0.00772464
0.396437
-0.0182091
0.
0.00909071
0.
0.
0.
-0.0304901
0.
0.
0.
-0.0776915
0.312679
-0.0565434
0.
-0.0162935
0.319764
0.0884885
0.
0.00373911
0.317601
-0.0512188
0.
-0.0102475
0.322962
0.114306
0.
0.0199764
0.343829
0.0717656
0.
0.000285263
0.322858
-0.104099
0.
0.0155146
0.313402
0.0404851
0.
-0.0187188
0.320292
-0.0629058
0.
-0.00178447
0.
0.
0.
-0.132586
0.
0.
0.
-0.00584119
0.
0.
0.
-0.00244307
0.
0.
0.
0.116638
0.
0.
0.
-0.0619813
0.
0.
0.
-0.154232
0.
0.
0.
-0.20517
0.
0.
0.
0.0341153
0.
0.
0.
-0.0164823
0.
0.
0.
-0.0211514
0.
0.
0.
-0.164899
0.
0.
0.
0.0290666
0.
0.
0.
-0.0803781
0.
0.
0.
-0.00222946
0.
0.
0.
0.145606
0.
0.
0.
0.034054
0.
0.
0.
0.00115917
0.
0.
0.
0.00747268
1.
0.
0.
0.043923
0.397573
-0.00834604
-0.000484692
-0.00342242
0.378807
0.
-0.00353769
-0.00374275
0.270479
0.
-0.00244465
-0.0137602
0.303644
0.
0.0189191
0.0489031
0.378359
0.
0.00460938
-0.0100865
0.272666
0.
0.0135526
-0.013433
0.314884
0.
-0.00614198
0.0593431
0.305932
0.0192173
0.
0.0590196
0.380824
0.0187401
0.
-0.00143615
0.257252
0.0214357
0.
-0.0179933
0.285016
0.00166617
0.
0.0540705
0.383163
0.0146774
0.
-0.00288963
0.265263
0.0166216
0.
-0.0177697
0.247818
0.0214905
-0.0546289
-0.00849415
0.24864
-0.0250906
0.0236616
-0.0212916
0.365844
-0.0248409
-0.067803
0.00808648
0.425698
-0.140076
-0.149747
0.12329
0.355783
0.132583
-0.153994
0.0828296
0.339732
-0.0224492
0.0273467
0.0309705
0.359529
0.120037
0.0975751
0.0961581
0.276168
-0.0153061
-0.0295065
-0.00767627
0.402443
0.00182479
-0.0471064
0.0103632
0.257534
0.0215185
0.0318245
-0.0016677
0.371643
0.00597422
0.044673
0.0113946
0.315411
-0.114975
0.138098
0.0936205
0.400739
-0.00847753
-0.00675271
0.0225521
0.316899
0.00232295
0.0698705
-0.0743905
0.343722
0.0377655
0.14227
0.085692
