Vec Object: 1 MPI process
  type: seq
0.
0.
0.
-0.120269
0.
0.
0.
0.0588918
0.158855
-0.167468
0.
-0.0906831
0.170391
-0.177631
0.
-0.0798568
0.19088
0.202236
0.
-0.0643118
0.173251
0.167796
0.
-0.0909445
0.386348
0.0109615
0.
0.0076371
0.37487
0.0100511
0.
0.0051736
0.389281
-0.0194035
0.
0.00593484
0.394218
-0.0203528
0.
0.0150561
0.
0.
0.
-0.0421639
0.
0.
0.
-0.103139
0.304443
-0.055189
0.
-0.0180255
0.321504
0.0870195
0.
0.0025634
0.30969
-0.0506165
0.
-0.00465376
0.324304
0.116425
0.
0.0209119
0.33526
0.0679434
0.
0.00692671
0.323863
-0.104711
0.
0.0155075
0.305728
0.0435697
0.
-0.0248744
0.32104
-0.0627788
0.
-0.00314206
0.
0.
0.
-0.133198
0.
0.
0.
-0.0335859
0.
0.
0.
0.0273422
0.
0.
0.
0.0809719
0.
0.
0.
-0.0867266
0.
0.
0.
-0.144901
0.
0.
0.
-0.155741
0.
0.
0.
0.0917695
0.
0.
0.
0.0460288
0.
0.
0.
0.0148445
0.
0.
0.
-0.144149
0.
0.
0.
0.033106
0.
0.
0.
-0.0413879
0.
0.
0.
-0.0103226
0.
0.
0.
0.221752
0.
0.
0.
0.110225
0.
0.
0.
0.0394535
0.
0.
0.
0.00127483
1.
0.
0.
0.049036
0.400764
-0.00848782
-0.000865439
-0.00327961
0.376686
0.
-0.00261264
-0.00267382
0.274321
0.
-0.00113992
-0.0201711
0.323727
0.
0.0152677
0.0609151
0.37914
0.
0.00347857
-0.0103318
0.276901
0.
0.0111403
-0.023149
0.331205
0.
-0.00719927
0.0787948
0.330063
0.0152327
0.
0.0821311
0.379237
0.0198752
0.
-0.000401787
0.261547
0.0236386
0.
-0.0249669
0.306756
-0.00134656
0.
0.0743551
0.383278
0.012728
0.
-0.00269904
0.268842
0.0141965
0.
-0.0279677
0.245202
0.0167596
-0.0512469
-0.0185437
0.248364
-0.0228186
0.0225718
-0.0373823
0.355636
-0.0286356
-0.0497903
0.0185741
0.424452
-0.114564
-0.132384
0.152904
0.358472
0.10878
-0.134322
0.109335
0.328043
0.0022173
0.0277083
0.0470938
0.354089
0.10366
0.0813299
0.127418
0.261601
-0.0125581
-0.027995
-0.00955958
0.385875
0.00131773
-0.0359349
0.0206623
0.25815
0.0182484
0.0293589
-0.0164642
0.348205
-0.00435468
0.0320585
0.0243539
0.310508
-0.0951931
0.124034
0.117038
0.37823
-0.00504651
-0.0105905
0.0391397
0.301967
-0.0297563
0.0532569
-0.0496549
0.337236
0.0279023
0.12802
0.116629
