Vec Object: 1 MPI process
  type: seq
0.
0.
0.
-0.121374
0.
0.
0.
0.064444
0.158119
-0.167548
0.
-0.0935543
0.170004
-0.177598
0.
-0.0817814
0.19114
0.201912
0.
-0.0652855
0.172568
0.168126
0.
-0.0942602
0.386088
0.0112473
0.
0.00852387
0.374782
0.010212
0.
0.00521869
0.389172
-0.0192804
0.
0.005803
0.393855
-0.0207165
0.
0.0161339
0.
0.
0.
-0.0437799
0.
0.
0.
-0.107097
0.303255
-0.0549256
0.
-0.0180614
0.321733
0.0867362
0.
0.00213294
0.308572
-0.0504483
0.
-0.00370748
0.324498
0.116599
0.
0.0207245
0.334047
0.0673283
0.
0.00804214
0.324012
-0.104678
0.
0.0151842
0.304581
0.0439668
0.
-0.0256204
0.321173
-0.0626805
0.
-0.00367029
0.
0.
0.
-0.131513
0.
0.
0.
-0.0374293
0.
0.
0.
0.03335
0.
0.
0.
0.0760589
0.
0.
0.
-0.090346
0.
0.
0.
-0.141668
0.
0.
0.
-0.146375
0.
0.
0.
0.101813
0.
0.
0.
0.0569156
0.
0.
0.
0.0217984
0.
0.
0.
-0.138382
0.
0.
0.
0.0347087
0.
0.
0.
-0.0337087
0.
0.
0.
-0.0110504
0.
0.
0.
0.233882
0.
0.
0.
0.122939
0.
0.
0.
0.0471336
0.
0.
0.
0.000370301
1.
0.
0.
0.049596
0.401128
-0.00850422
-0.000918766
-0.00296626
0.376447
0.
-0.00247742
-0.0026129
0.274865
0.
-0.000961616
-0.0213035
0.326625
0.
0.0147613
0.0628218
0.379261
0.
0.00330183
-0.0104297
0.277459
0.
0.0108001
-0.024722
0.333481
0.
-0.00733072
0.0817484
0.33346
0.014661
0.
0.0857067
0.379082
0.0200225
0.
-0.000346716
0.262169
0.0238894
0.
-0.0261848
0.309793
-0.00168711
0.
0.0776552
0.38332
0.0124249
0.
-0.00275145
0.26936
0.0138126
0.
-0.0296724
0.244854
0.0160109
-0.0505442
-0.0201742
0.248322
-0.022356
0.0222706
-0.0399269
0.35383
-0.0292005
-0.0473876
0.0203097
0.424639
-0.110778
-0.129833
0.157446
0.359273
0.105251
-0.13148
0.113491
0.325451
0.00540919
0.0275455
0.0497575
0.35346
0.100994
0.0791088
0.132441
0.259554
-0.0119971
-0.0277414
-0.00983285
0.382908
0.00122446
-0.0342895
0.0224122
0.258126
0.0174882
0.0289017
-0.0186688
0.344807
-0.00570736
0.0304737
0.0266309
0.310165
-0.092238
0.121871
0.12084
0.374789
-0.00450767
-0.0110233
0.0419431
0.298642
-0.0334885
0.0508949
-0.044421
0.336541
0.0264145
0.125703
0.121738
