Vec Object: 1 MPI process
  type: seq
0.
0.
0.
-0.074499
0.
0.
0.
0.0201647
0.170931
-0.168409
0.
-0.044809
0.176667
-0.18054
0.
-0.0485172
0.190273
0.208141
0.
-0.0405186
0.183735
0.163583
0.
-0.0347873
0.390169
0.0084394
0.
-0.00118942
0.3773
0.00662605
0.
0.00999062
0.39344
-0.0222928
0.
0.00914353
0.399889
-0.0159189
0.
0.00227481
0.
0.
0.
-0.0172199
0.
0.
0.
-0.0540475
0.327964
-0.0583865
0.
-0.0108621
0.315529
0.0904578
0.
0.00274894
0.333308
-0.0497356
0.
-0.0154916
0.320837
0.108081
0.
0.0144213
0.360399
0.0763034
0.
-0.00537699
0.321467
-0.1009
0.
0.011286
0.326174
0.0349545
0.
-0.00851372
0.320881
-0.0615284
0.
-0.00372835
0.
0.
0.
-0.0982048
0.
0.
0.
0.0292366
0.
0.
0.
-0.0109458
0.
0.
0.
0.154806
0.
0.
0.
-0.0388182
0.
0.
0.
-0.131239
0.
0.
0.
-0.23261
0.
0.
0.
-0.0177081
0.
0.
0.
-0.0713437
0.
0.
0.
-0.0373293
0.
0.
0.
-0.132571
0.
0.
0.
0.0405143
0.
0.
0.
-0.0926501
0.
0.
0.
0.0166989
0.
0.
0.
0.0484002
0.
0.
0.
-0.0465338
0.
0.
0.
-0.00984553
0.
0.
0.
0.0101183
1.
0.
0.
0.0299513
0.388293
-0.00760731
0.000466158
-0.000450862
0.383792
0.
-0.00493152
-0.00595288
0.264221
0.
-0.00506804
-0.00568946
0.265476
0.
0.0258995
0.0314155
0.375182
0.
0.00588407
-0.00932025
0.263562
0.
0.0180904
0.000392547
0.282186
0.
-0.00301358
0.0299209
0.258267
0.0256608
0.
0.0275207
0.38504
0.0168554
0.
-0.00356864
0.251381
0.0148177
0.
-0.00962363
0.239911
0.010385
0.
0.0286462
0.381635
0.0170105
0.
-0.0036697
0.259512
0.018552
0.
-0.00478001
0.253486
0.0279868
-0.0524779
0.000529734
0.24869
-0.0220503
0.020161
-0.00124806
0.371774
-0.0202496
-0.102594
-0.00570696
0.439476
-0.178505
-0.180318
0.0802737
0.368632
0.169159
-0.187681
0.0480381
0.325756
-0.0652326
0.0210192
0.0106921
0.373828
0.138269
0.126916
0.0563468
0.303839
-0.0158192
-0.0316146
-0.00813914
0.412037
0.00216968
-0.0602061
-0.00288808
0.251869
0.0156246
0.0335536
0.0178601
0.414414
0.0273068
0.0739471
-0.00273207
0.338089
-0.145466
0.159032
0.0637612
0.431092
-0.0113139
0.00128666
0.00440772
0.304835
0.0704444
0.0913546
-0.0779698
0.365657
0.0508377
0.15711
0.0494332
