Vec Object: 1 MPI process
  type: seq
0.
0.
0.
-0.0962587
0.
0.
0.
0.0233513
0.165749
-0.16725
0.
-0.0636012
0.173671
-0.178639
0.
-0.0622985
0.189336
0.20542
0.
-0.0523614
0.179647
0.164809
0.
-0.0581264
0.388526
0.00889706
0.
0.00156441
0.375586
0.008678
0.
0.00767706
0.390692
-0.0209345
0.
0.00861837
0.397433
-0.0173566
0.
0.00679287
0.
0.
0.
-0.0251408
0.
0.
0.
-0.067428
0.31684
-0.0570311
0.
-0.0147608
0.318763
0.0890344
0.
0.00361077
0.321734
-0.0511553
0.
-0.0124039
0.322302
0.11281
0.
0.0186202
0.348267
0.0733593
0.
-0.0021813
0.322393
-0.103404
0.
0.0146048
0.317076
0.0388495
0.
-0.0154211
0.320111
-0.0626927
0.
-0.00206119
0.
0.
0.
-0.125613
0.
0.
0.
0.00719878
0.
0.
0.
-0.00997543
0.
0.
0.
0.133099
0.
0.
0.
-0.0514148
0.
0.
0.
-0.151483
0.
0.
0.
-0.220159
0.
0.
0.
0.0130968
0.
0.
0.
-0.0391747
0.
0.
0.
-0.0314178
0.
0.
0.
-0.163439
0.
0.
0.
0.0308563
0.
0.
0.
-0.0907336
0.
0.
0.
0.00310976
0.
0.
0.
0.112969
0.
0.
0.
0.00404359
0.
0.
0.
-0.00854683
0.
0.
0.
0.0098151
1.
0.
0.
0.0405637
0.395503
-0.00823443
-0.000274474
-0.00272454
0.380099
0.
-0.003977
-0.00447635
0.268581
0.
-0.00313699
-0.0111598
0.293412
0.
0.0208354
0.0435632
0.377842
0.
0.00508714
-0.0100688
0.270318
0.
0.0147887
-0.00908963
0.306258
0.
-0.00549115
0.050266
0.293298
0.0211862
0.
0.0487297
0.381871
0.0181546
0.
-0.00215004
0.25523
0.0200066
0.
-0.0151616
0.27345
0.00362884
0.
0.0455449
0.383039
0.0155154
0.
-0.00319289
0.263534
0.0175788
0.
-0.0134822
0.249324
0.0235284
-0.0551791
-0.00462069
0.248793
-0.0253943
0.0234484
-0.014339
0.369265
-0.0231674
-0.0775021
0.0036473
0.428046
-0.15212
-0.158315
0.109798
0.356699
0.143876
-0.163762
0.0712583
0.340763
-0.0357051
0.0261863
0.0242081
0.362963
0.126685
0.106094
0.0828359
0.283761
-0.0159191
-0.0301265
-0.00714814
0.40785
0.00198797
-0.0521055
0.00611696
0.256664
0.0216018
0.032591
0.00506127
0.383411
0.0117108
0.0520583
0.00644113
0.319738
-0.124312
0.144534
0.0837429
0.410847
-0.00984968
-0.00444588
0.0160467
0.318544
0.0215788
0.0777192
-0.0798263
0.348272
0.0422519
0.148011
0.0730833
