Vec Object: 1 MPI process
  type: seq
0.
0.
0.
-0.0991958
0.
0.
0.
0.196542
0.146619
-0.168088
0.
-0.131076
0.162557
-0.177368
0.
-0.109022
0.199092
0.194171
0.
-0.0614278
0.162053
0.172723
0.
-0.138258
0.377515
0.0203056
0.
0.0483888
0.369655
0.0168806
0.
0.0305895
0.383433
-0.0215419
0.
0.0319246
0.384002
-0.0304238
0.
0.0568861
0.
0.
0.
-0.0665765
0.
0.
0.
-0.172949
0.284216
-0.0498103
0.
-0.0231024
0.325059
0.0770144
0.
-0.0267857
0.291055
-0.0472918
0.
0.00232779
0.327747
0.110967
0.
-0.00847954
0.315202
0.0582497
0.
0.015567
0.326605
-0.0961666
0.
-0.0158771
0.284965
0.0488303
0.
-0.0380116
0.323395
-0.0563023
0.
-0.0375235
0.
0.
0.
-0.0427641
0.
0.
0.
-0.0831794
0.
0.
0.
0.179008
0.
0.
0.
0.023699
0.
0.
0.
-0.139205
0.
0.
0.
-0.0272314
0.
0.
0.
0.0693825
0.
0.
0.
0.309653
0.
0.
0.
0.280481
0.
0.
0.
0.18218
0.
0.
0.
0.0389172
0.
0.
0.
0.0922825
0.
0.
0.
0.146045
0.
0.
0.
-0.00835023
0.
0.
0.
0.457461
0.
0.
0.
0.371215
0.
0.
0.
0.23293
0.
0.
0.
-0.015349
1.
0.
0.
0.0661049
0.402526
-0.00849483
-0.00159614
0.0341253
0.376832
0.
-0.000412804
-0.00731846
0.28225
0.
0.00140517
-0.0623539
0.371896
0.
0.00760193
0.100559
0.384798
0.
0.000519333
-0.0135141
0.284134
0.
0.00602194
-0.0706633
0.36603
0.
-0.00846093
0.135393
0.383887
0.0060639
0.
0.147797
0.381306
0.0208535
0.
-0.00522523
0.271022
0.0251106
0.
-0.0683761
0.354266
-0.00388352
0.
0.145294
0.388725
0.00760493
0.
-0.00522327
0.27659
0.00790296
0.
-0.0785909
0.238883
0.00318671
-0.034688
-0.05913
0.246454
-0.0128991
0.0143657
-0.0990422
0.316506
-0.0358113
-0.0178635
0.0476863
0.437842
-0.0502951
-0.0878166
0.239781
0.380846
0.0486083
-0.0869963
0.187867
0.263719
0.0377538
0.0191597
0.0982073
0.347697
0.0521128
0.0494068
0.228527
0.22825
0.000229309
-0.0224029
-0.019388
0.321497
-0.000607907
-0.0116659
0.0552272
0.253844
-9.95559e-05
0.0191569
-0.0653686
0.290261
-0.0215646
0.013294
0.0695935
0.313745
-0.0438019
0.0841234
0.194517
0.317238
0.00379252
-0.012378
0.0914845
0.217066
-0.058884
0.0200123
0.0885315
0.330969
0.00261003
0.0833681
0.223409
