Vec Object: 1 MPI process
  type: seq
0.
0.
0.
-0.0783186
0.
0.
0.
0.0192176
0.169728
-0.167978
0.
-0.0488167
0.175837
-0.179981
0.
-0.0518361
0.189802
0.207486
0.
-0.0433839
0.18292
0.163679
0.
-0.0396011
0.389784
0.00840736
0.
-0.00068714
0.376699
0.00727804
0.
0.0096914
0.392601
-0.0219611
0.
0.00932297
0.399316
-0.0161452
0.
0.00318065
0.
0.
0.
-0.0181009
0.
0.
0.
-0.0553226
0.325245
-0.0580114
0.
-0.0116407
0.316405
0.0900769
0.
0.00293621
0.330417
-0.0502513
0.
-0.0151434
0.321127
0.109308
0.
0.0154208
0.357415
0.0757683
0.
-0.00506151
0.321639
-0.101569
0.
0.0121218
0.324044
0.0358027
0.
-0.00980472
0.320483
-0.0618804
0.
-0.00330029
0.
0.
0.
-0.104952
0.
0.
0.
0.0260582
0.
0.
0.
-0.0126282
0.
0.
0.
0.153558
0.
0.
0.
-0.0393833
0.
0.
0.
-0.136861
0.
0.
0.
-0.232701
0.
0.
0.
-0.0133132
0.
0.
0.
-0.067048
0.
0.
0.
-0.038194
0.
0.
0.
-0.142336
0.
0.
0.
0.0381772
0.
0.
0.
-0.0949446
0.
0.
0.
0.0137732
0.
0.
0.
0.0608785
0.
0.
0.
-0.0381538
0.
0.
0.
-0.0119369
0.
0.
0.
0.0109173
1.
0.
0.
0.0326527
0.390279
-0.00781893
0.000251922
-0.000960409
0.382895
0.
-0.00473564
-0.00571944
0.265147
0.
-0.00458251
-0.00681574
0.272352
0.
0.0247075
0.0341021
0.37606
0.
0.00576425
-0.00965893
0.26525
0.
0.0172851
-0.00153667
0.28815
0.
-0.00375551
0.0342013
0.266909
0.0247361
0.
0.0317342
0.384243
0.0171224
0.
-0.00334958
0.252022
0.0163069
0.
-0.0106635
0.248466
0.00853413
0.
0.0319732
0.38217
0.016761
0.
-0.00366264
0.260394
0.0185698
0.
-0.00648783
0.252551
0.0269731
-0.0536463
-5.72942e-05
0.248879
-0.023499
0.0213018
-0.00359539
0.372086
-0.0207287
-0.096852
-0.00380684
0.436099
-0.173118
-0.17513
0.0864665
0.364378
0.163872
-0.182312
0.0525667
0.331623
-0.0595989
0.0223938
0.013281
0.371024
0.136283
0.122423
0.0615197
0.299117
-0.0159374
-0.0312385
-0.0076517
0.412302
0.00215579
-0.0591266
-0.00102322
0.253431
0.0179225
0.0333851
0.0155834
0.406971
0.02364
0.0684808
-0.00102437
0.332708
-0.140974
0.155924
0.0677856
0.427253
-0.0113189
9.55132e-05
0.00651856
0.310118
0.060193
0.0894233
-0.0799351
0.360662
0.0493775
0.155805
0.0538847
