Vec Object: 1 MPI process
  type: seq
0.
0.
0.
-0.0851949
0.
0.
0.
0.246256
0.145876
-0.165541
0.
-0.12103
0.162183
-0.175147
0.
-0.0987063
0.205604
0.188149
0.
-0.0335944
0.161538
0.171661
0.
-0.130324
0.370326
0.027539
0.
0.0898795
0.364392
0.023071
0.
0.0646049
0.3766
-0.0271324
0.
0.0741813
0.376688
-0.0375654
0.
0.0974193
0.
0.
0.
-0.0847061
0.
0.
0.
-0.205881
0.277699
-0.0515244
0.
-0.0483077
0.326323
0.0701285
0.
-0.0553978
0.28509
-0.0503925
0.
-0.0224501
0.329215
0.103529
0.
-0.0399413
0.308928
0.0591903
0.
-0.00601891
0.327814
-0.0879526
0.
-0.0474397
0.277762
0.0528052
0.
-0.0590485
0.324037
-0.0510602
0.
-0.0692728
0.
0.
0.
0.000658392
0.
0.
0.
-0.101351
0.
0.
0.
0.23544
0.
0.
0.
0.0104725
0.
0.
0.
-0.160545
0.
0.
0.
0.0250309
0.
0.
0.
0.156669
0.
0.
0.
0.388206
0.
0.
0.
0.363474
0.
0.
0.
0.242932
0.
0.
0.
0.119158
0.
0.
0.
0.11236
0.
0.
0.
0.215403
0.
0.
0.
-0.0132378
0.
0.
0.
0.540238
0.
0.
0.
0.463403
0.
0.
0.
0.310069
0.
0.
0.
-0.0342651
1.
0.
0.
0.0964577
0.399761
-0.00810882
-0.00159827
0.080387
0.379967
0.
0.000242371
-0.0106842
0.284252
0.
0.00195414
-0.102133
0.383907
0.
0.00566371
0.117076
0.390209
0.
-0.000169
-0.0117344
0.285577
0.
0.00484291
-0.110782
0.373033
0.
-0.00828597
0.15818
0.396581
0.00368511
0.
0.171194
0.385537
0.0201589
0.
-0.0084953
0.273549
0.0240358
0.
-0.107568
0.364945
-0.00315869
0.
0.176466
0.395037
0.00638026
0.
-0.00311636
0.278497
0.00658495
0.
-0.11949
0.23632
-0.000459576
-0.0284857
-0.0954799
0.245062
-0.00965782
0.011152
-0.143234
0.301165
-0.0348312
-0.0117891
0.0405485
0.444343
-0.0309919
-0.0736052
0.276501
0.388914
0.0304788
-0.0728544
0.216613
0.237758
0.0398879
0.014837
0.104708
0.345832
0.0348469
0.0420881
0.265834
0.218179
0.00331625
-0.0201053
-0.0413127
0.296949
-0.00102657
-0.00656438
0.0563641
0.250932
-0.00522829
0.0154
-0.105567
0.271973
-0.0238097
0.0106798
0.0709795
0.316394
-0.0276765
0.0709488
0.221845
0.297705
0.0059979
-0.0104333
0.0972516
0.182215
-0.0548674
0.013409
0.138841
0.329391
-0.00481108
0.0683961
0.263479
