Vec Object: 1 MPI process
  type: seq
0.
0.
0.
-0.117284
0.
0.
0.
0.049065
0.160269
-0.167335
0.
-0.0851395
0.171105
-0.17773
0.
-0.0761992
0.19042
0.202861
0.
-0.0622722
0.174567
0.167162
0.
-0.0844623
0.386824
0.0104484
0.
0.00609557
0.375016
0.0097664
0.
0.00529919
0.389491
-0.0196698
0.
0.00634027
0.394896
-0.0196783
0.
0.0131172
0.
0.
0.
-0.0388714
0.
0.
0.
-0.0954566
0.306787
-0.0556518
0.
-0.0177818
0.321036
0.0875155
0.
0.00318115
0.31191
-0.0508878
0.
-0.00642147
0.323922
0.11597
0.
0.0209958
0.33767
0.0691136
0.
0.00482527
0.32357
-0.104673
0.
0.0158612
0.307963
0.0427412
0.
-0.0232687
0.320792
-0.0629064
0.
-0.00239034
0.
0.
0.
-0.135133
0.
0.
0.
-0.0257772
0.
0.
0.
0.0167639
0.
0.
0.
0.0909962
0.
0.
0.
-0.079514
0.
0.
0.
-0.149824
0.
0.
0.
-0.172563
0.
0.
0.
0.0732094
0.
0.
0.
0.0259017
0.
0.
0.
0.00242526
0.
0.
0.
-0.15345
0.
0.
0.
0.0307424
0.
0.
0.
-0.0550287
0.
0.
0.
-0.00851501
0.
0.
0.
0.198628
0.
0.
0.
0.086374
0.
0.
0.
0.0258935
0.
0.
0.
0.00309889
1.
0.
0.
0.0478029
0.399975
-0.00845338
-0.000759371
-0.00363264
0.377213
0.
-0.00287932
-0.00287995
0.273234
0.
-0.00149992
-0.0181201
0.318016
0.
0.0162831
0.0572871
0.378918
0.
0.00381936
-0.0101961
0.275757
0.
0.0118187
-0.0201967
0.326659
0.
-0.00692462
0.0730758
0.323304
0.0163658
0.
0.0752367
0.379605
0.0195679
0.
-0.000597666
0.260313
0.0230936
0.
-0.0227493
0.300698
-0.000605336
0.
0.0681227
0.383229
0.013313
0.
-0.00266414
0.267816
0.0149358
0.
-0.0247988
0.245905
0.018192
-0.052487
-0.0154366
0.248442
-0.0236456
0.0230673
-0.0325246
0.358967
-0.0275228
-0.0546925
0.0153244
0.424351
-0.121976
-0.137382
0.144129
0.357174
0.11569
-0.139935
0.101361
0.332539
-0.00439883
0.0278734
0.0420995
0.355446
0.108713
0.0858152
0.117882
0.265678
-0.0135472
-0.0284682
-0.00899323
0.391326
0.00148731
-0.0391865
0.0174222
0.258115
0.0195516
0.0301885
-0.0121442
0.354898
-0.00157841
0.0353621
0.0201789
0.311443
-0.10096
0.128205
0.10985
0.384898
-0.00608733
-0.00963659
0.0339087
0.307707
-0.0216801
0.0579828
-0.0587246
0.338775
0.0308016
0.132416
0.107023
