Vec Object: 1 MPI process
  type: seq
0.
0.
0.
-0.0764765
0.
0.
0.
0.0195391
0.170261
-0.168155
0.
-0.0470012
0.176193
-0.180219
0.
-0.050372
0.189989
0.207775
0.
-0.0421148
0.183294
0.163618
0.
-0.0373983
0.389956
0.00840891
0.
-0.00092152
0.376947
0.0070046
0.
0.00985028
0.392957
-0.0221062
0.
0.00926921
0.399571
-0.0160351
0.
0.00276698
0.
0.
0.
-0.0176276
0.
0.
0.
-0.0546162
0.326441
-0.0581718
0.
-0.011278
0.316027
0.0902398
0.
0.00284748
0.331686
-0.0500371
0.
-0.0153301
0.320992
0.108773
0.
0.014975
0.358728
0.0760178
0.
-0.0052354
0.321559
-0.101278
0.
0.0117519
0.324987
0.0354199
0.
-0.00919939
0.32064
-0.0617304
0.
-0.00349138
0.
0.
0.
-0.101921
0.
0.
0.
0.0276429
0.
0.
0.
-0.0119897
0.
0.
0.
0.154466
0.
0.
0.
-0.0389326
0.
0.
0.
-0.134376
0.
0.
0.
-0.232869
0.
0.
0.
-0.0154687
0.
0.
0.
-0.0691932
0.
0.
0.
-0.0379501
0.
0.
0.
-0.138114
0.
0.
0.
0.0392485
0.
0.
0.
-0.0940965
0.
0.
0.
0.0151059
0.
0.
0.
0.0551139
0.
0.
0.
-0.0421468
0.
0.
0.
-0.0111388
0.
0.
0.
0.0106282
1.
0.
0.
0.0314632
0.389422
-0.00773103
0.000343166
-0.000728174
0.383293
0.
-0.00482509
-0.00583501
0.264726
0.
-0.00479464
-0.00630145
0.269325
0.
0.0252385
0.0328969
0.375694
0.
0.00582328
-0.00952482
0.264507
0.
0.0176394
-0.000648854
0.285527
0.
-0.00344226
0.0322525
0.263103
0.0251602
0.
0.0297978
0.384593
0.0170005
0.
-0.00345893
0.251711
0.0156715
0.
-0.010178
0.244727
0.00933363
0.
0.0304463
0.381952
0.0168805
0.
-0.00367739
0.259997
0.0185836
0.
-0.00569916
0.252978
0.0274193
-0.0531645
0.000246375
0.248817
-0.0229128
0.0208226
-0.00249082
0.372022
-0.0204996
-0.0994286
-0.00467904
0.437549
-0.17559
-0.177435
0.0836522
0.366148
0.166284
-0.184725
0.0504792
0.329185
-0.062251
0.021785
0.0120756
0.372253
0.137222
0.124471
0.0591382
0.301223
-0.0158808
-0.0314005
-0.00785836
0.412275
0.00216429
-0.0596799
-0.00187521
0.252778
0.0169723
0.033458
0.0166577
0.410265
0.0252793
0.0708917
-0.00182035
0.33501
-0.143015
0.157333
0.0659475
0.42904
-0.0113484
0.000646074
0.00553514
0.307896
0.0649292
0.0904026
-0.0791429
0.362801
0.0500833
0.156453
0.0518251
