Vec Object: 1 MPI process
  type: seq
0.
0.
0.
-0.0907345
0.
0.
0.
0.0208698
0.166897
-0.167367
0.
-0.0591843
0.174231
-0.178956
0.
-0.0593548
0.189323
0.205997
0.
-0.0498985
0.180659
0.164392
0.
-0.0525555
0.388882
0.00868097
0.
0.000831521
0.375799
0.00836827
0.
0.00834314
0.391118
-0.0212235
0.
0.00898841
0.397969
-0.0169492
0.
0.00566436
0.
0.
0.
-0.0225958
0.
0.
0.
-0.0628295
0.319166
-0.0572881
0.
-0.0138463
0.318159
0.0893184
0.
0.00344559
0.324093
-0.0510109
0.
-0.0133958
0.321948
0.111893
0.
0.0177546
0.350779
0.0741393
0.
-0.00326883
0.322155
-0.102943
0.
0.0139673
0.319066
0.0379565
0.
-0.0136737
0.3201
-0.062514
0.
-0.00235346
0.
0.
0.
-0.120421
0.
0.
0.
0.0136264
0.
0.
0.
-0.0122209
0.
0.
0.
0.14088
0.
0.
0.
-0.0466446
0.
0.
0.
-0.148329
0.
0.
0.
-0.225846
0.
0.
0.
0.00369408
0.
0.
0.
-0.0492492
0.
0.
0.
-0.0350163
0.
0.
0.
-0.159649
0.
0.
0.
0.0325946
0.
0.
0.
-0.0939666
0.
0.
0.
0.00618646
0.
0.
0.
0.0966107
0.
0.
0.
-0.0101305
0.
0.
0.
-0.0114237
0.
0.
0.
0.0106634
1.
0.
0.
0.0384973
0.3942
-0.00814999
-0.000145672
-0.00224533
0.380859
0.
-0.0042072
-0.0048753
0.267563
0.
-0.00353077
-0.00983795
0.287637
0.
0.0219165
0.0407709
0.377467
0.
0.00531707
-0.0100283
0.268953
0.
0.0154807
-0.00681217
0.301326
0.
-0.00507805
0.045468
0.286095
0.0222448
0.
0.0434748
0.382503
0.0178427
0.
-0.00253703
0.254196
0.0191022
0.
-0.0137446
0.266764
0.00485954
0.
0.0412928
0.382899
0.0159261
0.
-0.00336515
0.262612
0.0179959
0.
-0.0113132
0.250215
0.0245614
-0.0551072
-0.00290918
0.248869
-0.0252371
0.0230828
-0.0108809
0.370611
-0.0223524
-0.0829698
0.00137614
0.429853
-0.158462
-0.163047
0.10277
0.358002
0.149857
-0.169105
0.0654163
0.339737
-0.0429442
0.0252891
0.0207993
0.365062
0.129868
0.110822
0.0761585
0.288046
-0.0160559
-0.0304434
-0.00707784
0.409943
0.00205451
-0.0545347
0.00395395
0.255986
0.0211159
0.0328929
0.00844569
0.389971
0.0150122
0.0564422
0.00404985
0.322752
-0.129265
0.147919
0.0787907
0.415992
-0.0104549
-0.00312802
0.0129356
0.317693
0.0326825
0.0816587
-0.081116
0.35125
0.0445341
0.15071
0.0669286
