Vec Object: 1 MPI process
  type: seq
0.
0.
0.
-0.0775997
0.
0.
0.
0.0193185
0.169929
-0.168042
0.
-0.048127
0.175969
-0.180069
0.
-0.0512869
0.189868
0.207594
0.
-0.042907
0.183063
0.163652
0.
-0.0387604
0.389849
0.00840567
0.
-0.000777443
0.376789
0.00717802
0.
0.00975581
0.392732
-0.0220154
0.
0.00930751
0.399412
-0.016102
0.
0.00302281
0.
0.
0.
-0.0179075
0.
0.
0.
-0.0550299
0.325693
-0.0580707
0.
-0.0115012
0.316265
0.0901372
0.
0.00290195
0.330892
-0.0501734
0.
-0.0152196
0.321075
0.109108
0.
0.0152527
0.357907
0.0758645
0.
-0.00513333
0.321608
-0.101461
0.
0.0119829
0.324399
0.0356575
0.
-0.00957114
0.320538
-0.0618251
0.
-0.00337226
0.
0.
0.
-0.103807
0.
0.
0.
0.0266866
0.
0.
0.
-0.0124102
0.
0.
0.
0.153964
0.
0.
0.
-0.0391764
0.
0.
0.
-0.13593
0.
0.
0.
-0.232804
0.
0.
0.
-0.0141634
0.
0.
0.
-0.0679006
0.
0.
0.
-0.0381301
0.
0.
0.
-0.140772
0.
0.
0.
0.038585
0.
0.
0.
-0.0946595
0.
0.
0.
0.0142806
0.
0.
0.
0.0586679
0.
0.
0.
-0.0397075
0.
0.
0.
-0.0116636
0.
0.
0.
0.0108212
1.
0.
0.
0.0322072
0.389961
-0.00778694
0.000285567
-0.000872037
0.383045
0.
-0.00476976
-0.00576504
0.264986
0.
-0.00466176
-0.00661965
0.271217
0.
0.0249076
0.0336463
0.375926
0.
0.00578754
-0.00961135
0.264971
0.
0.0174179
-0.00119712
0.287168
0.
-0.00364046
0.0334593
0.265482
0.024898
0.
0.0309934
0.384374
0.0170759
0.
-0.00339286
0.2519
0.0160723
0.
-0.0104765
0.24707
0.00883093
0.
0.0313893
0.382091
0.0168076
0.
-0.00367023
0.260244
0.018579
0.
-0.00618556
0.252714
0.0271407
-0.0534722
6.54005e-05
0.248859
-0.0232889
0.0211266
-0.00316825
0.372076
-0.0206394
-0.097826
-0.0041401
0.436635
-0.174062
-0.175997
0.0853956
0.365022
0.164791
-0.183225
0.0517669
0.330738
-0.060623
0.0221655
0.0128175
0.371483
0.136647
0.123202
0.0606077
0.299911
-0.0159159
-0.0312987
-0.00772704
0.412309
0.00215941
-0.0593483
-0.00134802
0.253192
0.0175781
0.0334125
0.0159993
0.408209
0.0242584
0.0693846
-0.00133076
0.333558
-0.14175
0.156459
0.0670842
0.42794
-0.0113357
0.000306307
0.00613972
0.309307
0.0620057
0.0898138
-0.0796537
0.361453
0.0496531
0.156062
0.0530939
