Vec Object: 1 MPI process
  type: seq
0.
0.
0.
-0.097982
0.
0.
0.
0.0243586
0.165387
-0.167226
0.
-0.0650107
0.1735
-0.178549
0.
-0.0632208
0.18936
0.205241
0.
-0.0531133
0.17932
0.164951
0.
-0.0598985
0.388414
0.00897501
0.
0.00180954
0.375531
0.00876508
0.
0.00746621
0.390575
-0.0208442
0.
0.00848224
0.397264
-0.0174927
0.
0.00716289
0.
0.
0.
-0.0260006
0.
0.
0.
-0.0690245
0.316121
-0.0569508
0.
-0.0150397
0.318943
0.0889448
0.
0.00365148
0.321013
-0.051184
0.
-0.0120654
0.322414
0.113082
0.
0.0188761
0.347495
0.0731019
0.
-0.00180228
0.32247
-0.103537
0.
0.0147867
0.316452
0.0391298
0.
-0.0159795
0.320129
-0.0627398
0.
-0.00198689
0.
0.
0.
-0.127055
0.
0.
0.
0.00506941
0.
0.
0.
-0.009008
0.
0.
0.
0.130455
0.
0.
0.
-0.0530717
0.
0.
0.
-0.152246
0.
0.
0.
-0.218023
0.
0.
0.
0.0163383
0.
0.
0.
-0.0356863
0.
0.
0.
-0.0300051
0.
0.
0.
-0.164203
0.
0.
0.
0.030411
0.
0.
0.
-0.0893744
0.
0.
0.
0.00216344
0.
0.
0.
0.118301
0.
0.
0.
0.00880181
0.
0.
0.
-0.00730304
0.
0.
0.
0.00947946
1.
0.
0.
0.0411763
0.395883
-0.00825689
-0.000312355
-0.00286333
0.379869
0.
-0.00390341
-0.00434945
0.268903
0.
-0.0030163
-0.0115863
0.295187
0.
0.0205024
0.044453
0.377944
0.
0.00501041
-0.0100748
0.270732
0.
0.014575
-0.00981571
0.307766
0.
-0.00561084
0.0517909
0.295502
0.0208518
0.
0.0504281
0.381682
0.0182538
0.
-0.00202672
0.255565
0.0202699
0.
-0.0156232
0.275481
0.00326829
0.
0.0469332
0.383071
0.0153797
0.
-0.00313809
0.263826
0.0174314
0.
-0.0141852
0.249056
0.0231942
-0.0551455
-0.00521749
0.248767
-0.0253926
0.0235251
-0.0154726
0.368765
-0.023438
-0.0758146
0.00437868
0.427558
-0.150099
-0.156846
0.112047
0.356415
0.141976
-0.162092
0.0731568
0.340843
-0.0334274
0.0264297
0.0253149
0.362339
0.125623
0.104623
0.0850119
0.282442
-0.0158486
-0.0300249
-0.00720434
0.407068
0.00196398
-0.0512959
0.00681401
0.256845
0.0216724
0.0324804
0.00395586
0.381382
0.0107022
0.0507393
0.00723213
0.318895
-0.122741
0.143457
0.0853549
0.40918
-0.00963728
-0.00485203
0.0170829
0.318553
0.0181736
0.0764262
-0.0791881
0.347417
0.041511
0.147101
0.075114
