Vec Object: 1 MPI process
  type: seq
0.
0.
0.
-0.0818513
0.
0.
0.
0.262373
0.146721
-0.163727
0.
-0.109138
0.163049
-0.173477
0.
-0.0869713
0.208969
0.185032
0.
-0.0151004
0.162479
0.170333
0.
-0.11881
0.366805
0.0310508
0.
0.110533
0.361746
0.0261471
0.
0.0818603
0.373012
-0.0302572
0.
0.0964821
0.373173
-0.0410117
0.
0.11759
0.
0.
0.
-0.0951901
0.
0.
0.
-0.221591
0.275326
-0.0534796
0.
-0.0649893
0.326849
0.0670072
0.
-0.0702863
0.282913
-0.0530791
0.
-0.0398361
0.329855
0.0998908
0.
-0.0563522
0.306655
0.0608136
0.
-0.0207508
0.328345
-0.0840671
0.
-0.0637096
0.275087
0.0553085
0.
-0.0725538
0.324248
-0.0486454
0.
-0.085439
0.
0.
0.
0.0152195
0.
0.
0.
-0.110745
0.
0.
0.
0.254139
0.
0.
0.
0.00421911
0.
0.
0.
-0.171184
0.
0.
0.
0.0428872
0.
0.
0.
0.187552
0.
0.
0.
0.415757
0.
0.
0.
0.392134
0.
0.
0.
0.263081
0.
0.
0.
0.14768
0.
0.
0.
0.117034
0.
0.
0.
0.238697
0.
0.
0.
-0.0182966
0.
0.
0.
0.570814
0.
0.
0.
0.496228
0.
0.
0.
0.337738
0.
0.
0.
-0.0457094
1.
0.
0.
0.116756
0.39812
-0.00787155
-0.00154579
0.103953
0.381653
0.
0.00047707
-0.012616
0.284984
0.
0.00211303
-0.123282
0.387102
0.
0.00502658
0.124542
0.392904
0.
-0.000354721
-0.0107448
0.28607
0.
0.00448447
-0.131768
0.374451
0.
-0.00815299
0.168319
0.399904
0.00296713
0.
0.181208
0.387723
0.019755
0.
-0.0103165
0.274453
0.0234291
0.
-0.128121
0.367582
-0.00269887
0.
0.189949
0.398243
0.0060478
0.
-0.00199033
0.279164
0.0062815
0.
-0.140706
0.235331
-0.00148265
-0.0263103
-0.115612
0.244479
-0.00858397
0.0100284
-0.165832
0.295372
-0.0336564
-0.0100331
0.0325408
0.446432
-0.0243351
-0.0686086
0.293138
0.391362
0.0242602
-0.0679701
0.228643
0.228157
0.039556
0.0132357
0.103398
0.344751
0.0288265
0.0397933
0.280267
0.214638
0.00380058
-0.0192393
-0.0552622
0.287888
-0.00108169
-0.00508856
0.0530165
0.249782
-0.00636796
0.0140668
-0.127548
0.265438
-0.0241044
0.0100496
0.0665351
0.317036
-0.0219919
0.0663141
0.232021
0.290734
0.0066872
-0.00949413
0.0956997
0.169366
-0.0523951
0.0115251
0.154566
0.328421
-0.00733932
0.0631536
0.278749
