Vec Object: 1 MPI process
  type: seq
0.
0.
0.
-0.117627
0.
0.
0.
0.128709
0.151317
-0.168383
0.
-0.118843
0.165899
-0.177694
0.
-0.099844
0.194314
0.19862
0.
-0.0703618
0.166333
0.171108
0.
-0.122949
0.382839
0.0147912
0.
0.0215564
0.373193
0.0125219
0.
0.010878
0.387538
-0.0190102
0.
0.00988183
0.389782
-0.0247802
0.
0.0302851
0.
0.
0.
-0.0557444
0.
0.
0.
-0.141942
0.292837
-0.051852
0.
-0.016863
0.323588
0.082923
0.
-0.0068687
0.298935
-0.048274
0.
0.00477048
0.326201
0.115903
0.
0.0127482
0.323615
0.0616325
0.
0.0175083
0.325356
-0.102305
0.
0.00607139
0.294124
0.046675
0.
-0.0303107
0.322417
-0.0605349
0.
-0.0145457
0.
0.
0.
-0.0957745
0.
0.
0.
-0.0656342
0.
0.
0.
0.103679
0.
0.
0.
0.041193
0.
0.
0.
-0.118792
0.
0.
0.
-0.0918958
0.
0.
0.
-0.0413405
0.
0.
0.
0.206681
0.
0.
0.
0.170208
0.
0.
0.
0.100454
0.
0.
0.
-0.0586029
0.
0.
0.
0.060462
0.
0.
0.
0.0540163
0.
0.
0.
-0.0115701
0.
0.
0.
0.35064
0.
0.
0.
0.250497
0.
0.
0.
0.136334
0.
0.
0.
-0.00650265
1.
0.
0.
0.0539931
0.403137
-0.00860454
-0.00135812
0.00649791
0.375442
0.
-0.00131687
-0.00382143
0.279266
0.
0.000458922
-0.0359018
0.352045
0.
0.0105938
0.0817082
0.381065
0.
0.00171379
-0.0122054
0.281661
0.
0.00798594
-0.0425785
0.352513
0.
-0.00821784
0.109412
0.362333
0.00977906
0.
0.118822
0.378924
0.0209195
0.
-0.00164446
0.267332
0.0252775
0.
-0.0415459
0.335446
-0.00365913
0.
0.110944
0.384698
0.00969335
0.
-0.00421272
0.273642
0.0103923
0.
-0.0491161
0.241804
0.00899596
-0.0426721
-0.0363607
0.247676
-0.0174446
0.0184758
-0.0657111
0.335084
-0.0337623
-0.0290326
0.0374953
0.429862
-0.0773259
-0.107012
0.199862
0.369618
0.0739943
-0.106775
0.152649
0.295404
0.0278021
0.0240851
0.0765564
0.349539
0.0752245
0.0613864
0.181742
0.242112
-0.00566589
-0.0251123
-0.0118923
0.351952
0.000242129
-0.0207112
0.0407275
0.256686
0.0085667
0.0239985
-0.0390615
0.314896
-0.0158571
0.019182
0.0507238
0.310433
-0.0657634
0.101736
0.158626
0.343531
0.000254089
-0.013126
0.0699124
0.259375
-0.05522
0.0320378
0.0191396
0.332533
0.0131906
0.103371
0.173233
