Vec Object: 1 MPI process
  type: seq
0.
0.
0.
-0.109352
0.
0.
0.
0.162244
0.148647
-0.168495
0.
-0.127178
0.164037
-0.177712
0.
-0.106215
0.196352
0.196707
0.
-0.0684251
0.163894
0.172161
0.
-0.132771
0.380596
0.0171471
0.
0.0322219
0.371775
0.014314
0.
0.0181949
0.385974
-0.0197881
0.
0.0175513
0.387272
-0.0272393
0.
0.0409864
0.
0.
0.
-0.0603789
0.
0.
0.
-0.156784
0.288478
-0.0505236
0.
-0.0178514
0.324322
0.0803317
0.
-0.0149623
0.294949
-0.047417
0.
0.0060209
0.326949
0.114021
0.
0.00429509
0.319341
0.0595398
0.
0.0188706
0.325957
-0.0997926
0.
-0.00279367
0.289548
0.0475932
0.
-0.0327404
0.322927
-0.0587362
0.
-0.0240167
0.
0.
0.
-0.0707572
0.
0.
0.
-0.0745674
0.
0.
0.
0.140761
0.
0.
0.
0.0315
0.
0.
0.
-0.128921
0.
0.
0.
-0.0609696
0.
0.
0.
0.012897
0.
0.
0.
0.257729
0.
0.
0.
0.225027
0.
0.
0.
0.14086
0.
0.
0.
-0.0117753
0.
0.
0.
0.0762121
0.
0.
0.
0.0994
0.
0.
0.
-0.00959587
0.
0.
0.
0.403912
0.
0.
0.
0.310583
0.
0.
0.
0.18346
0.
0.
0.
-0.00979848
1.
0.
0.
0.0578688
0.403171
-0.00858827
-0.00150281
0.0169545
0.375818
0.
-0.000853179
-0.00537007
0.280847
0.
0.000966083
-0.046668
0.362401
0.
0.00902231
0.0908674
0.382574
0.
0.00108093
-0.0131265
0.283018
0.
0.00694063
-0.0543123
0.35975
0.
-0.00840679
0.12212
0.37367
0.00784519
0.
0.133324
0.379753
0.0209978
0.
-0.00324554
0.269265
0.0253612
0.
-0.0525824
0.345405
-0.00393624
0.
0.127457
0.386254
0.00859215
0.
-0.00499856
0.275208
0.0090583
0.
-0.061587
0.240395
0.0059914
-0.0387276
-0.0457296
0.247153
-0.0151472
0.0164561
-0.0802056
0.325972
-0.0351283
-0.0229222
0.0441226
0.433632
-0.0635046
-0.0973
0.219259
0.375181
0.0610264
-0.0966625
0.170174
0.279916
0.0338499
0.0217614
0.0883566
0.348558
0.0636088
0.0550069
0.204884
0.235039
-0.00260431
-0.0237983
-0.0140028
0.336947
-0.000205505
-0.0158289
0.0488927
0.255423
0.00413203
0.0215994
-0.0500935
0.3024
-0.0190887
0.0158302
0.0613961
0.311911
-0.0546074
0.0928698
0.176476
0.330211
0.00211915
-0.0130292
0.0818373
0.238764
-0.0585515
0.0254972
0.0533586
0.33167
0.00775551
0.0933201
0.197968
