Vec Object: 1 MPI process
  type: seq
0.
0.
0.
-0.101803
0.
0.
0.
0.0270448
0.164561
-0.16719
0.
-0.0682364
0.173116
-0.178361
0.
-0.0653114
0.189446
0.20484
0.
-0.0547755
0.178566
0.165285
0.
-0.0639357
0.388162
0.00916774
0.
0.00239263
0.375422
0.00894856
0.
0.00699744
0.390335
-0.020641
0.
0.0081473
0.396883
-0.0178138
0.
0.00802917
0.
0.
0.
-0.0280276
0.
0.
0.
-0.0728696
0.314515
-0.0567668
0.
-0.0156459
0.319334
0.0887384
0.
0.00371768
0.319412
-0.0512212
0.
-0.0112569
0.322668
0.113671
0.
0.0194195
0.345778
0.0724993
0.
-0.000883422
0.322648
-0.103816
0.
0.0151595
0.315041
0.0397609
0.
-0.0172489
0.32019
-0.0628301
0.
-0.00185688
0.
0.
0.
-0.129943
0.
0.
0.
0.000106954
0.
0.
0.
-0.00635131
0.
0.
0.
0.124214
0.
0.
0.
-0.0570462
0.
0.
0.
-0.153536
0.
0.
0.
-0.212575
0.
0.
0.
0.0241679
0.
0.
0.
-0.0272402
0.
0.
0.
-0.0263108
0.
0.
0.
-0.165158
0.
0.
0.
0.0296079
0.
0.
0.
-0.0856961
0.
0.
0.
7.62016e-05
0.
0.
0.
0.130684
0.
0.
0.
0.0200811
0.
0.
0.
-0.00388137
0.
0.
0.
0.00861847
1.
0.
0.
0.042498
0.396699
-0.00830192
-0.000394422
-0.00314962
0.379364
0.
-0.00373527
-0.00406415
0.269632
0.
-0.00274816
-0.0125725
0.299142
0.
0.0197608
0.0464901
0.378151
0.
0.00482988
-0.0100819
0.271645
0.
0.0140976
-0.0114751
0.311108
0.
-0.00586677
0.055266
0.300395
0.0200949
0.
0.0543459
0.381271
0.0184789
0.
-0.00174918
0.256338
0.0208329
0.
-0.016696
0.279969
0.00249519
0.
0.0501635
0.383124
0.0150623
0.
-0.00301743
0.264489
0.0170737
0.
-0.0158128
0.248467
0.0224206
-0.0549767
-0.006663
0.248708
-0.0253096
0.0236358
-0.0181106
0.367509
-0.0240722
-0.0720572
0.00606571
0.426592
-0.145487
-0.153545
0.117198
0.355975
0.137649
-0.158331
0.0775538
0.340629
-0.0283047
0.0269105
0.0278803
0.360991
0.123117
0.10133
0.0900655
0.279504
-0.0156387
-0.0297901
-0.00738524
0.405089
0.00190414
-0.0493996
0.00842494
0.257201
0.0216997
0.032201
0.00139452
0.376842
0.00847275
0.0478553
0.00909488
0.317157
-0.119164
0.140997
0.0890995
0.405331
-0.00912365
-0.00575084
0.0195298
0.318131
0.0106625
0.073432
-0.0773195
0.345613
0.039801
0.144941
0.0798747
