Vec Object: 1 MPI process
  type: seq
0.
0.
0.
-0.121646
0.
0.
0.
0.104063
0.15364
-0.168117
0.
-0.110581
0.167409
-0.17761
0.
-0.0937121
0.193034
0.199865
0.
-0.0696464
0.168454
0.170112
0.
-0.113574
0.384189
0.0133371
0.
0.0157408
0.373947
0.011504
0.
0.00758625
0.38831
-0.0188683
0.
0.00697182
0.391389
-0.023189
0.
0.0242318
0.
0.
0.
-0.0521127
0.
0.
0.
-0.130226
0.296358
-0.053008
0.
-0.0173055
0.322986
0.0845312
0.
-0.0025208
0.302168
-0.0491023
0.
0.00215151
0.325621
0.116658
0.
0.0170085
0.327104
0.0635583
0.
0.0146969
0.324893
-0.1036
0.
0.0107006
0.297736
0.0459063
0.
-0.028966
0.321992
-0.0615573
0.
-0.00934642
0.
0.
0.
-0.111997
0.
0.
0.
-0.0573301
0.
0.
0.
0.0765813
0.
0.
0.
0.0510868
0.
0.
0.
-0.109973
0.
0.
0.
-0.112906
0.
0.
0.
-0.08119
0.
0.
0.
0.168116
0.
0.
0.
0.128637
0.
0.
0.
0.070572
0.
0.
0.
-0.0911646
0.
0.
0.
0.0495225
0.
0.
0.
0.0205702
0.
0.
0.
-0.0125145
0.
0.
0.
0.30927
0.
0.
0.
0.204438
0.
0.
0.
0.10205
0.
0.
0.
-0.00433447
1.
0.
0.
0.052323
0.402719
-0.00858376
-0.00121873
0.00151137
0.375526
0.
-0.00170189
-0.00302056
0.277869
0.
9.72447e-06
-0.0297107
0.343479
0.
0.0119429
0.0748654
0.380245
0.
0.00224882
-0.0114432
0.280389
0.
0.00889548
-0.0354218
0.346289
0.
-0.00797841
0.0996756
0.35278
0.0113969
0.
0.107337
0.378693
0.0207127
0.
-0.000804741
0.265663
0.0249825
0.
-0.0350984
0.326995
-0.00319714
0.
0.0987725
0.383954
0.0106172
0.
-0.00354929
0.272266
0.0115357
0.
-0.041364
0.242863
0.0114302
-0.0456275
-0.0303557
0.247972
-0.0192344
0.0199561
-0.0560632
0.341949
-0.032353
-0.0346615
0.0314654
0.427423
-0.0886245
-0.114807
0.184989
0.365547
0.0845699
-0.115063
0.138932
0.306837
0.0214369
0.0256274
0.0669375
0.350567
0.0843356
0.0670029
0.164057
0.247918
-0.00803997
-0.0260828
-0.0111378
0.363299
0.000599571
-0.025055
0.0340396
0.257423
0.011954
0.0258129
-0.0317448
0.325018
-0.0127869
0.0224759
0.041923
0.309745
-0.0747839
0.108749
0.144994
0.354247
-0.0013326
-0.0127748
0.0599803
0.274453
-0.050098
0.0379578
-0.00568699
0.333516
0.0176582
0.111257
0.154527
