Vec Object: 1 MPI process
  type: seq
0.
0.
0.
-0.11556
0.
0.
0.
0.0449954
0.16091
-0.167285
0.
-0.0826173
0.171418
-0.177791
0.
-0.0745569
0.190231
0.203147
0.
-0.0612764
0.175165
0.166875
0.
-0.081474
0.387032
0.0102306
0.
0.00545785
0.375075
0.0096448
0.
0.00543945
0.38959
-0.0198015
0.
0.0065745
0.395197
-0.0193821
0.
0.0122874
0.
0.
0.
-0.0373072
0.
0.
0.
-0.0919631
0.30788
-0.0558436
0.
-0.0175931
0.320812
0.0877219
0.
0.0033788
0.312953
-0.0509868
0.
-0.00719809
0.323743
0.115713
0.
0.0209232
0.338801
0.0696378
0.
0.00389842
0.323435
-0.104613
0.
0.0159145
0.308992
0.0423379
0.
-0.0224687
0.320684
-0.0629384
0.
-0.0021549
0.
0.
0.
-0.135428
0.
0.
0.
-0.0220714
0.
0.
0.
0.0124112
0.
0.
0.
0.0957661
0.
0.
0.
-0.0761561
0.
0.
0.
-0.151475
0.
0.
0.
-0.17965
0.
0.
0.
0.0651379
0.
0.
0.
0.0171469
0.
0.
0.
-0.0027699
0.
0.
0.
-0.156847
0.
0.
0.
0.0299901
0.
0.
0.
-0.0606952
0.
0.
0.
-0.00751881
0.
0.
0.
0.188231
0.
0.
0.
0.0758339
0.
0.
0.
0.0202998
0.
0.
0.
0.00395152
1.
0.
0.
0.0471675
0.399575
-0.00843617
-0.000709501
-0.00369602
0.377482
0.
-0.00300317
-0.00300895
0.272724
0.
-0.00167113
-0.0172352
0.315355
0.
0.0167633
0.055655
0.378819
0.
0.00397384
-0.0101553
0.275207
0.
0.0121377
-0.0188788
0.324513
0.
-0.00678974
0.0704591
0.320125
0.0168954
0.
0.0721026
0.379802
0.0194187
0.
-0.000722212
0.259738
0.0228172
0.
-0.0217879
0.297842
-0.000228397
0.
0.0653431
0.383215
0.0135786
0.
-0.00267603
0.267338
0.0152697
0.
-0.0234008
0.246242
0.0188378
-0.0529941
-0.0140459
0.248477
-0.0239874
0.0232506
-0.0303336
0.360409
-0.0270089
-0.0570452
0.0138862
0.424427
-0.125398
-0.139696
0.140128
0.356704
0.118881
-0.142551
0.0977546
0.334336
-0.00761211
0.0278779
0.0398869
0.356131
0.110968
0.0879486
0.113609
0.267597
-0.0139529
-0.0286767
-0.00872622
0.393675
0.00155957
-0.0406942
0.0160029
0.258061
0.0200639
0.0305412
-0.0101503
0.358011
-0.000237586
0.0369811
0.0183724
0.312
-0.103615
0.130105
0.106642
0.387944
-0.00655886
-0.00915005
0.0316092
0.309993
-0.0176072
0.0602023
-0.0623876
0.339572
0.0321326
0.134378
0.102763
