Vec Object: 1 MPI process
  type: seq
0.
0.
0.
-0.0820601
0.
0.
0.
0.0191006
0.168785
-0.167716
0.
-0.0521531
0.175255
-0.179598
0.
-0.0543884
0.189551
0.20698
0.
-0.0456069
0.182215
0.163851
0.
-0.0437197
0.389481
0.00844981
0.
-0.000230155
0.376326
0.00770406
0.
0.00932172
0.392031
-0.0217103
0.
0.00932102
0.398864
-0.0163749
0.
0.00395654
0.
0.
0.
-0.0192505
0.
0.
0.
-0.057137
0.323168
-0.0577491
0.
-0.0123372
0.317035
0.0898082
0.
0.00310653
0.328232
-0.0505734
0.
-0.0146934
0.321385
0.110218
0.
0.0162119
0.355139
0.0752799
0.
-0.00462172
0.321796
-0.102061
0.
0.0127654
0.322378
0.0365021
0.
-0.0109877
0.320277
-0.062122
0.
-0.002965
0.
0.
0.
-0.110333
0.
0.
0.
0.0226096
0.
0.
0.
-0.0132526
0.
0.
0.
0.150672
0.
0.
0.
-0.0409423
0.
0.
0.
-0.141103
0.
0.
0.
-0.231551
0.
0.
0.
-0.0086799
0.
0.
0.
-0.0623037
0.
0.
0.
-0.0380096
0.
0.
0.
-0.149188
0.
0.
0.
0.0362293
0.
0.
0.
-0.0956919
0.
0.
0.
0.0113104
0.
0.
0.
0.0718977
0.
0.
0.
-0.0300451
0.
0.
0.
-0.0127271
0.
0.
0.
0.0111616
1.
0.
0.
0.0347013
0.391703
-0.00795273
0.000104357
-0.00138702
0.382199
0.
-0.00456845
-0.0054746
0.265924
0.
-0.00421884
-0.00777465
0.2776
0.
0.0237666
0.0362791
0.376621
0.
0.00563843
-0.00983935
0.266532
0.
0.0166694
-0.00320843
0.292688
0.
-0.00425418
0.0378117
0.273506
0.0239418
0.
0.0353982
0.383639
0.0173504
0.
-0.00311546
0.252662
0.0173396
0.
-0.011606
0.254853
0.00720444
0.
0.0348637
0.382487
0.0165175
0.
-0.00359778
0.261117
0.0184658
0.
-0.00798922
0.251771
0.0261848
-0.0543421
-0.000774867
0.248925
-0.0243227
0.022039
-0.00577806
0.371921
-0.021197
-0.0922275
-0.00216878
0.433738
-0.168476
-0.17106
0.091674
0.361704
0.15939
-0.177957
0.056543
0.335243
-0.0544281
0.0234404
0.0156026
0.368924
0.134403
0.118645
0.0660493
0.295385
-0.016028
-0.0309654
-0.00734935
0.411983
0.00213226
-0.0578796
0.000562295
0.254443
0.0193273
0.0332498
0.0134505
0.4012
0.0207262
0.0643052
0.000518863
0.32897
-0.137206
0.153339
0.0712316
0.423798
-0.011153
-0.00094132
0.0084392
0.313478
0.0512962
0.0872615
-0.0809477
0.357172
0.0479393
0.154398
0.0578511
