Vec Object: 1 MPI process
  type: seq
0.
0.
0.
-0.113529
0.
0.
0.
0.0410349
0.161577
-0.167243
0.
-0.0799909
0.171736
-0.177866
0.
-0.072858
0.190048
0.203448
0.
-0.0601946
0.175788
0.166578
0.
-0.0783344
0.387243
0.0100136
0.
0.0048303
0.375134
0.00952112
0.
0.00563478
0.3897
-0.0199446
0.
0.00684178
0.395508
-0.0190804
0.
0.0114534
0.
0.
0.
-0.035643
0.
0.
0.
-0.0883432
0.309037
-0.0560321
0.
-0.017345
0.320568
0.0879259
0.
0.0035349
0.314063
-0.0510728
0.
-0.00798757
0.323554
0.115413
0.
0.0207802
0.340005
0.0701776
0.
0.00295668
0.323293
-0.104524
0.
0.0159048
0.310071
0.0419012
0.
-0.0215929
0.320576
-0.0629551
0.
-0.00197437
0.
0.
0.
-0.135339
0.
0.
0.
-0.0181263
0.
0.
0.
0.00819737
0.
0.
0.
0.100848
0.
0.
0.
-0.0726281
0.
0.
0.
-0.152794
0.
0.
0.
-0.186638
0.
0.
0.
0.0569927
0.
0.
0.
0.00831235
0.
0.
0.
-0.00786264
0.
0.
0.
-0.159803
0.
0.
0.
0.029424
0.
0.
0.
-0.0662175
0.
0.
0.
-0.00636857
0.
0.
0.
0.177489
0.
0.
0.
0.0650763
0.
0.
0.
0.0148771
0.
0.
0.
0.0048446
1.
0.
0.
0.0464517
0.399129
-0.00841687
-0.000656273
-0.00370457
0.377782
0.
-0.00313377
-0.00316428
0.272181
0.
-0.00185467
-0.0163399
0.312535
0.
0.0172766
0.0539653
0.378714
0.
0.00413395
-0.0101247
0.274611
0.
0.0124771
-0.0175173
0.322222
0.
-0.00664198
0.0677208
0.316737
0.0174569
0.
0.0688415
0.380026
0.0192576
0.
-0.000872878
0.25913
0.022509
0.
-0.0208127
0.294792
0.000192855
0.
0.0624846
0.383203
0.0138544
0.
-0.00270572
0.266832
0.0156144
0.
-0.0219696
0.246607
0.0195057
-0.0534791
-0.0126184
0.248515
-0.0243159
0.0234099
-0.0280638
0.361857
-0.0264704
-0.0595807
0.0124128
0.424593
-0.128996
-0.142137
0.135954
0.356307
0.122237
-0.145319
0.0940142
0.336019
-0.0110946
0.027832
0.0376193
0.356894
0.113283
0.0902356
0.109202
0.269643
-0.0143436
-0.0288894
-0.00844856
0.396026
0.00163132
-0.0422788
0.0145579
0.257978
0.0205365
0.0308905
-0.00805725
0.361305
0.00121405
0.0387507
0.0165509
0.312676
-0.106403
0.132086
0.103342
0.391122
-0.00704651
-0.00860814
0.0292694
0.312133
-0.0130907
0.0625556
-0.0658838
0.340474
0.0335255
0.136394
0.0983999
