Vec Object: 1 MPI process
  type: seq
0.
0.
0.
-0.109054
0.
0.
0.
0.0343393
0.162839
-0.16719
0.
-0.0750128
0.172325
-0.178042
0.
-0.0696598
0.189745
0.204026
0.
-0.0580172
0.176968
0.16602
0.
-0.072304
0.387635
0.00962982
0.
0.00373076
0.375245
0.009288
0.
0.00612667
0.389933
-0.0202298
0.
0.00738919
0.396091
-0.0185269
0.
0.00994674
0.
0.
0.
-0.0324223
0.
0.
0.
-0.0815932
0.311293
-0.0563614
0.
-0.0167363
0.320077
0.0882866
0.
0.00370587
0.316246
-0.0511854
0.
-0.00942758
0.323187
0.114753
0.
0.0203369
0.342367
0.0711815
0.
0.00124793
0.323021
-0.104285
0.
0.0157192
0.312147
0.0410293
0.
-0.0198262
0.320389
-0.0629415
0.
-0.00179736
0.
0.
0.
-0.134051
0.
0.
0.
-0.0104665
0.
0.
0.
0.00114497
0.
0.
0.
0.110706
0.
0.
0.
-0.0659249
0.
0.
0.
-0.154149
0.
0.
0.
-0.198729
0.
0.
0.
0.0423283
0.
0.
0.
-0.00758646
0.
0.
0.
-0.0165791
0.
0.
0.
-0.163696
0.
0.
0.
0.0289626
0.
0.
0.
-0.0755608
0.
0.
0.
-0.00388509
0.
0.
0.
0.157389
0.
0.
0.
0.0453476
0.
0.
0.
0.00578768
0.
0.
0.
0.006517
1.
0.
0.
0.0449336
0.398193
-0.00837518
-0.000550921
-0.00357707
0.378403
0.
-0.00338554
-0.00351012
0.271125
0.
-0.00221808
-0.0147037
0.307033
0.
0.0182895
0.0507853
0.378501
0.
0.00443398
-0.0100937
0.273419
0.
0.0131422
-0.0149543
0.317699
0.
-0.00633892
0.0624876
0.310071
0.0185494
0.
0.0626749
0.380505
0.018938
0.
-0.00120949
0.257959
0.0218629
0.
-0.0190253
0.288771
0.00107888
0.
0.0571688
0.383182
0.0143729
0.
-0.00280611
0.265855
0.0162539
0.
-0.0193164
0.247346
0.0207567
-0.0542612
-0.00999194
0.248591
-0.0248456
0.023612
-0.0237999
0.364431
-0.025447
-0.0646349
0.00968053
0.425173
-0.135907
-0.146863
0.128022
0.355847
0.128688
-0.150701
0.0869773
0.338613
-0.0180714
0.0275919
0.0334169
0.358484
0.117564
0.0947602
0.100973
0.27367
-0.0149876
-0.0292806
-0.00794534
0.40018
0.0017569
-0.0453052
0.0119009
0.257736
0.0212388
0.0314987
-0.00405709
0.367714
0.00412998
0.0423568
0.013259
0.314259
-0.111751
0.135851
0.0972017
0.397154
-0.0079539
-0.00748269
0.0249941
0.315445
-0.00374032
0.067114
-0.0715883
0.34241
0.0361805
0.140121
0.0903453
