Vec Object: 1 MPI process
  type: seq
0.
0.
0.
-0.0834936
0.
0.
0.
0.0192101
0.168454
-0.167639
0.
-0.0533577
0.175063
-0.179474
0.
-0.0552734
0.189485
0.206804
0.
-0.0463779
0.181954
0.16393
0.
-0.0452229
0.389375
0.00847727
0.
-5.74621e-05
0.376214
0.00783753
0.
0.00916905
0.39185
-0.0216236
0.
0.00929247
0.398706
-0.0164655
0.
0.00424192
0.
0.
0.
-0.0197438
0.
0.
0.
-0.0579441
0.322451
-0.0576629
0.
-0.0125946
0.317246
0.0897185
0.
0.00316815
0.327482
-0.0506696
0.
-0.0145014
0.32148
0.110526
0.
0.0164887
0.354355
0.0750946
0.
-0.00442818
0.321855
-0.102226
0.
0.0129864
0.321795
0.0367534
0.
-0.0114327
0.320225
-0.0621996
0.
-0.00285005
0.
0.
0.
-0.112196
0.
0.
0.
0.0212168
0.
0.
0.
-0.0133016
0.
0.
0.
0.149304
0.
0.
0.
-0.0417095
0.
0.
0.
-0.142516
0.
0.
0.
-0.230881
0.
0.
0.
-0.00680307
0.
0.
0.
-0.06035
0.
0.
0.
-0.0377443
0.
0.
0.
-0.151366
0.
0.
0.
0.0355497
0.
0.
0.
-0.0957085
0.
0.
0.
0.0104219
0.
0.
0.
0.0759978
0.
0.
0.
-0.0268911
0.
0.
0.
-0.0127916
0.
0.
0.
0.0111664
1.
0.
0.
0.0353997
0.392175
-0.00799366
5.63974e-05
-0.00153937
0.381957
0.
-0.0045073
-0.00537821
0.266205
0.
-0.00409434
-0.00812443
0.279408
0.
0.0234374
0.0370559
0.376794
0.
0.00558824
-0.00988737
0.266972
0.
0.0164565
-0.00382061
0.294249
0.
-0.00441425
0.0391211
0.275779
0.0236521
0.
0.0367508
0.383432
0.0174338
0.
-0.00302279
0.25291
0.0176768
0.
-0.0119596
0.257028
0.00676272
0.
0.0359334
0.382579
0.016423
0.
-0.00356513
0.261375
0.0184068
0.
-0.00854504
0.251494
0.0259056
-0.0545372
-0.00108291
0.248926
-0.0245506
0.0222638
-0.00660855
0.371782
-0.0213799
-0.090594
-0.00156896
0.432973
-0.166777
-0.169637
0.0935643
0.3609
0.157762
-0.176409
0.0580191
0.336296
-0.0524967
0.0237927
0.0164677
0.368211
0.133678
0.117286
0.0677299
0.294078
-0.0160513
-0.0308723
-0.00726723
0.411759
0.00212153
-0.0573672
0.00113914
0.254758
0.0197378
0.0331973
0.0126369
0.399194
0.0197063
0.0628726
0.00109851
0.327759
-0.135844
0.152407
0.0724979
0.422505
-0.011063
-0.00131889
0.00916743
0.314469
0.0480663
0.0863869
-0.0811682
0.356033
0.0473854
0.15383
0.059339
