Vec Object: 1 MPI process
  type: seq
0.
0.
0.
-0.0999644
0.
0.
0.
0.0256699
0.164963
-0.167204
0.
-0.066664
0.173302
-0.178449
0.
-0.0642952
0.189399
0.205034
0.
-0.0539752
0.178934
0.16512
0.
-0.0619712
0.388284
0.0090714
0.
0.00210443
0.375473
0.00886158
0.
0.00722298
0.390448
-0.0207395
0.
0.0083141
0.397068
-0.0176557
0.
0.00760342
0.
0.
0.
-0.0270306
0.
0.
0.
-0.0709644
0.315292
-0.0568568
0.
-0.0153564
0.319147
0.0888394
0.
0.0036904
0.320184
-0.0512078
0.
-0.0116566
0.322544
0.11339
0.
0.0191623
0.346607
0.0727953
0.
-0.00133991
0.322561
-0.103684
0.
0.0149856
0.315726
0.0394551
0.
-0.0166322
0.320157
-0.0627891
0.
-0.00191297
0.
0.
0.
-0.128608
0.
0.
0.
0.0025386
0.
0.
0.
-0.00772242
0.
0.
0.
0.127284
0.
0.
0.
-0.0550804
0.
0.
0.
-0.152987
0.
0.
0.
-0.215327
0.
0.
0.
0.0202814
0.
0.
0.
-0.0314358
0.
0.
0.
-0.0281906
0.
0.
0.
-0.164829
0.
0.
0.
0.029961
0.
0.
0.
-0.0875861
0.
0.
0.
0.00107924
0.
0.
0.
0.124618
0.
0.
0.
0.0145172
0.
0.
0.
-0.00564811
0.
0.
0.
0.0090529
1.
0.
0.
0.0418674
0.396311
-0.00828099
-0.000355161
-0.00301584
0.379606
0.
-0.00381716
-0.00420209
0.269278
0.
-0.00287751
-0.0120899
0.297232
0.
0.0201188
0.0454968
0.378054
0.
0.00491867
-0.0100793
0.271206
0.
0.0143284
-0.0106666
0.309497
0.
-0.00574494
0.0535747
0.298036
0.0204623
0.
0.0524312
0.381468
0.0183695
0.
-0.00188342
0.255961
0.020565
0.
-0.0161702
0.277808
0.00286333
0.
0.0485798
0.383101
0.0152181
0.
-0.00307518
0.264167
0.0172514
0.
-0.0150162
0.248749
0.0227993
-0.0550743
-0.00594524
0.248736
-0.025363
0.0235927
-0.0168176
0.36814
-0.0237608
-0.0738706
0.00524096
0.427038
-0.147732
-0.155143
0.114687
0.356155
0.139754
-0.160154
0.0754019
0.3408
-0.0307847
0.0266892
0.0266241
0.361635
0.124351
0.102922
0.0875897
0.280922
-0.0157494
-0.029905
-0.00728854
0.406085
0.00193416
-0.0503306
0.00763674
0.257037
0.0217087
0.0323418
0.00264775
0.379038
0.00954598
0.0492383
0.00817761
0.317972
-0.120904
0.142196
0.0872646
0.407212
-0.00937842
-0.00531826
0.0183241
0.318411
0.0142735
0.0748961
-0.078301
0.346467
0.0406366
0.146006
0.0775348
