Vec Object: 1 MPI process
  type: seq
0.
0.
0.
-0.095698
0.
0.
0.
0.0230486
0.165866
-0.167259
0.
-0.063147
0.173726
-0.178669
0.
-0.0619999
0.18933
0.205478
0.
-0.0521157
0.179752
0.164765
0.
-0.0575545
0.388562
0.00887281
0.
0.00148661
0.375605
0.00864888
0.
0.00774546
0.390732
-0.0209638
0.
0.00866062
0.397487
-0.0173134
0.
0.00667468
0.
0.
0.
-0.024868
0.
0.
0.
-0.0669257
0.317074
-0.057057
0.
-0.0146694
0.318704
0.0890634
0.
0.00359629
0.321969
-0.0511444
0.
-0.0125109
0.322265
0.11272
0.
0.0185355
0.348518
0.0734414
0.
-0.00230033
0.322369
-0.10336
0.
0.0145439
0.317278
0.0387587
0.
-0.015241
0.320107
-0.0626765
0.
-0.00208723
0.
0.
0.
-0.125125
0.
0.
0.
0.0078783
0.
0.
0.
-0.0102617
0.
0.
0.
0.133937
0.
0.
0.
-0.0508931
0.
0.
0.
-0.151212
0.
0.
0.
-0.220815
0.
0.
0.
0.0120763
0.
0.
0.
-0.0402715
0.
0.
0.
-0.0318463
0.
0.
0.
-0.163148
0.
0.
0.
0.0310116
0.
0.
0.
-0.0911386
0.
0.
0.
0.00341874
0.
0.
0.
0.111261
0.
0.
0.
0.00253346
0.
0.
0.
-0.00891447
0.
0.
0.
0.00991723
1.
0.
0.
0.0403616
0.395376
-0.00822678
-0.000261968
-0.00267822
0.380175
0.
-0.00400071
-0.0045174
0.268477
0.
-0.00317637
-0.0110229
0.292834
0.
0.0209439
0.0432764
0.377808
0.
0.00511156
-0.0100663
0.270183
0.
0.0148583
-0.00885554
0.305766
0.
-0.00545144
0.0497739
0.292578
0.0212943
0.
0.0481843
0.381933
0.0181226
0.
-0.00218991
0.255122
0.0199193
0.
-0.0150137
0.272785
0.00374817
0.
0.0451006
0.383028
0.0155587
0.
-0.00321069
0.26344
0.0176249
0.
-0.0132567
0.249413
0.0236356
-0.0551844
-0.00443328
0.248801
-0.0253899
0.0234197
-0.0139764
0.369419
-0.0230811
-0.0780518
0.00341231
0.428211
-0.152772
-0.158793
0.109074
0.356803
0.144489
-0.164304
0.0706498
0.340713
-0.0364433
0.0261035
0.0238534
0.363168
0.127022
0.106572
0.0821392
0.284191
-0.0159391
-0.0301591
-0.00713329
0.408091
0.00199542
-0.0523634
0.00589311
0.256603
0.0215708
0.0326252
0.00541527
0.384071
0.0120404
0.0524913
0.00618913
0.320021
-0.12482
0.144882
0.0832266
0.411382
-0.00991634
-0.00431338
0.0157171
0.318515
0.0226914
0.078133
-0.0800087
0.348556
0.0424896
0.1483
0.0724355
