Vec Object: 1 MPI process
  type: seq
0.
0.
0.
-0.0770023
0.
0.
0.
0.0194256
0.170102
-0.1681
0.
-0.0475365
0.176085
-0.180146
0.
-0.0508099
0.18993
0.207689
0.
-0.0424936
0.183184
0.163633
0.
-0.0380443
0.389905
0.0084064
0.
-0.000853544
0.37687
0.00708869
0.
0.00980709
0.392848
-0.0220626
0.
0.0092895
0.399495
-0.0160663
0.
0.00288834
0.
0.
0.
-0.017755
0.
0.
0.
-0.0548028
0.326083
-0.058123
0.
-0.0113834
0.316141
0.0901903
0.
0.00287312
0.331305
-0.0501034
0.
-0.0152797
0.321031
0.108934
0.
0.0151076
0.358335
0.0759455
0.
-0.00518927
0.321582
-0.101366
0.
0.0118624
0.324706
0.0355329
0.
-0.0093746
0.32059
-0.0617761
0.
-0.0034345
0.
0.
0.
-0.10282
0.
0.
0.
0.0271993
0.
0.
0.
-0.0121996
0.
0.
0.
0.154253
0.
0.
0.
-0.0390336
0.
0.
0.
-0.13512
0.
0.
0.
-0.232854
0.
0.
0.
-0.014861
0.
0.
0.
-0.0685942
0.
0.
0.
-0.0380474
0.
0.
0.
-0.139394
0.
0.
0.
0.0389336
0.
0.
0.
-0.0943793
0.
0.
0.
0.014714
0.
0.
0.
0.056795
0.
0.
0.
-0.0410022
0.
0.
0.
-0.0114004
0.
0.
0.
0.0107256
1.
0.
0.
0.0318196
0.389681
-0.0077582
0.00031535
-0.000796493
0.383174
0.
-0.00479884
-0.00580247
0.264849
0.
-0.00473089
-0.00645243
0.270231
0.
0.0250805
0.033254
0.375807
0.
0.00580665
-0.00956739
0.264729
0.
0.0175333
-0.000908536
0.286313
0.
-0.00353817
0.0328256
0.264242
0.0250359
0.
0.0303641
0.384488
0.0170363
0.
-0.00342826
0.2518
0.015865
0.
-0.0103189
0.245851
0.00909171
0.
0.030893
0.38202
0.0168463
0.
-0.00367483
0.260114
0.0185831
0.
-0.00592929
0.252852
0.0272859
-0.0533145
0.000163325
0.248838
-0.0230969
0.02097
-0.00280976
0.372053
-0.0205651
-0.0986647
-0.00442363
0.437109
-0.174866
-0.176748
0.0844804
0.3656
0.165575
-0.184011
0.0510886
0.32994
-0.0614841
0.0219671
0.012426
0.371884
0.136952
0.123869
0.0598339
0.300596
-0.0158974
-0.0313515
-0.00779468
0.412298
0.00216214
-0.0595271
-0.00162506
0.252979
0.0172672
0.0334362
0.016348
0.409282
0.0247922
0.0701702
-0.00158926
0.33431
-0.142414
0.156917
0.0664867
0.428521
-0.0113447
0.000485272
0.00582044
0.30858
0.0635454
0.0901304
-0.0793936
0.362151
0.049882
0.156271
0.052425
