Vec Object: 1 MPI process
  type: seq
0.
0.
0.
-0.108406
0.
0.
0.
0.0335375
0.163005
-0.167186
0.
-0.0743555
0.172402
-0.178069
0.
-0.0692387
0.18971
0.204103
0.
-0.057717
0.177124
0.165947
0.
-0.0715
0.387686
0.00958187
0.
0.00359349
0.375261
0.00925673
0.
0.00620214
0.389967
-0.0202686
0.
0.00746352
0.396167
-0.0184557
0.
0.0097544
0.
0.
0.
-0.0319937
0.
0.
0.
-0.0807185
0.311598
-0.0564026
0.
-0.016643
0.320009
0.0883321
0.
0.00371735
0.316543
-0.0511951
0.
-0.00961196
0.323137
0.114658
0.
0.0202628
0.342687
0.071312
0.
0.00103063
0.322985
-0.104246
0.
0.0156795
0.312424
0.0409101
0.
-0.0195837
0.320366
-0.0629353
0.
-0.00178889
0.
0.
0.
-0.133771
0.
0.
0.
-0.00944291
0.
0.
0.
0.000308761
0.
0.
0.
0.112021
0.
0.
0.
-0.0650449
0.
0.
0.
-0.154215
0.
0.
0.
-0.200208
0.
0.
0.
0.040472
0.
0.
0.
-0.00959788
0.
0.
0.
-0.0176342
0.
0.
0.
-0.164037
0.
0.
0.
0.0289614
0.
0.
0.
-0.076679
0.
0.
0.
-0.00352881
0.
0.
0.
0.154763
0.
0.
0.
0.042812
0.
0.
0.
0.00470911
0.
0.
0.
0.00673259
1.
0.
0.
0.0447165
0.39806
-0.00836904
-0.000536487
-0.00354748
0.378491
0.
-0.00341916
-0.00356019
0.270983
0.
-0.00226766
-0.0144927
0.306289
0.
0.0184273
0.0503672
0.378471
0.
0.00447313
-0.0100916
0.273255
0.
0.0132323
-0.0146168
0.317083
0.
-0.0062964
0.061792
0.309165
0.0186964
0.
0.0618629
0.380574
0.0188945
0.
-0.00125827
0.257803
0.0217711
0.
-0.0187945
0.28795
0.00120509
0.
0.0564771
0.383178
0.0144407
0.
-0.00282325
0.265725
0.0163365
0.
-0.0189713
0.247448
0.0209202
-0.0543496
-0.00965486
0.248602
-0.024905
0.0236278
-0.0232413
0.364753
-0.0253121
-0.0653272
0.00932504
0.425277
-0.136829
-0.147498
0.126973
0.355818
0.129549
-0.151426
0.0860543
0.338891
-0.0190285
0.0275444
0.0328709
0.35871
0.118118
0.0953767
0.0998998
0.274217
-0.0150626
-0.0293312
-0.0078831
0.400696
0.00177242
-0.0457053
0.0115572
0.257695
0.0213105
0.0315734
-0.00352711
0.368577
0.00453186
0.0428592
0.0128395
0.3145
-0.112464
0.136349
0.0964025
0.39795
-0.00807135
-0.00732457
0.0244457
0.315802
-0.00242747
0.0677234
-0.0722488
0.34269
0.036532
0.140603
0.0893037
