Vec Object: 1 MPI process
  type: seq
0.
0.
0.
-0.0951442
0.
0.
0.
0.0227614
0.165982
-0.167269
0.
-0.0627004
0.173782
-0.178699
0.
-0.0617054
0.189326
0.205536
0.
-0.0518724
0.179855
0.164721
0.
-0.0569918
0.388598
0.00884938
0.
0.00141065
0.375624
0.00861969
0.
0.00781287
0.390772
-0.0209927
0.
0.00870133
0.397541
-0.0172711
0.
0.00655894
0.
0.
0.
-0.0246018
0.
0.
0.
-0.0664379
0.317305
-0.0570826
0.
-0.0145789
0.318645
0.0890918
0.
0.00358143
0.322202
-0.0511328
0.
-0.012615
0.32223
0.112631
0.
0.0184512
0.348767
0.0735218
0.
-0.00241585
0.322344
-0.103315
0.
0.0144829
0.317477
0.0386691
0.
-0.0150638
0.320103
-0.0626601
0.
-0.00211378
0.
0.
0.
-0.124635
0.
0.
0.
0.00854305
0.
0.
0.
-0.0105309
0.
0.
0.
0.134754
0.
0.
0.
-0.0503863
0.
0.
0.
-0.150933
0.
0.
0.
-0.221444
0.
0.
0.
0.0110844
0.
0.
0.
-0.041337
0.
0.
0.
-0.0322549
0.
0.
0.
-0.162839
0.
0.
0.
0.0311698
0.
0.
0.
-0.0915209
0.
0.
0.
0.00372442
0.
0.
0.
0.109588
0.
0.
0.
0.00105964
0.
0.
0.
-0.00926014
0.
0.
0.
0.0100146
1.
0.
0.
0.0401606
0.395251
-0.00821904
-0.000249519
-0.00263195
0.380249
0.
-0.00402402
-0.00455782
0.268374
0.
-0.00321534
-0.0108885
0.292262
0.
0.0210512
0.0429944
0.377773
0.
0.00513541
-0.0100635
0.270048
0.
0.014927
-0.00862527
0.305278
0.
-0.00541182
0.0492896
0.291866
0.0214009
0.
0.047649
0.381995
0.0180911
0.
-0.00222915
0.255017
0.0198323
0.
-0.0148688
0.272127
0.00386706
0.
0.0446653
0.383016
0.0156011
0.
-0.00322823
0.263347
0.0176697
0.
-0.0130355
0.2495
0.0237407
-0.0551869
-0.00425139
0.248809
-0.0253831
0.0233896
-0.0136214
0.369567
-0.0229968
-0.0785953
0.00318153
0.428379
-0.153413
-0.159265
0.108363
0.356911
0.145093
-0.164838
0.0700529
0.340651
-0.0371711
0.0260199
0.0235054
0.363372
0.127352
0.107044
0.081456
0.284617
-0.0159574
-0.0301912
-0.00712031
0.408322
0.00200262
-0.0526154
0.00567331
0.256541
0.0215364
0.0326581
0.00576224
0.384723
0.0123667
0.052921
0.00594268
0.320305
-0.125319
0.145224
0.0827204
0.411907
-0.009981
-0.00418235
0.0153952
0.318474
0.0237924
0.0785384
-0.080177
0.348841
0.0427229
0.148581
0.0718017
