Vec Object: 1 MPI process
  type: seq
0.
0.
0.
-0.118801
0.
0.
0.
0.12274
0.151852
-0.168329
0.
-0.116996
0.166256
-0.177675
0.
-0.0984544
0.193992
0.198929
0.
-0.0703354
0.166822
0.170882
0.
-0.120839
0.383185
0.0144222
0.
0.0200207
0.373395
0.0122558
0.
0.00993913
0.387749
-0.0189459
0.
0.00899529
0.390184
-0.0243834
0.
0.0287097
0.
0.
0.
-0.0549164
0.
0.
0.
-0.139212
0.293657
-0.0521235
0.
-0.0169176
0.323449
0.0833327
0.
-0.00570396
0.299686
-0.0484659
0.
0.00423642
0.326065
0.116135
0.
0.0139203
0.324425
0.062071
0.
0.0169429
0.325247
-0.10266
0.
0.0073273
0.294972
0.0465046
0.
-0.029986
0.322319
-0.0608047
0.
-0.0131619
0.
0.
0.
-0.099903
0.
0.
0.
-0.0638075
0.
0.
0.
0.0971045
0.
0.
0.
0.0433181
0.
0.
0.
-0.116807
0.
0.
0.
-0.0971395
0.
0.
0.
-0.0509741
0.
0.
0.
0.197454
0.
0.
0.
0.160274
0.
0.
0.
0.0932372
0.
0.
0.
-0.0666484
0.
0.
0.
0.0577401
0.
0.
0.
0.0459297
0.
0.
0.
-0.0118698
0.
0.
0.
0.340856
0.
0.
0.
0.239542
0.
0.
0.
0.128014
0.
0.
0.
-0.00598819
1.
0.
0.
0.0535359
0.403068
-0.00860172
-0.00132704
0.00511004
0.375434
0.
-0.00140572
-0.00359715
0.27895
0.
0.000357355
-0.0342979
0.350059
0.
0.010902
0.0800707
0.380847
0.
0.00183714
-0.0120205
0.281379
0.
0.00819304
-0.0407636
0.351088
0.
-0.00816851
0.107105
0.360133
0.0101521
0.
0.116127
0.378839
0.0208819
0.
-0.00141048
0.266951
0.0252261
0.
-0.0398837
0.333504
-0.00357038
0.
0.10802
0.38449
0.00990682
0.
-0.00405112
0.27333
0.0106548
0.
-0.0471606
0.242056
0.00956495
-0.0433818
-0.0348772
0.247754
-0.0178689
0.0188347
-0.0633377
0.336725
-0.0334533
-0.0302887
0.0361073
0.42924
-0.0799499
-0.108833
0.196343
0.368628
0.0764524
-0.108697
0.149417
0.298163
0.0264358
0.0244738
0.0742936
0.349756
0.0773735
0.0626583
0.177537
0.243457
-0.00623268
-0.0253457
-0.0116782
0.354663
0.000326568
-0.0216936
0.0391494
0.256881
0.00937885
0.0244326
-0.037275
0.317253
-0.0151772
0.0199018
0.0486509
0.310227
-0.067866
0.103384
0.155381
0.346034
-0.000110377
-0.0130784
0.0675912
0.263026
-0.0542266
0.0333682
0.0130938
0.332734
0.0142268
0.105231
0.168767
