Vec Object: 1 MPI process
  type: seq
0.
0.
0.
-0.0971128
0.
0.
0.
0.0238357
0.16557
-0.167238
0.
-0.064297
0.173586
-0.178594
0.
-0.0627546
0.189347
0.205331
0.
-0.0527345
0.179486
0.164879
0.
-0.0590017
0.388471
0.00893504
0.
0.00168471
0.375558
0.00872159
0.
0.00757266
0.390634
-0.0208898
0.
0.00855208
0.397349
-0.0174235
0.
0.00697491
0.
0.
0.
-0.0255629
0.
0.
0.
-0.0682091
0.316484
-0.0569914
0.
-0.0148994
0.318853
0.0889902
0.
0.00363169
0.321376
-0.0511705
0.
-0.012238
0.322357
0.112945
0.
0.0187479
0.347884
0.0732327
0.
-0.001996
0.322431
-0.10347
0.
0.0146959
0.316767
0.0389882
0.
-0.0156969
0.320119
-0.0627166
0.
-0.00202327
0.
0.
0.
-0.126338
0.
0.
0.
0.00615131
0.
0.
0.
-0.00951277
0.
0.
0.
0.131801
0.
0.
0.
-0.0522258
0.
0.
0.
-0.151875
0.
0.
0.
-0.219124
0.
0.
0.
0.0146829
0.
0.
0.
-0.0374685
0.
0.
0.
-0.030736
0.
0.
0.
-0.163843
0.
0.
0.
0.0306295
0.
0.
0.
-0.0900819
0.
0.
0.
0.00264019
0.
0.
0.
0.115595
0.
0.
0.
0.00637901
0.
0.
0.
-0.00795222
0.
0.
0.
0.00965285
1.
0.
0.
0.0408689
0.395693
-0.00824575
-0.000293344
-0.00279402
0.379985
0.
-0.00394067
-0.0044136
0.26874
0.
-0.00307713
-0.0113701
0.294292
0.
0.0206703
0.0440025
0.377893
0.
0.00504944
-0.0100721
0.270524
0.
0.0146828
-0.00944813
0.307006
0.
-0.00555089
0.0510192
0.294391
0.0210209
0.
0.0495669
0.381777
0.0182036
0.
-0.00208907
0.255395
0.0201379
0.
-0.0153889
0.274458
0.00344905
0.
0.0462284
0.383055
0.0154487
0.
-0.00316574
0.263679
0.0175068
0.
-0.0138286
0.249191
0.0233637
-0.0551657
-0.00491247
0.24878
-0.0253963
0.0234885
-0.014897
0.369022
-0.0233004
-0.0766656
0.00400793
0.4278
-0.151122
-0.157588
0.110908
0.356551
0.142937
-0.162935
0.0721936
0.340816
-0.0345781
0.026309
0.0247534
0.362652
0.126163
0.105365
0.0839076
0.283107
-0.015886
-0.0300764
-0.00717401
0.407471
0.00197629
-0.0517076
0.00646059
0.256755
0.0216413
0.0325373
0.00451683
0.382406
0.0112102
0.0514025
0.00682989
0.319315
-0.123536
0.144003
0.0845368
0.410025
-0.00974584
-0.00464734
0.0165556
0.318564
0.0198888
0.0770825
-0.0795249
0.347845
0.0418867
0.147564
0.0740819
