Vec Object: 1 MPI process
  type: seq
0.
0.
0.
-0.0823932
0.
0.
0.
0.0191191
0.168707
-0.167697
0.
-0.0524357
0.175209
-0.179568
0.
-0.0545976
0.189534
0.206939
0.
-0.0457892
0.182154
0.163869
0.
-0.0440717
0.389456
0.00845573
0.
-0.000189996
0.376299
0.00773625
0.
0.00928668
0.391988
-0.0216898
0.
0.00931555
0.398827
-0.0163958
0.
0.00402323
0.
0.
0.
-0.0193628
0.
0.
0.
-0.0573194
0.322998
-0.0577286
0.
-0.0123974
0.317085
0.0897869
0.
0.00312103
0.328054
-0.0505968
0.
-0.0146497
0.321407
0.110291
0.
0.0162773
0.354954
0.0752368
0.
-0.00457789
0.321809
-0.102101
0.
0.0128178
0.322241
0.0365611
0.
-0.0110913
0.320264
-0.0621406
0.
-0.00293772
0.
0.
0.
-0.110774
0.
0.
0.
0.0222893
0.
0.
0.
-0.0132726
0.
0.
0.
0.150365
0.
0.
0.
-0.0411133
0.
0.
0.
-0.14144
0.
0.
0.
-0.231406
0.
0.
0.
-0.00824908
0.
0.
0.
-0.0618565
0.
0.
0.
-0.0379568
0.
0.
0.
-0.149713
0.
0.
0.
0.0360684
0.
0.
0.
-0.0957077
0.
0.
0.
0.0111018
0.
0.
0.
0.0728541
0.
0.
0.
-0.0293155
0.
0.
0.
-0.0127529
0.
0.
0.
0.0111665
1.
0.
0.
0.034867
0.391815
-0.00796265
9.28782e-05
-0.00142288
0.382142
0.
-0.00455413
-0.00545231
0.26599
0.
-0.00418934
-0.00785655
0.278028
0.
0.0236889
0.0364617
0.376663
0.
0.00562687
-0.00985134
0.266637
0.
0.0166191
-0.00335173
0.293058
0.
-0.00429258
0.0381187
0.274044
0.023874
0.
0.0357142
0.38359
0.0173699
0.
-0.00309405
0.252719
0.0174203
0.
-0.0116884
0.255369
0.00709913
0.
0.0351134
0.38251
0.0164956
0.
-0.00359049
0.261178
0.0184529
0.
-0.00811902
0.251705
0.0261192
-0.0543904
-0.000844857
0.248926
-0.0243792
0.0220936
-0.00597102
0.371892
-0.0212393
-0.0918426
-0.00202841
0.433554
-0.168078
-0.170724
0.092117
0.361508
0.159009
-0.177593
0.0568875
0.335501
-0.0539774
0.0235243
0.0158044
0.368755
0.134235
0.118326
0.0664415
0.295076
-0.0160341
-0.0309433
-0.00732876
0.411936
0.00212985
-0.0577621
0.00069744
0.254519
0.019428
0.0332377
0.0132616
0.400726
0.0204854
0.0639657
0.000653836
0.32868
-0.136886
0.15312
0.0715276
0.423496
-0.0111332
-0.00102985
0.00860841
0.313721
0.0505383
0.0870603
-0.0810064
0.356899
0.0478108
0.154267
0.0581975
