Vec Object: 1 MPI process
  type: seq
0.
0.
0.
-0.0995354
0.
0.
0.
0.195428
0.146671
-0.168113
0.
-0.131047
0.162595
-0.177389
0.
-0.109015
0.198987
0.194268
0.
-0.0617638
0.162099
0.172716
0.
-0.138176
0.377633
0.0201861
0.
0.0477471
0.369738
0.0167813
0.
0.0300815
0.383536
-0.021465
0.
0.0313175
0.384125
-0.0303047
0.
0.0562578
0.
0.
0.
-0.0663262
0.
0.
0.
-0.172377
0.284355
-0.0498174
0.
-0.0228272
0.325034
0.0771359
0.
-0.0263279
0.291182
-0.0472769
0.
0.00256486
0.327719
0.111087
0.
-0.00798035
0.315336
0.0582737
0.
0.0157793
0.326583
-0.0963048
0.
-0.0153701
0.285116
0.048779
0.
-0.0377642
0.323381
-0.056393
0.
-0.037006
0.
0.
0.
-0.0437033
0.
0.
0.
-0.0828799
0.
0.
0.
0.177758
0.
0.
0.
0.0239448
0.
0.
0.
-0.138844
0.
0.
0.
-0.0283572
0.
0.
0.
0.067517
0.
0.
0.
0.307955
0.
0.
0.
0.278673
0.
0.
0.
0.180834
0.
0.
0.
0.0372213
0.
0.
0.
0.0917742
0.
0.
0.
0.14452
0.
0.
0.
-0.00835696
0.
0.
0.
0.455707
0.
0.
0.
0.369233
0.
0.
0.
0.23129
0.
0.
0.
-0.0151073
1.
0.
0.
0.0657317
0.40256
-0.00849949
-0.00159408
0.033428
0.376788
0.
-0.000426945
-0.00725126
0.282206
0.
0.00139183
-0.0617388
0.371602
0.
0.00764621
0.100232
0.384711
0.
0.000536417
-0.0135166
0.2841
0.
0.00605005
-0.0700315
0.365842
0.
-0.0084613
0.134946
0.383573
0.00611956
0.
0.147321
0.381242
0.0208619
0.
-0.00515774
0.270966
0.0251242
0.
-0.0677617
0.353997
-0.00389039
0.
0.144687
0.388626
0.00763512
0.
-0.00523166
0.276547
0.00793747
0.
-0.0779396
0.238934
0.00327418
-0.0348207
-0.0585963
0.24648
-0.0129712
0.0144345
-0.0983301
0.316822
-0.0358025
-0.018014
0.0476454
0.437701
-0.0507184
-0.0881237
0.239081
0.380662
0.0490064
-0.0873063
0.187283
0.264258
0.0376583
0.0192481
0.0979362
0.347727
0.0524861
0.0495788
0.227747
0.228468
0.00014364
-0.0224498
-0.0191306
0.322009
-0.000595918
-0.0117911
0.0550697
0.2539
3.15576e-05
0.0192371
-0.0647677
0.290654
-0.0214957
0.0133655
0.0693909
0.313683
-0.0441507
0.0844075
0.193928
0.317658
0.00374082
-0.0124074
0.0912247
0.217789
-0.0589144
0.020176
0.08739
0.330993
0.00277408
0.0836914
0.222569
