Vec Object: 1 MPI process
  type: seq
0.
0.
0.
-0.122525
0.
0.
0.
0.094261
0.154651
-0.167986
0.
-0.10683
0.168031
-0.177582
0.
-0.0910027
0.192554
0.200352
0.
-0.0689386
0.169378
0.169669
0.
-0.109344
0.384679
0.0128009
0.
0.0137603
0.374192
0.0111517
0.
0.00667818
0.388555
-0.0188982
0.
0.0063169
0.391999
-0.0225801
0.
0.0220981
0.
0.
0.
-0.0504344
0.
0.
0.
-0.125135
0.297883
-0.0534837
0.
-0.0175659
0.322719
0.0851147
0.
-0.001112
0.303574
-0.0494457
0.
0.000856451
0.325372
0.116804
0.
0.0182894
0.328625
0.0644081
0.
0.0132686
0.324696
-0.103988
0.
0.0121471
0.299276
0.0455329
0.
-0.0283557
0.321807
-0.061897
0.
-0.00764043
0.
0.
0.
-0.117743
0.
0.
0.
-0.0533401
0.
0.
0.
0.065842
0.
0.
0.
0.0559971
0.
0.
0.
-0.105895
0.
0.
0.
-0.12072
0.
0.
0.
-0.0971332
0.
0.
0.
0.152344
0.
0.
0.
0.111603
0.
0.
0.
0.0586108
0.
0.
0.
-0.103565
0.
0.
0.
0.045452
0.
0.
0.
0.00721381
0.
0.
0.
-0.0125981
0.
0.
0.
0.291923
0.
0.
0.
0.185363
0.
0.
0.
0.0884506
0.
0.
0.
-0.00337774
1.
0.
0.
0.0517404
0.402449
-0.00856929
-0.00115457
2.86976e-05
0.375652
0.
-0.00187121
-0.00280441
0.277232
0.
-0.000194953
-0.0275099
0.339753
0.
0.0125468
0.0720534
0.379971
0.
0.00248302
-0.0111546
0.27979
0.
0.00930411
-0.0327572
0.343521
0.
-0.00785392
0.095591
0.348571
0.0121088
0.
0.102446
0.378693
0.0205891
0.
-0.000574498
0.264913
0.024797
0.
-0.0327847
0.323258
-0.0029321
0.
0.0938061
0.383736
0.0110201
0.
-0.00330386
0.271644
0.0120396
0.
-0.0384539
0.243306
0.0124704
-0.0468238
-0.0279787
0.248071
-0.0199765
0.0205416
-0.0522492
0.344765
-0.0316884
-0.0372853
0.0288702
0.426569
-0.0935304
-0.118159
0.178729
0.363946
0.089155
-0.118674
0.133135
0.311421
0.0182867
0.0261853
0.0629088
0.3511
0.0881699
0.0695565
0.156715
0.250457
-0.00900613
-0.0264771
-0.0108767
0.367954
0.00074818
-0.0270272
0.0312665
0.257662
0.0133214
0.0265537
-0.0287789
0.329398
-0.0113399
0.0240668
0.0382664
0.309622
-0.0786746
0.111726
0.139354
0.358852
-0.00203263
-0.0125057
0.0557755
0.280457
-0.0471797
0.0406787
-0.0154382
0.334048
0.0196005
0.114579
0.146829
