Vec Object: 1 MPI process
  type: seq
0.
0.
0.
-0.0854822
0.
0.
0.
0.24503
0.145842
-0.165651
0.
-0.121674
0.162146
-0.175247
0.
-0.0993426
0.205382
0.188355
0.
-0.0347242
0.161498
0.171734
0.
-0.130929
0.370565
0.0273003
0.
0.0884653
0.36457
0.022863
0.
0.063425
0.376839
-0.026927
0.
0.0726774
0.376928
-0.0373309
0.
0.0960382
0.
0.
0.
-0.0840241
0.
0.
0.
-0.204813
0.277873
-0.0514134
0.
-0.0472588
0.326286
0.0703439
0.
-0.0544214
0.28525
-0.0502334
0.
-0.0213704
0.32917
0.103776
0.
-0.0388641
0.309095
0.0591017
0.
-0.00509544
0.327777
-0.0882179
0.
-0.0463684
0.277957
0.0526478
0.
-0.058194
0.324021
-0.0512263
0.
-0.068205
0.
0.
0.
-0.000442103
0.
0.
0.
-0.100726
0.
0.
0.
0.234026
0.
0.
0.
0.0108984
0.
0.
0.
-0.159829
0.
0.
0.
0.023691
0.
0.
0.
0.154382
0.
0.
0.
0.386166
0.
0.
0.
0.361339
0.
0.
0.
0.241409
0.
0.
0.
0.117044
0.
0.
0.
0.111957
0.
0.
0.
0.213648
0.
0.
0.
-0.0129398
0.
0.
0.
0.538019
0.
0.
0.
0.460985
0.
0.
0.
0.308033
0.
0.
0.
-0.0335281
1.
0.
0.
0.0952227
0.399867
-0.00812399
-0.00160092
0.0787851
0.379855
0.
0.000225076
-0.010577
0.284198
0.
0.00194158
-0.100744
0.383643
0.
0.00571185
0.116584
0.390027
0.
-0.000153896
-0.0118181
0.28554
0.
0.00487071
-0.109399
0.372901
0.
-0.00829442
0.157501
0.396305
0.00374137
0.
0.170517
0.385391
0.0201853
0.
-0.00839433
0.273482
0.0240757
0.
-0.106213
0.364721
-0.00318836
0.
0.175546
0.394821
0.00640729
0.
-0.00320987
0.278448
0.00661129
0.
-0.118089
0.236392
-0.000377032
-0.0286479
-0.094165
0.245103
-0.00973926
0.0112359
-0.141731
0.301586
-0.0348983
-0.0119269
0.0410154
0.444181
-0.0314895
-0.0739766
0.275383
0.388721
0.0309448
-0.0732191
0.215788
0.238462
0.0398898
0.0149547
0.104725
0.3459
0.0352963
0.0422641
0.264811
0.218442
0.00326482
-0.0201685
-0.0404262
0.297613
-0.00102009
-0.00668056
0.0565273
0.251015
-0.0051263
0.0154989
-0.104128
0.272456
-0.0237766
0.0107321
0.0711944
0.316338
-0.0280985
0.0712933
0.22112
0.29822
0.0059449
-0.0104981
0.0972894
0.183158
-0.0550314
0.0135579
0.137627
0.329451
-0.00462127
0.0687865
0.26239
