Vec Object: 1 MPI process
  type: seq
0.
0.
0.
-0.0782773
0.
0.
0.
0.0192227
0.169739
-0.167982
0.
-0.0487776
0.175845
-0.179986
0.
-0.0518052
0.189805
0.207492
0.
-0.0433571
0.182928
0.163677
0.
-0.0395534
0.389788
0.00840719
0.
-0.000692292
0.376704
0.0072725
0.
0.00969517
0.392608
-0.0219641
0.
0.00932225
0.399321
-0.0161427
0.
0.00317169
0.
0.
0.
-0.0180896
0.
0.
0.
-0.0553053
0.32527
-0.0580147
0.
-0.0116328
0.316397
0.0900803
0.
0.00293426
0.330444
-0.050247
0.
-0.0151479
0.321124
0.109297
0.
0.0154113
0.357443
0.0757737
0.
-0.00506576
0.321637
-0.101563
0.
0.012114
0.324064
0.0357945
0.
-0.00979139
0.320486
-0.0618774
0.
-0.00330434
0.
0.
0.
-0.104887
0.
0.
0.
0.0260946
0.
0.
0.
-0.0126167
0.
0.
0.
0.153583
0.
0.
0.
-0.0393704
0.
0.
0.
-0.136809
0.
0.
0.
-0.232708
0.
0.
0.
-0.0133624
0.
0.
0.
-0.0670975
0.
0.
0.
-0.0381913
0.
0.
0.
-0.142248
0.
0.
0.
0.0382003
0.
0.
0.
-0.0949297
0.
0.
0.
0.0138019
0.
0.
0.
0.0607527
0.
0.
0.
-0.0382429
0.
0.
0.
-0.0119224
0.
0.
0.
0.0109123
1.
0.
0.
0.0326277
0.390262
-0.00781716
0.000253795
-0.000955404
0.382904
0.
-0.00473758
-0.00572207
0.265137
0.
-0.00458696
-0.00680462
0.272288
0.
0.0247187
0.0340764
0.376052
0.
0.0057656
-0.00965634
0.265234
0.
0.0172926
-0.00151738
0.288095
0.
-0.00374911
0.0341593
0.266828
0.0247453
0.
0.0316921
0.384251
0.0171197
0.
-0.00335208
0.252015
0.0162938
0.
-0.0106529
0.248388
0.00855071
0.
0.03194
0.382165
0.0167637
0.
-0.00366313
0.260386
0.0185705
0.
-0.00647064
0.25256
0.0269826
-0.0536367
-5.01099e-05
0.248878
-0.0234875
0.0212921
-0.00357097
0.372086
-0.0207236
-0.096907
-0.00382576
0.436129
-0.173171
-0.175178
0.0864058
0.364413
0.163924
-0.182364
0.0525212
0.331574
-0.0596574
0.022381
0.0132546
0.37105
0.136304
0.122467
0.0614679
0.299162
-0.0159362
-0.0312418
-0.00765586
0.412303
0.00215601
-0.0591396
-0.00104164
0.253418
0.0179035
0.0333867
0.0156072
0.407041
0.0236748
0.0685315
-0.00104184
0.332755
-0.141018
0.155954
0.0677458
0.427292
-0.0113201
0.000107492
0.00649695
0.310073
0.060296
0.089446
-0.0799198
0.360706
0.0493934
0.155819
0.0538397
