Vec Object: 1 MPI process
  type: seq
0.
0.
0.
-0.0991633
0.
0.
0.
0.0251196
0.165135
-0.167212
0.
-0.0659912
0.173382
-0.178489
0.
-0.0638589
0.189382
0.205118
0.
-0.053627
0.179091
0.165051
0.
-0.0611286
0.388337
0.00903156
0.
0.00198345
0.375496
0.00882298
0.
0.0073213
0.390498
-0.020782
0.
0.00838351
0.397148
-0.017589
0.
0.0074233
0.
0.
0.
-0.026609
0.
0.
0.
-0.0701667
0.315628
-0.0568951
0.
-0.0152289
0.319065
0.0888823
0.
0.00367577
0.320519
-0.0511993
0.
-0.0118245
0.322491
0.113266
0.
0.0190477
0.346966
0.0729206
0.
-0.0015303
0.322524
-0.103625
0.
0.0149065
0.31602
0.0393232
0.
-0.016367
0.320145
-0.0627698
0.
-0.00194126
0.
0.
0.
-0.127995
0.
0.
0.
0.00357218
0.
0.
0.
-0.00826502
0.
0.
0.
0.128582
0.
0.
0.
-0.0542552
0.
0.
0.
-0.152706
0.
0.
0.
-0.216449
0.
0.
0.
0.0186589
0.
0.
0.
-0.0331857
0.
0.
0.
-0.0289492
0.
0.
0.
-0.16461
0.
0.
0.
0.0301345
0.
0.
0.
-0.0883388
0.
0.
0.
0.00151691
0.
0.
0.
0.12204
0.
0.
0.
0.0121744
0.
0.
0.
-0.00634685
0.
0.
0.
0.00923047
1.
0.
0.
0.0415897
0.396139
-0.00827146
-0.000337942
-0.00295519
0.379712
0.
-0.00385225
-0.00426181
0.269126
0.
-0.00293363
-0.0118845
0.296405
0.
0.020274
0.045072
0.37801
0.
0.00495621
-0.0100777
0.271015
0.
0.0144282
-0.0103205
0.308797
0.
-0.00569115
0.0528495
0.297011
0.0206205
0.
0.0516147
0.381554
0.0183225
0.
-0.00194151
0.255799
0.0204466
0.
-0.0159469
0.276868
0.00302585
0.
0.0479074
0.383089
0.0152842
0.
-0.00310055
0.264029
0.0173255
0.
-0.0146772
0.248873
0.0229604
-0.0551073
-0.00564563
0.248749
-0.0253785
0.023568
-0.0162684
0.368399
-0.0236288
-0.0746571
0.00488949
0.427243
-0.148695
-0.155833
0.113612
0.356252
0.140657
-0.16094
0.074486
0.340835
-0.031856
0.026587
0.0260899
0.361918
0.124872
0.103611
0.0865375
0.281537
-0.0157919
-0.0299539
-0.007252
0.406493
0.00194651
-0.0507252
0.00730125
0.256961
0.0216998
0.0323994
0.00318138
0.379987
0.010013
0.0498432
0.00779055
0.31834
-0.12165
0.142709
0.0864851
0.408014
-0.00948494
-0.00512991
0.0178157
0.318488
0.0158479
0.0755201
-0.07868
0.346847
0.040993
0.146455
0.0765448
