Vec Object: 1 MPI process
  type: seq
0.
0.
0.
-0.0798666
0.
0.
0.
0.0190923
0.169321
-0.167857
0.
-0.0502402
0.175579
-0.17981
0.
-0.052945
0.189681
0.207266
0.
-0.0443488
0.182622
0.163744
0.
-0.0413488
0.389653
0.00841893
0.
-0.000496136
0.376528
0.00747083
0.
0.00954451
0.392345
-0.0218519
0.
0.00933697
0.399121
-0.0162392
0.
0.00350913
0.
0.
0.
-0.0185499
0.
0.
0.
-0.056018
0.324341
-0.0578949
0.
-0.0119341
0.316684
0.0899581
0.
0.00300832
0.329464
-0.0503993
0.
-0.0149671
0.321235
0.109707
0.
0.0157627
0.356425
0.0755645
0.
-0.00489201
0.321704
-0.101786
0.
0.012402
0.323323
0.0361018
0.
-0.0102994
0.320383
-0.0619885
0.
-0.00315446
0.
0.
0.
-0.107283
0.
0.
0.
0.0246658
0.
0.
0.
-0.0129822
0.
0.
0.
0.152503
0.
0.
0.
-0.03994
0.
0.
0.
-0.138726
0.
0.
0.
-0.23234
0.
0.
0.
-0.0114403
0.
0.
0.
-0.0651471
0.
0.
0.
-0.038215
0.
0.
0.
-0.145405
0.
0.
0.
0.0373382
0.
0.
0.
-0.0953908
0.
0.
0.
0.0127233
0.
0.
0.
0.0655162
0.
0.
0.
-0.0348112
0.
0.
0.
-0.0123829
0.
0.
0.
0.011065
1.
0.
0.
0.0335478
0.390909
-0.00788001
0.000186072
-0.00114287
0.382593
0.
-0.00466473
-0.00561949
0.265478
0.
-0.00442363
-0.00722291
0.274637
0.
0.0243007
0.0350362
0.376315
0.
0.00571311
-0.00974531
0.265809
0.
0.0170174
-0.00224474
0.290128
0.
-0.0039792
0.035738
0.269782
0.0243991
0.
0.0332818
0.38398
0.0172191
0.
-0.00325429
0.252286
0.0167669
0.
-0.0110584
0.251262
0.00794637
0.
0.0331932
0.382317
0.0166606
0.
-0.00364019
0.260704
0.0185369
0.
-0.00712094
0.252216
0.0266331
-0.0539721
-0.000338573
0.248907
-0.0238876
0.0216379
-0.00450407
0.372058
-0.0209213
-0.0948612
-0.00311273
0.435046
-0.171151
-0.173368
0.0886829
0.363151
0.161966
-0.180441
0.0542421
0.333298
-0.0574316
0.0228525
0.0142566
0.370105
0.135504
0.12081
0.063429
0.297504
-0.0159797
-0.0311187
-0.00750966
0.412222
0.00214692
-0.0586281
-0.000349308
0.25389
0.0185727
0.0333285
0.0146967
0.404467
0.0223809
0.0666605
-0.000377786
0.33104
-0.139368
0.15482
0.0692449
0.425803
-0.0112643
-0.000344202
0.00732037
0.311664
0.0564156
0.0885527
-0.0804385
0.359108
0.0487834
0.155236
0.0555487
