Vec Object: 1 MPI process
  type: seq
0.
0.
0.
-0.0929151
0.
0.
0.
0.0217193
0.166444
-0.167314
0.
-0.0609164
0.174006
-0.178825
0.
-0.0605206
0.189316
0.205767
0.
-0.0508842
0.180265
0.164551
0.
-0.0547419
0.388741
0.00876026
0.
0.00111271
0.375707
0.00849726
0.
0.00808261
0.39094
-0.021109
0.
0.0088549
0.397757
-0.0171053
0.
0.00610145
0.
0.
0.
-0.0235628
0.
0.
0.
-0.0645533
0.318239
-0.0571857
0.
-0.014211
0.318404
0.0892061
0.
0.00351643
0.323149
-0.051078
0.
-0.0130202
0.322087
0.112264
0.
0.0181049
0.349776
0.0738386
0.
-0.00286154
0.322248
-0.103132
0.
0.0142289
0.318279
0.0383091
0.
-0.014357
0.320096
-0.0625898
0.
-0.00222887
0.
0.
0.
-0.122574
0.
0.
0.
0.0111583
0.
0.
0.
-0.0114843
0.
0.
0.
0.137936
0.
0.
0.
-0.0484293
0.
0.
0.
-0.149701
0.
0.
0.
-0.223802
0.
0.
0.
0.00724061
0.
0.
0.
-0.0454587
0.
0.
0.
-0.0337577
0.
0.
0.
-0.16139
0.
0.
0.
0.031854
0.
0.
0.
-0.0928883
0.
0.
0.
0.00496198
0.
0.
0.
0.102958
0.
0.
0.
-0.00471129
0.
0.
0.
-0.0104822
0.
0.
0.
0.0103713
1.
0.
0.
0.0393349
0.394732
-0.00818593
-0.000198205
-0.00244046
0.380554
0.
-0.00411707
-0.00471929
0.267964
0.
-0.00337338
-0.0103538
0.289943
0.
0.0214856
0.0418671
0.377626
0.
0.005229
-0.010049
0.269501
0.
0.0152051
-0.00770534
0.3033
0.
-0.0052476
0.0473524
0.288976
0.021828
0.
0.0455219
0.382248
0.0179651
0.
-0.00238583
0.254598
0.0194723
0.
-0.0142946
0.269447
0.00435767
0.
0.0429418
0.382963
0.015768
0.
-0.00329821
0.262975
0.0178412
0.
-0.0121573
0.249857
0.0241587
-0.0551691
-0.00354988
0.248841
-0.0253305
0.0232499
-0.0122181
0.370125
-0.0226653
-0.0807933
0.00226305
0.429091
-0.155976
-0.161168
0.105522
0.357411
0.147508
-0.16699
0.0676862
0.340286
-0.0400924
0.0256654
0.0221249
0.364211
0.128647
0.108947
0.0787501
0.286338
-0.0160174
-0.0303191
-0.00708509
0.40919
0.00203
-0.0536046
0.00479868
0.256274
0.0213573
0.0327825
0.00713519
0.38736
0.0136918
0.0546762
0.00497188
0.321499
-0.127318
0.14659
0.0807143
0.413991
-0.0102297
-0.00365219
0.0141304
0.318181
0.0282558
0.0801391
-0.080739
0.350024
0.0436478
0.149682
0.0693031
