Vec Object: 1 MPI process
  type: seq
0.
0.
0.
-0.121598
0.
0.
0.
0.0658463
0.157939
-0.167569
0.
-0.094255
0.169908
-0.177592
0.
-0.0822546
0.191206
0.201833
0.
-0.0655143
0.172402
0.168207
0.
-0.0950657
0.386022
0.0113193
0.
0.00875078
0.374759
0.010253
0.
0.00524219
0.389145
-0.0192522
0.
0.00578071
0.393765
-0.020807
0.
0.0164057
0.
0.
0.
-0.0441646
0.
0.
0.
-0.10806
0.302967
-0.0548588
0.
-0.0180612
0.321788
0.0866641
0.
0.00201533
0.308303
-0.0504045
0.
-0.0034736
0.324545
0.116635
0.
0.0206627
0.333754
0.0671773
0.
0.00831645
0.324049
-0.104665
0.
0.0150896
0.304302
0.0440605
0.
-0.0257936
0.321206
-0.0626529
0.
-0.00381478
0.
0.
0.
-0.131032
0.
0.
0.
-0.0383454
0.
0.
0.
0.0348701
0.
0.
0.
0.0748905
0.
0.
0.
-0.0912158
0.
0.
0.
-0.14081
0.
0.
0.
-0.144023
0.
0.
0.
0.104309
0.
0.
0.
0.0596203
0.
0.
0.
0.0235486
0.
0.
0.
-0.136878
0.
0.
0.
0.0351387
0.
0.
0.
-0.0317723
0.
0.
0.
-0.0112065
0.
0.
0.
0.23686
0.
0.
0.
0.12608
0.
0.
0.
0.0490746
0.
0.
0.
0.000154484
1.
0.
0.
0.0497255
0.401212
-0.00850809
-0.000931634
-0.00287476
0.376392
0.
-0.0024447
-0.00260311
0.274996
0.
-0.000918882
-0.0215884
0.327327
0.
0.0146395
0.0632907
0.379292
0.
0.00325869
-0.0104566
0.277592
0.
0.0107182
-0.0251119
0.334029
0.
-0.00736175
0.0824693
0.334279
0.0145229
0.
0.0865803
0.379047
0.0200572
0.
-0.000338429
0.262319
0.0239475
0.
-0.0264905
0.310525
-0.00176604
0.
0.0784688
0.383332
0.012351
0.
-0.00276787
0.269485
0.0137189
0.
-0.0300962
0.24477
0.0158275
-0.0503669
-0.0205743
0.248311
-0.02224
0.0221929
-0.0405518
0.353381
-0.029337
-0.0468144
0.0207391
0.424697
-0.109859
-0.129214
0.158555
0.359481
0.104394
-0.130791
0.114509
0.324793
0.00616468
0.0274982
0.0504162
0.353313
0.100338
0.0785766
0.133676
0.259061
-0.0118554
-0.0276786
-0.00989694
0.38217
0.00120116
-0.0338922
0.0228473
0.258116
0.0172945
0.0287874
-0.019204
0.343983
-0.0060293
0.030099
0.0271989
0.310094
-0.0915195
0.121343
0.121776
0.373951
-0.00437634
-0.0111227
0.042637
0.297796
-0.0343547
0.0503273
-0.0430887
0.336381
0.0260527
0.125133
0.122999
