Vec Object: 1 MPI process
  type: seq
0.
0.
0.
-0.0957441
0.
0.
0.
0.20791
0.146159
-0.167771
0.
-0.130905
0.162223
-0.177104
0.
-0.108665
0.200234
0.193116
0.
-0.0574662
0.161646
0.172736
0.
-0.138617
0.376232
0.0216064
0.
0.0555057
0.368739
0.0179706
0.
0.0362802
0.382285
-0.0224225
0.
0.0387944
0.382674
-0.0317173
0.
0.0638474
0.
0.
0.
-0.0694083
0.
0.
0.
-0.17907
0.282793
-0.0498212
0.
-0.0264494
0.325317
0.0757092
0.
-0.0318086
0.289755
-0.0475436
0.
-0.000686638
0.328037
0.109644
0.
-0.013971
0.313827
0.0580917
0.
0.0128808
0.326842
-0.0946637
0.
-0.0214379
0.283412
0.0494187
0.
-0.040943
0.323543
-0.0553226
0.
-0.0431775
0.
0.
0.
-0.0330859
0.
0.
0.
-0.0864004
0.
0.
0.
0.191782
0.
0.
0.
0.0211446
0.
0.
0.
-0.14307
0.
0.
0.
-0.0156363
0.
0.
0.
0.0885782
0.
0.
0.
0.327077
0.
0.
0.
0.299002
0.
0.
0.
0.195937
0.
0.
0.
0.0564315
0.
0.
0.
0.0973725
0.
0.
0.
0.16165
0.
0.
0.
-0.0084839
0.
0.
0.
0.475502
0.
0.
0.
0.391556
0.
0.
0.
0.249816
0.
0.
0.
-0.0181477
1.
0.
0.
0.0704615
0.402125
-0.00843944
-0.00161297
0.0419138
0.37734
0.
-0.000268188
-0.00801532
0.282695
0.
0.00153826
-0.0691516
0.374835
0.
0.0071546
0.103954
0.385749
0.
0.000349208
-0.01341
0.284469
0.
0.00574051
-0.0776125
0.367875
0.
-0.00844882
0.14005
0.387018
0.00550272
0.
0.152714
0.382021
0.0207522
0.
-0.00592091
0.271585
0.0249488
0.
-0.0751448
0.356947
-0.00379267
0.
0.151651
0.389814
0.00730375
0.
-0.00505592
0.277023
0.00756241
0.
-0.0857342
0.238347
0.00230777
-0.0333233
-0.0650918
0.246181
-0.0121636
0.013658
-0.106824
0.313239
-0.0358389
-0.0163712
0.0477239
0.439296
-0.0459755
-0.0846719
0.247114
0.382713
0.0445461
-0.0838332
0.193913
0.258144
0.0386122
0.0182403
0.100732
0.34738
0.0482874
0.0476804
0.236568
0.226015
0.00107203
-0.0219157
-0.0224463
0.316211
-0.000725149
-0.0104199
0.0565861
0.253251
-0.00140643
0.0183327
-0.0720497
0.286235
-0.0222233
0.0126004
0.0713368
0.314379
-0.0402325
0.081212
0.200553
0.312935
0.00431216
-0.0120449
0.0938771
0.20958
-0.0584257
0.0183873
0.100158
0.330711
0.000939324
0.0800545
0.232074
