Vec Object: 1 MPI process
  type: seq
0.
0.
0.
-0.0862486
0.
0.
0.
0.01963
0.167845
-0.167515
0.
-0.0556084
0.174724
-0.179259
0.
-0.0568848
0.189395
0.206485
0.
-0.0477772
0.181461
0.164093
0.
-0.0480466
0.389181
0.00854311
0.
0.00027552
0.376031
0.00806298
0.
0.00886386
0.391541
-0.0214658
0.
0.00920509
0.398416
-0.0166439
0.
0.00478291
0.
0.
0.
-0.0207615
0.
0.
0.
-0.0596487
0.321148
-0.0575109
0.
-0.0130793
0.317617
0.0895585
0.
0.00328065
0.32613
-0.0508244
0.
-0.0141065
0.32166
0.111078
0.
0.0169925
0.352933
0.0747367
0.
-0.00402195
0.321968
-0.102519
0.
0.0133829
0.320724
0.0372207
0.
-0.0122839
0.320154
-0.0623325
0.
-0.00264562
0.
0.
0.
-0.115538
0.
0.
0.
0.018437
0.
0.
0.
-0.0131421
0.
0.
0.
0.146369
0.
0.
0.
-0.0433941
0.
0.
0.
-0.14497
0.
0.
0.
-0.229282
0.
0.
0.
-0.00302025
0.
0.
0.
-0.056377
0.
0.
0.
-0.0369712
0.
0.
0.
-0.15501
0.
0.
0.
0.0343343
0.
0.
0.
-0.0953886
0.
0.
0.
0.00876997
0.
0.
0.
0.0838143
0.
0.
0.
-0.0207013
0.
0.
0.
-0.0125935
0.
0.
0.
0.0110692
1.
0.
0.
0.0366496
0.393004
-0.00806149
-2.69821e-05
-0.00181933
0.38152
0.
-0.00439212
-0.0051898
0.266731
0.
-0.0038697
-0.00878225
0.282682
0.
0.0228363
0.0384977
0.377084
0.
0.00548865
-0.00995765
0.267765
0.
0.0160698
-0.00497189
0.29707
0.
-0.00469027
0.0415719
0.279888
0.0231087
0.
0.0393149
0.383059
0.0175909
0.
-0.00284117
0.253392
0.0182645
0.
-0.0126357
0.260932
0.00598466
0.
0.0379679
0.382725
0.0162383
0.
-0.00349458
0.261856
0.0182707
0.
-0.00959985
0.250987
0.0253868
-0.0548277
-0.00172451
0.248914
-0.0248915
0.0226304
-0.00821241
0.371421
-0.0217393
-0.0875941
-0.000439098
0.43166
-0.16358
-0.167038
0.097109
0.359599
0.154711
-0.173552
0.0608288
0.337937
-0.0488332
0.0244123
0.0181147
0.366939
0.132264
0.114764
0.0709292
0.291694
-0.0160759
-0.0307035
-0.00715358
0.411196
0.00209853
-0.0563361
0.00222176
0.255286
0.0203827
0.0330909
0.0110638
0.395544
0.0178464
0.0602943
0.00221041
0.325667
-0.133299
0.15067
0.0748957
0.420035
-0.0108592
-0.00202331
0.0105756
0.316015
0.0420573
0.0846463
-0.0813691
0.354052
0.0463133
0.152693
0.0621952
