Vec Object: 1 MPI process
  type: seq
0.
0.
0.
-0.0964472
0.
0.
0.
0.0234557
0.16571
-0.167247
0.
-0.0637543
0.173652
-0.178629
0.
-0.062399
0.189338
0.2054
0.
-0.0524438
0.179611
0.164824
0.
-0.0583191
0.388514
0.00890533
0.
0.00159076
0.37558
0.0086877
0.
0.00765404
0.390679
-0.0209246
0.
0.00860394
0.397414
-0.0173713
0.
0.00683282
0.
0.
0.
-0.0252333
0.
0.
0.
-0.0675987
0.316761
-0.0570223
0.
-0.0147915
0.318783
0.0890247
0.
0.00361551
0.321655
-0.0511588
0.
-0.0123676
0.322314
0.11284
0.
0.0186485
0.348182
0.0733315
0.
-0.00214083
0.322402
-0.103419
0.
0.0146251
0.317008
0.0388801
0.
-0.0154818
0.320113
-0.0626981
0.
-0.00205264
0.
0.
0.
-0.125775
0.
0.
0.
0.00696894
0.
0.
0.
-0.00987613
0.
0.
0.
0.132815
0.
0.
0.
-0.051592
0.
0.
0.
-0.151572
0.
0.
0.
-0.219935
0.
0.
0.
0.0134434
0.
0.
0.
-0.0388019
0.
0.
0.
-0.0312704
0.
0.
0.
-0.163533
0.
0.
0.
0.0308053
0.
0.
0.
-0.0905934
0.
0.
0.
0.00300604
0.
0.
0.
0.113546
0.
0.
0.
0.0045552
0.
0.
0.
-0.00841925
0.
0.
0.
0.00977999
1.
0.
0.
0.0406314
0.395545
-0.00823696
-0.000278655
-0.00273999
0.380074
0.
-0.003969
-0.00446253
0.268616
0.
-0.00312377
-0.011206
0.293607
0.
0.020799
0.0436599
0.377854
0.
0.00507888
-0.0100696
0.270364
0.
0.0147653
-0.00916853
0.306423
0.
-0.00550441
0.0504318
0.293539
0.0211497
0.
0.0489137
0.38185
0.0181654
0.
-0.00213661
0.255266
0.0200357
0.
-0.0152115
0.273673
0.00358897
0.
0.045695
0.383043
0.0155008
0.
-0.00318691
0.263566
0.0175631
0.
-0.0135583
0.249295
0.0234922
-0.0551767
-0.00468441
0.24879
-0.0253952
0.0234576
-0.0144615
0.369212
-0.0231965
-0.0773175
0.00372658
0.427991
-0.151901
-0.158155
0.110043
0.356665
0.143669
-0.16358
0.0714638
0.340777
-0.0354567
0.0262138
0.0243279
0.362894
0.12657
0.105933
0.0830713
0.283617
-0.0159121
-0.0301155
-0.00715351
0.407768
0.00198543
-0.0520182
0.0061925
0.256685
0.0216113
0.0325793
0.00494169
0.383189
0.0116002
0.0519132
0.00652639
0.319644
-0.124141
0.144417
0.0839172
0.410667
-0.00982701
-0.00449037
0.0161582
0.318551
0.0212055
0.0775794
-0.0797623
0.348177
0.0421717
0.147913
0.0733023
