Vec Object: 1 MPI process
  type: seq
0.
0.
0.
-0.120558
0.
0.
0.
0.112322
0.152828
-0.168218
0.
-0.113536
0.166893
-0.177638
0.
-0.0958793
0.193449
0.199455
0.
-0.0700604
0.167712
0.170465
0.
-0.116911
0.383758
0.0138052
0.
0.0175432
0.373717
0.0118224
0.
0.00852206
0.388079
-0.0188802
0.
0.00773394
0.390865
-0.0237099
0.
0.0261361
0.
0.
0.
-0.0534034
0.
0.
0.
-0.134298
0.295135
-0.0526119
0.
-0.0171046
0.323197
0.084016
0.
-0.00384509
0.301043
-0.048816
0.
0.00314271
0.325821
0.116465
0.
0.015749
0.325888
0.0628794
0.
0.0157728
0.325052
-0.103216
0.
0.00931053
0.29649
0.0461858
0.
-0.0294284
0.32214
-0.0612415
0.
-0.0109401
0.
0.
0.
-0.106816
0.
0.
0.
-0.0603543
0.
0.
0.
0.085647
0.
0.
0.
0.0474216
0.
0.
0.
-0.113127
0.
0.
0.
-0.106064
0.
0.
0.
-0.0678097
0.
0.
0.
0.181188
0.
0.
0.
0.142742
0.
0.
0.
0.080612
0.
0.
0.
-0.0804552
0.
0.
0.
0.0530919
0.
0.
0.
0.0317963
0.
0.
0.
-0.0122949
0.
0.
0.
0.323443
0.
0.
0.
0.220135
0.
0.
0.
0.11352
0.
0.
0.
-0.00508309
1.
0.
0.
0.0528302
0.402899
-0.00859332
-0.00126877
0.00297089
0.375462
0.
-0.00156716
-0.00325067
0.278366
0.
0.000169551
-0.0316667
0.346463
0.
0.0114669
0.0771865
0.380498
0.
0.00206164
-0.0116962
0.280849
0.
0.0085738
-0.0377305
0.34848
0.
-0.00806953
0.103008
0.356127
0.0108305
0.
0.111299
0.378735
0.0207976
0.
-0.00104743
0.266253
0.0251066
0.
-0.0371448
0.329961
-0.00338145
0.
0.102887
0.38417
0.0102946
0.
-0.00376818
0.272755
0.0111344
0.
-0.0438763
0.242501
0.0105883
-0.0446294
-0.032344
0.24788
-0.0186231
0.0194608
-0.0592642
0.33962
-0.0328652
-0.0326373
0.0335699
0.4282
-0.0846926
-0.112107
0.190086
0.366906
0.0808921
-0.112175
0.143647
0.302992
0.0237939
0.0251302
0.0702412
0.35018
0.0812078
0.0650069
0.170087
0.245892
-0.00723493
-0.0257552
-0.0113612
0.359447
0.000477217
-0.0235104
0.0363288
0.257196
0.0108096
0.025198
-0.0341935
0.321502
-0.0138972
0.0212718
0.0449395
0.309924
-0.0716544
0.106333
0.149636
0.350536
-0.000775675
-0.01294
0.06341
0.269399
-0.0521313
0.0358416
0.00258903
0.333138
0.016102
0.10855
0.160882
