Vec Object: 1 MPI process
  type: seq
0.
0.
0.
-0.0880253
0.
0.
0.
0.0200399
0.167465
-0.16745
0.
-0.0570319
0.174522
-0.179133
0.
-0.0578797
0.189357
0.206288
0.
-0.0486361
0.181144
0.164207
0.
-0.0498395
0.38906
0.00859348
0.
0.000492917
0.375931
0.00819152
0.
0.00866056
0.391363
-0.0213682
0.
0.00912931
0.398236
-0.0167625
0.
0.00513051
0.
0.
0.
-0.0214626
0.
0.
0.
-0.0608496
0.320347
-0.05742
0.
-0.013386
0.31784
0.0894612
0.
0.00334884
0.325304
-0.0509069
0.
-0.0138348
0.321774
0.111411
0.
0.0173018
0.352061
0.0745029
0.
-0.00373713
0.322042
-0.102693
0.
0.0136224
0.320058
0.0375148
0.
-0.0128327
0.320124
-0.0624089
0.
-0.00252411
0.
0.
0.
-0.117549
0.
0.
0.
0.0165739
0.
0.
0.
-0.012873
0.
0.
0.
0.144292
0.
0.
0.
-0.0446109
0.
0.
0.
-0.14639
0.
0.
0.
-0.228044
0.
0.
0.
-0.000448223
0.
0.
0.
-0.0536558
0.
0.
0.
-0.0362984
0.
0.
0.
-0.157026
0.
0.
0.
0.0336105
0.
0.
0.
-0.0949547
0.
0.
0.
0.00773402
0.
0.
0.
0.0888558
0.
0.
0.
-0.0165971
0.
0.
0.
-0.0122534
0.
0.
0.
0.0109421
1.
0.
0.
0.0374049
0.393497
-0.00809928
-7.60597e-05
-0.00199215
0.381252
0.
-0.00431874
-0.00506632
0.267063
0.
-0.00373235
-0.009201
0.284688
0.
0.0224652
0.0394047
0.377247
0.
0.00542215
-0.00999104
0.268248
0.
0.0158318
-0.00570343
0.298795
0.
-0.00485137
0.0431232
0.282403
0.0227646
0.
0.0409592
0.382833
0.0176909
0.
-0.00272188
0.253708
0.0186109
0.
-0.0130724
0.263304
0.00552148
0.
0.0392783
0.382802
0.0161165
0.
-0.00344503
0.262158
0.0181691
0.
-0.0102768
0.250674
0.0250589
-0.0549646
-0.00217275
0.248899
-0.0250557
0.0228287
-0.00925842
0.371132
-0.0219776
-0.0857322
0.000280822
0.430901
-0.161547
-0.16543
0.0993587
0.358898
0.152779
-0.171768
0.062638
0.338766
-0.0464935
0.0247774
0.0191743
0.366171
0.131331
0.113184
0.0729903
0.290221
-0.0160772
-0.0305991
-0.00710829
0.410748
0.00208209
-0.0556405
0.00290952
0.255583
0.0207149
0.0330167
0.0100373
0.393294
0.0167005
0.0587263
0.00293219
0.32445
-0.131692
0.149574
0.0764338
0.418441
-0.010709
-0.00246601
0.0114974
0.316795
0.0382931
0.0834852
-0.081353
0.352889
0.0456145
0.151928
0.0640515
