Vec Object: 1 MPI process
  type: seq
0.
0.
0.
-0.114659
0.
0.
0.
0.0431443
0.161216
-0.167265
0.
-0.0814134
0.171564
-0.177823
0.
-0.0737768
0.190145
0.203285
0.
-0.0607862
0.175451
0.166739
0.
-0.0800384
0.387129
0.0101299
0.
0.00516578
0.375102
0.00958784
0.
0.00552301
0.38964
-0.0198664
0.
0.00669447
0.39534
-0.019243
0.
0.0119015
0.
0.
0.
-0.0365483
0.
0.
0.
-0.0903006
0.308408
-0.0559314
0.
-0.0174858
0.320701
0.0878167
0.
0.00345641
0.313458
-0.0510284
0.
-0.00756245
0.323657
0.115579
0.
0.0208659
0.33935
0.069886
0.
0.0034636
0.32337
-0.104576
0.
0.015918
0.309485
0.0421398
0.
-0.0220725
0.320633
-0.0629482
0.
-0.00206423
0.
0.
0.
-0.135437
0.
0.
0.
-0.0202731
0.
0.
0.
0.0104386
0.
0.
0.
0.0980822
0.
0.
0.
-0.0745418
0.
0.
0.
-0.152131
0.
0.
0.
-0.182904
0.
0.
0.
0.0613706
0.
0.
0.
0.0130606
0.
0.
0.
-0.00514529
0.
0.
0.
-0.158277
0.
0.
0.
0.029703
0.
0.
0.
-0.0632755
0.
0.
0.
-0.00700567
0.
0.
0.
0.183296
0.
0.
0.
0.0708743
0.
0.
0.
0.0177621
0.
0.
0.
0.00436076
1.
0.
0.
0.0468464
0.399375
-0.00842751
-0.000685278
-0.00370692
0.377617
0.
-0.00306283
-0.00307761
0.272477
0.
-0.00175458
-0.0168217
0.314069
0.
0.0169969
0.0548793
0.378771
0.
0.00404735
-0.0101399
0.274937
0.
0.0122923
-0.0182536
0.323471
0.
-0.00672297
0.0692057
0.318582
0.0171515
0.
0.0706073
0.379902
0.0193455
0.
-0.000788741
0.25946
0.0226786
0.
-0.0213378
0.296454
-3.90487e-05
0.
0.0640282
0.383209
0.0137051
0.
-0.00268751
0.267107
0.0154282
0.
-0.0227418
0.246407
0.0191445
-0.0532222
-0.0133886
0.248494
-0.0241417
0.0233278
-0.0292916
0.36108
-0.0267624
-0.0581965
0.0132079
0.424491
-0.127043
-0.140811
0.138215
0.35651
0.120415
-0.143814
0.096038
0.335132
-0.0091912
0.0278635
0.0388429
0.356474
0.112033
0.0889885
0.111583
0.268528
-0.0141362
-0.0287747
-0.00859856
0.394765
0.00159291
-0.041419
0.0153365
0.258026
0.0202886
0.0307036
-0.00919278
0.359514
0.000420657
0.0377814
0.01753
0.312297
-0.10489
0.131013
0.105124
0.3894
-0.00678293
-0.00890611
0.0305296
0.311005
-0.0155721
0.061276
-0.064031
0.339976
0.0327703
0.135306
0.100753
