Vec Object: 1 MPI process
  type: seq
0.
0.
0.
-0.108622
0.
0.
0.
0.0338009
0.16295
-0.167187
0.
-0.0745732
0.172377
-0.17806
0.
-0.0693781
0.189722
0.204078
0.
-0.0578168
0.177072
0.165972
0.
-0.0717665
0.387669
0.00959768
0.
0.00363876
0.375255
0.00926711
0.
0.00617689
0.389956
-0.0202557
0.
0.00743888
0.396142
-0.0184792
0.
0.00981794
0.
0.
0.
-0.0321357
0.
0.
0.
-0.0810077
0.311497
-0.056389
0.
-0.0166742
0.320032
0.0883171
0.
0.00371382
0.316444
-0.051192
0.
-0.00955105
0.323154
0.114689
0.
0.0202877
0.342581
0.0712689
0.
0.00110237
0.322997
-0.104259
0.
0.015693
0.312332
0.0409497
0.
-0.0196642
0.320374
-0.0629375
0.
-0.00179133
0.
0.
0.
-0.133867
0.
0.
0.
-0.00978214
0.
0.
0.
0.000583201
0.
0.
0.
0.111585
0.
0.
0.
-0.0653361
0.
0.
0.
-0.154196
0.
0.
0.
-0.199721
0.
0.
0.
0.0410846
0.
0.
0.
-0.00893405
0.
0.
0.
-0.0172873
0.
0.
0.
-0.163928
0.
0.
0.
0.0289602
0.
0.
0.
-0.0763117
0.
0.
0.
-0.00364751
0.
0.
0.
0.155632
0.
0.
0.
0.0436499
0.
0.
0.
0.0050631
0.
0.
0.
0.00666138
1.
0.
0.
0.0447889
0.398104
-0.0083711
-0.000541283
-0.00355759
0.378462
0.
-0.00340802
-0.00354351
0.27103
0.
-0.00225119
-0.0145624
0.306536
0.
0.0183816
0.0505056
0.378481
0.
0.00446018
-0.0100922
0.273309
0.
0.0132024
-0.0147286
0.317288
0.
-0.00631055
0.0620225
0.309466
0.0186477
0.
0.0621317
0.380551
0.0189089
0.
-0.00124201
0.257854
0.0218017
0.
-0.0188708
0.288223
0.00116303
0.
0.0567059
0.38318
0.0144183
0.
-0.00281749
0.265768
0.0163092
0.
-0.0190855
0.247414
0.0208661
-0.0543207
-0.00976621
0.248598
-0.0248856
0.0236229
-0.0234262
0.364647
-0.0253568
-0.0650973
0.00944265
0.425242
-0.136523
-0.147288
0.12732
0.355826
0.129263
-0.151185
0.0863598
0.338801
-0.0187106
0.0275605
0.0330515
0.358635
0.117935
0.095172
0.100255
0.274035
-0.015038
-0.0293145
-0.00790357
0.400526
0.00176731
-0.0455728
0.0116708
0.257709
0.0212873
0.0315488
-0.00370266
0.368291
0.0043983
0.0426921
0.0129781
0.314419
-0.112228
0.136184
0.0966669
0.397686
-0.00803252
-0.00737719
0.0246269
0.315686
-0.00286432
0.0675215
-0.0720325
0.342596
0.0364156
0.140443
0.0896481
