Vec Object: 1 MPI process
  type: seq
0.
0.
0.
-0.112165
0.
0.
0.
0.0387443
0.161986
-0.167222
0.
-0.078376
0.171929
-0.177918
0.
-0.0718181
0.189943
0.203634
0.
-0.0595066
0.176171
0.166396
0.
-0.0763895
0.387371
0.00988515
0.
0.00446139
0.37517
0.00944575
0.
0.00577791
0.389771
-0.0200353
0.
0.00701498
0.395698
-0.0188982
0.
0.0109545
0.
0.
0.
-0.0346055
0.
0.
0.
-0.0861335
0.30976
-0.0561427
0.
-0.017167
0.320413
0.0880464
0.
0.00360744
0.31476
-0.0511168
0.
-0.00846298
0.323436
0.115211
0.
0.0206601
0.340759
0.0705062
0.
0.00239077
0.323205
-0.104457
0.
0.0158676
0.31074
0.0416245
0.
-0.0210341
0.320512
-0.0629571
0.
-0.00189419
0.
0.
0.
-0.135082
0.
0.
0.
-0.0156636
0.
0.
0.
0.0057728
0.
0.
0.
0.10402
0.
0.
0.
-0.0704511
0.
0.
0.
-0.153399
0.
0.
0.
-0.190729
0.
0.
0.
0.0521213
0.
0.
0.
0.00302958
0.
0.
0.
-0.0108277
0.
0.
0.
-0.161316
0.
0.
0.
0.0291866
0.
0.
0.
-0.0694139
0.
0.
0.
-0.00560552
0.
0.
0.
0.170929
0.
0.
0.
0.058578
0.
0.
0.
0.0117539
0.
0.
0.
0.00539237
1.
0.
0.
0.045983
0.398839
-0.00840417
-0.000622795
-0.00368283
0.377976
0.
-0.00321487
-0.00326955
0.271843
0.
-0.00197028
-0.0158011
0.310774
0.
0.0175993
0.0529307
0.378648
0.
0.00423186
-0.0101113
0.274234
0.
0.0126897
-0.016684
0.320781
0.
-0.00654714
0.0660296
0.314611
0.0178072
0.
0.0668384
0.380174
0.0191559
0.
-0.000975237
0.258753
0.0223087
0.
-0.0202247
0.292875
0.000467259
0.
0.0607452
0.383197
0.0140233
0.
-0.00273227
0.266518
0.0158242
0.
-0.0211008
0.24684
0.0199138
-0.0537536
-0.0117536
0.248539
-0.0245021
0.0234906
-0.0266747
0.362718
-0.0261384
-0.0611842
0.0115183
0.424741
-0.131225
-0.143655
0.133383
0.356113
0.124316
-0.147045
0.0917231
0.336951
-0.0133045
0.0277767
0.0362427
0.357388
0.114688
0.0916758
0.106514
0.270927
-0.0145668
-0.029018
-0.00828059
0.397418
0.00167359
-0.0432585
0.0136848
0.257912
0.0207937
0.0310958
-0.00676331
0.363359
0.00213583
0.0398832
0.0154604
0.313144
-0.108129
0.133306
0.101333
0.393079
-0.0073438
-0.00825708
0.0278593
0.313319
-0.0101715
0.0640218
-0.0678686
0.341068
0.0343851
0.137617
0.0957555
