Vec Object: 1 MPI process
  type: seq
0.
0.
0.
-0.0971344
0.
0.
0.
0.203316
0.14633
-0.167913
0.
-0.131083
0.162346
-0.177223
0.
-0.108908
0.199754
0.193559
0.
-0.0591903
0.161795
0.172744
0.
-0.138581
0.37677
0.0210617
0.
0.0524986
0.369125
0.0175124
0.
0.0338639
0.382772
-0.0220448
0.
0.0358631
0.383229
-0.0311765
0.
0.0609074
0.
0.
0.
-0.0681988
0.
0.
0.
-0.176529
0.283371
-0.0497975
0.
-0.0249718
0.325211
0.0762515
0.
-0.0296978
0.290283
-0.0474187
0.
0.000669261
0.327917
0.1102
0.
-0.0116604
0.314385
0.0581357
0.
0.014086
0.326744
-0.0952923
0.
-0.0191017
0.284044
0.0491656
0.
-0.0396634
0.323484
-0.0557308
0.
-0.0408067
0.
0.
0.
-0.037018
0.
0.
0.
-0.0850585
0.
0.
0.
0.186612
0.
0.
0.
0.0221903
0.
0.
0.
-0.141462
0.
0.
0.
-0.0203467
0.
0.
0.
0.0807817
0.
0.
0.
0.320012
0.
0.
0.
0.291498
0.
0.
0.
0.190371
0.
0.
0.
0.0493046
0.
0.
0.
0.0953382
0.
0.
0.
0.155331
0.
0.
0.
-0.00838224
0.
0.
0.
0.468175
0.
0.
0.
0.383305
0.
0.
0.
0.242953
0.
0.
0.
-0.0169393
1.
0.
0.
0.0685733
0.4023
-0.00846361
-0.00160712
0.0386116
0.377123
0.
-0.000326754
-0.00773123
0.282515
0.
0.00148509
-0.0662838
0.373659
0.
0.00733451
0.102566
0.385349
0.
0.000417062
-0.0134702
0.284335
0.
0.00585314
-0.0746878
0.367144
0.
-0.00845556
0.138145
0.385767
0.0057281
0.
0.150711
0.381718
0.0207966
0.
-0.00563829
0.271358
0.0250193
0.
-0.0722939
0.355879
-0.00383403
0.
0.149046
0.389354
0.007424
0.
-0.00514239
0.276849
0.0076975
0.
-0.0827324
0.238566
0.00266005
-0.0338773
-0.0625625
0.246294
-0.0124607
0.0139453
-0.103559
0.314571
-0.0358417
-0.0169653
0.0477963
0.438706
-0.0477224
-0.0859463
0.244103
0.381959
0.0461888
-0.0851126
0.19145
0.260415
0.0382906
0.0186158
0.0997671
0.347512
0.0498378
0.0483724
0.233298
0.22692
0.000738609
-0.0221146
-0.0211101
0.318363
-0.000678921
-0.0109167
0.0560943
0.253495
-0.000885281
0.0186673
-0.0692216
0.287868
-0.0219667
0.012873
0.0707069
0.314122
-0.0416784
0.0823922
0.198106
0.314679
0.00410375
-0.0121868
0.0929692
0.21263
-0.0586434
0.0190343
0.0954636
0.330819
0.00161428
0.0813976
0.22855
