Vec Object: 1 MPI process
  type: seq
0.
0.
0.
-0.0899339
0.
0.
0.
0.0205987
0.167064
-0.16739
0.
-0.0585493
0.174315
-0.179007
0.
-0.0589229
0.18933
0.206082
0.
-0.0495305
0.180803
0.164336
0.
-0.0517538
0.388934
0.00865382
0.
0.000730374
0.375836
0.00831814
0.
0.00843775
0.391188
-0.0212659
0.
0.00903305
0.398047
-0.0168932
0.
0.00550579
0.
0.
0.
-0.022253
0.
0.
0.
-0.0622258
0.319511
-0.0573264
0.
-0.0137111
0.318067
0.0893601
0.
0.00341796
0.324445
-0.0509827
0.
-0.0135286
0.321896
0.111754
0.
0.017623
0.351153
0.0742478
0.
-0.00341152
0.322122
-0.102871
0.
0.0138677
0.319357
0.0378266
0.
-0.0134244
0.320105
-0.0624843
0.
-0.00240207
0.
0.
0.
-0.119596
0.
0.
0.
0.014511
0.
0.
0.
-0.0124438
0.
0.
0.
0.141917
0.
0.
0.
-0.046022
0.
0.
0.
-0.147783
0.
0.
0.
-0.226535
0.
0.
0.
0.00244083
0.
0.
0.
-0.0505851
0.
0.
0.
-0.0354274
0.
0.
0.
-0.158928
0.
0.
0.
0.0328838
0.
0.
0.
-0.0942992
0.
0.
0.
0.00664036
0.
0.
0.
0.0943067
0.
0.
0.
-0.0120701
0.
0.
0.
-0.0117079
0.
0.
0.
0.0107558
1.
0.
0.
0.038181
0.393997
-0.00813577
-0.000125664
-0.00217177
0.380974
0.
-0.00424017
-0.00493208
0.267415
0.
-0.00358953
-0.00964954
0.286777
0.
0.0220768
0.0403684
0.377405
0.
0.0053486
-0.0100188
0.268748
0.
0.0155833
-0.00648482
0.300589
0.
-0.00501312
0.0447764
0.285019
0.022398
0.
0.0427292
0.382599
0.0177978
0.
-0.00259201
0.254051
0.0189611
0.
-0.0135449
0.265758
0.00505027
0.
0.0406943
0.382873
0.0159831
0.
-0.0033892
0.262478
0.0180493
0.
-0.0110059
0.250349
0.0247085
-0.0550729
-0.0026848
0.248879
-0.0251914
0.0230133
-0.0103974
0.370775
-0.0222401
-0.0837782
0.00105216
0.43015
-0.159373
-0.163744
0.101762
0.358247
0.150719
-0.169886
0.0645915
0.339485
-0.0439917
0.0251432
0.0203172
0.365383
0.130306
0.111515
0.0752175
0.288682
-0.0160651
-0.0304892
-0.00708217
0.410196
0.00206299
-0.0548671
0.00364521
0.255873
0.0210097
0.032931
0.00891987
0.390942
0.0155048
0.0571056
0.00371683
0.323236
-0.129981
0.148407
0.0780914
0.416719
-0.010533
-0.00293379
0.0125058
0.317463
0.0343263
0.0822054
-0.0812126
0.351719
0.0448555
0.151077
0.0660711
