Vec Object: 1 MPI process
  type: seq
0.
0.
0.
-0.0868731
0.
0.
0.
0.0197619
0.16771
-0.167491
0.
-0.0561105
0.174652
-0.179213
0.
-0.0572377
0.18938
0.206415
0.
-0.0480825
0.181349
0.164133
0.
-0.0486786
0.389138
0.00856016
0.
0.000351613
0.375995
0.00810948
0.
0.0087929
0.391476
-0.0214312
0.
0.00918006
0.398353
-0.0166853
0.
0.00490504
0.
0.
0.
-0.0210041
0.
0.
0.
-0.0600619
0.320864
-0.0574784
0.
-0.0131875
0.317697
0.0895239
0.
0.00330503
0.325836
-0.0508548
0.
-0.0140125
0.3217
0.111196
0.
0.0171025
0.352623
0.0746548
0.
-0.00392385
0.321994
-0.102581
0.
0.0134684
0.320488
0.0373246
0.
-0.0124767
0.320142
-0.0623601
0.
-0.00260202
0.
0.
0.
-0.116257
0.
0.
0.
0.0177884
0.
0.
0.
-0.013062
0.
0.
0.
0.145654
0.
0.
0.
-0.0438108
0.
0.
0.
-0.145483
0.
0.
0.
-0.228865
0.
0.
0.
-0.00212851
0.
0.
0.
-0.0554351
0.
0.
0.
-0.03675
0.
0.
0.
-0.155746
0.
0.
0.
0.0340746
0.
0.
0.
-0.0952558
0.
0.
0.
0.00840358
0.
0.
0.
0.0855845
0.
0.
0.
-0.0192697
0.
0.
0.
-0.0124926
0.
0.
0.
0.0110299
1.
0.
0.
0.0369191
0.393181
-0.00807524
-4.45943e-05
-0.00188072
0.381425
0.
-0.00436627
-0.00514656
0.266848
0.
-0.00382085
-0.00892974
0.283395
0.
0.0227046
0.0388181
0.377143
0.
0.00546548
-0.00997032
0.267937
0.
0.0159853
-0.00522972
0.297684
0.
-0.0047482
0.0421191
0.280782
0.0229873
0.
0.0398931
0.382978
0.0176261
0.
-0.00279942
0.253503
0.0183888
0.
-0.012789
0.261776
0.00581884
0.
0.0384281
0.382754
0.0161957
0.
-0.00347747
0.261962
0.0182361
0.
-0.00983784
0.250876
0.0252711
-0.05488
-0.00187898
0.248909
-0.0249537
0.0227032
-0.00857877
0.371325
-0.0218224
-0.0869342
-0.000185574
0.431386
-0.162863
-0.166468
0.097902
0.359341
0.15403
-0.172921
0.0614643
0.338247
-0.0480091
0.0245435
0.018487
0.366665
0.131938
0.114205
0.071653
0.291171
-0.0160777
-0.0306665
-0.00713527
0.411046
0.0020929
-0.0560943
0.00246411
0.255394
0.0205063
0.0330653
0.0107043
0.394745
0.0174395
0.0597358
0.00246342
0.325229
-0.132732
0.150283
0.0754364
0.419475
-0.010808
-0.00217983
0.0108981
0.316307
0.0407254
0.0842415
-0.0813762
0.353634
0.0460684
0.152427
0.0628457
