Vec Object: 1 MPI process
  type: seq
0.
0.
0.
-0.110349
0.
0.
0.
0.0360515
0.162495
-0.167201
0.
-0.0763661
0.172167
-0.177989
0.
-0.0705274
0.189821
0.203867
0.
-0.0586258
0.176648
0.166171
0.
-0.0739536
0.387529
0.00973057
0.
0.00401892
0.375214
0.00935181
0.
0.00597855
0.389866
-0.0201506
0.
0.00723704
0.395933
-0.018675
0.
0.0103474
0.
0.
0.
-0.0333034
0.
0.
0.
-0.0834083
0.310671
-0.0562751
0.
-0.0169191
0.320215
0.0881915
0.
0.00367445
0.315642
-0.0511616
0.
-0.00904366
0.323288
0.114944
0.
0.0204784
0.341714
0.0709113
0.
0.00170171
0.323096
-0.104359
0.
0.0157901
0.311579
0.0412718
0.
-0.020319
0.320437
-0.062951
0.
-0.00182533
0.
0.
0.
-0.134547
0.
0.
0.
-0.0125669
0.
0.
0.
0.0029375
0.
0.
0.
0.108006
0.
0.
0.
-0.0677427
0.
0.
0.
-0.153931
0.
0.
0.
-0.195596
0.
0.
0.
0.0462103
0.
0.
0.
-0.00337908
0.
0.
0.
-0.014335
0.
0.
0.
-0.162866
0.
0.
0.
0.0290088
0.
0.
0.
-0.073172
0.
0.
0.
-0.00459825
0.
0.
0.
0.162817
0.
0.
0.
0.0506205
0.
0.
0.
0.00809929
0.
0.
0.
0.00606816
1.
0.
0.
0.045368
0.39846
-0.00838731
-0.000580221
-0.00362903
0.378227
0.
-0.00331659
-0.00341006
0.271416
0.
-0.00211721
-0.0151415
0.30855
0.
0.0180087
0.0516472
0.378561
0.
0.00435298
-0.0100993
0.273752
0.
0.0129585
-0.0156497
0.318953
0.
-0.00642454
0.0639162
0.311917
0.0182487
0.
0.0643487
0.380368
0.0190266
0.
-0.00111202
0.25828
0.0220471
0.
-0.0195041
0.290442
0.000826035
0.
0.0586003
0.383188
0.0142326
0.
-0.00277353
0.266123
0.0160823
0.
-0.0200305
0.247138
0.0204187
-0.0540679
-0.0106937
0.24857
-0.0247151
0.023571
-0.0249534
0.363755
-0.025725
-0.0632281
0.0104161
0.424979
-0.134017
-0.145565
0.130181
0.35593
0.126922
-0.14922
0.0888825
0.337992
-0.0161269
0.0276779
0.0345475
0.358032
0.116415
0.0935052
0.103194
0.272555
-0.0148256
-0.0291758
-0.00807723
0.399092
0.00172416
-0.0444811
0.0126134
0.257813
0.0210751
0.0313407
-0.00514741
0.365949
0.00331522
0.0413423
0.0141336
0.313787
-0.110289
0.134826
0.0988557
0.395514
-0.00771011
-0.00780128
0.0261352
0.314647
-0.00638557
0.0658641
-0.0701596
0.341852
0.0354574
0.139121
0.0925062
