Vec Object: 1 MPI process
  type: seq
0.
0.
0.
-0.109378
0.
0.
0.
0.0347535
0.162754
-0.167192
0.
-0.0753463
0.172286
-0.178029
0.
-0.0698735
0.189763
0.203987
0.
-0.0581683
0.176889
0.166057
0.
-0.0727111
0.387609
0.0096544
0.
0.00380105
0.375238
0.00930378
0.
0.00608925
0.389916
-0.0202102
0.
0.00735157
0.396052
-0.0185633
0.
0.0100449
0.
0.
0.
-0.0326396
0.
0.
0.
-0.0820387
0.311139
-0.0563404
0.
-0.0167825
0.320111
0.0882634
0.
0.00369912
0.316096
-0.05118
0.
-0.00933353
0.323212
0.114801
0.
0.0203731
0.342205
0.0711152
0.
0.00135895
0.32304
-0.104304
0.
0.015738
0.312006
0.0410894
0.
-0.0199484
0.3204
-0.0629442
0.
-0.00180292
0.
0.
0.
-0.134184
0.
0.
0.
-0.010985
0.
0.
0.
0.0015778
0.
0.
0.
0.11004
0.
0.
0.
-0.0663721
0.
0.
0.
-0.154106
0.
0.
0.
-0.197968
0.
0.
0.
0.0432773
0.
0.
0.
-0.00655805
0.
0.
0.
-0.0160351
0.
0.
0.
-0.163508
0.
0.
0.
0.0289685
0.
0.
0.
-0.074983
0.
0.
0.
-0.00406336
0.
0.
0.
0.158724
0.
0.
0.
0.0466403
0.
0.
0.
0.00634591
0.
0.
0.
0.00640699
1.
0.
0.
0.0450422
0.39826
-0.00837823
-0.00055819
-0.00359101
0.378359
0.
-0.00336852
-0.00348508
0.271197
0.
-0.00219308
-0.0148111
0.307408
0.
0.0182199
0.0509975
0.378516
0.
0.00441407
-0.0100949
0.273502
0.
0.0130967
-0.0151256
0.31801
0.
-0.00636026
0.06284
0.310528
0.018475
0.
0.0630871
0.380471
0.0189599
0.
-0.00118509
0.258038
0.0219089
0.
-0.0191428
0.289185
0.00101571
0.
0.0575205
0.383184
0.0143384
0.
-0.00279774
0.265922
0.0162118
0.
-0.0194919
0.247294
0.0206735
-0.054215
-0.0101639
0.248586
-0.0248145
0.0236029
-0.0240837
0.364266
-0.0255154
-0.064286
0.0098613
0.425122
-0.135441
-0.146542
0.128554
0.355864
0.128252
-0.150335
0.0874461
0.338466
-0.0175891
0.0276146
0.0336947
0.358371
0.117282
0.0944493
0.101519
0.273393
-0.0149486
-0.0292549
-0.00797739
0.399915
0.00174893
-0.0451022
0.0120758
0.257756
0.0212005
0.0314603
-0.00432584
0.367277
0.00392766
0.0421044
0.0134731
0.31414
-0.11139
0.135598
0.0976082
0.39675
-0.00789407
-0.00756205
0.0252738
0.315256
-0.00439927
0.0668055
-0.0712449
0.34227
0.0360023
0.139876
0.0908757
