Vec Object: 1 MPI process
  type: seq
0.
0.
0.
-0.0787402
0.
0.
0.
0.0191716
0.169614
-0.167943
0.
-0.049212
0.175764
-0.179932
0.
-0.0521473
0.189766
0.207424
0.
-0.0436545
0.182838
0.163695
0.
-0.0400848
0.389748
0.00840952
0.
-0.000634714
0.376649
0.00733337
0.
0.00965241
0.392528
-0.0219304
0.
0.00932921
0.399261
-0.0161706
0.
0.00327149
0.
0.
0.
-0.018219
0.
0.
0.
-0.0555036
0.324991
-0.0579783
0.
-0.0117215
0.316484
0.0900432
0.
0.00295608
0.330149
-0.0502941
0.
-0.0150969
0.321157
0.10942
0.
0.0155164
0.357137
0.0757124
0.
-0.00501727
0.321657
-0.101631
0.
0.0122004
0.323842
0.0358859
0.
-0.00994046
0.320453
-0.0619112
0.
-0.00325941
0.
0.
0.
-0.105604
0.
0.
0.
0.0256841
0.
0.
0.
-0.0127395
0.
0.
0.
0.153293
0.
0.
0.
-0.0395207
0.
0.
0.
-0.137387
0.
0.
0.
-0.232621
0.
0.
0.
-0.012809
0.
0.
0.
-0.066539
0.
0.
0.
-0.0382148
0.
0.
0.
-0.143209
0.
0.
0.
0.0379436
0.
0.
0.
-0.0950877
0.
0.
0.
0.0134819
0.
0.
0.
0.0621564
0.
0.
0.
-0.0372437
0.
0.
0.
-0.0120768
0.
0.
0.
0.0109651
1.
0.
0.
0.0329045
0.390458
-0.00783654
0.000233166
-0.00101109
0.38281
0.
-0.00471602
-0.00569244
0.265238
0.
-0.00453778
-0.0069285
0.272994
0.
0.0245937
0.0343624
0.376133
0.
0.00575046
-0.00968445
0.265407
0.
0.0172099
-0.00173238
0.288706
0.
-0.00381942
0.0346274
0.267716
0.0246428
0.
0.0321615
0.384169
0.0171491
0.
-0.00332389
0.252094
0.0164377
0.
-0.010772
0.249254
0.00836764
0.
0.03231
0.382213
0.0167337
0.
-0.00365728
0.260481
0.0185625
0.
-0.00666244
0.252458
0.026878
-0.0537412
-0.000131632
0.248888
-0.0236128
0.0213985
-0.00384414
0.372085
-0.0207811
-0.0962966
-0.00361489
0.435799
-0.172574
-0.174637
0.0870811
0.364024
0.163344
-0.181791
0.0530286
0.332109
-0.0590039
0.0225229
0.0135495
0.370765
0.13607
0.121975
0.0620463
0.298666
-0.0159495
-0.0312046
-0.0076104
0.412288
0.00215351
-0.0589936
-0.000836519
0.253563
0.018111
0.0333695
0.0153409
0.406269
0.023288
0.0679693
-0.000846694
0.332233
-0.140528
0.155617
0.0681892
0.426854
-0.0113064
-2.6034e-05
0.00673855
0.310564
0.0591483
0.08919
-0.0800854
0.36022
0.0492158
0.155652
0.0543426
