Vec Object: 1 MPI process
  type: seq
0.
0.
0.
-0.122489
0.
0.
0.
0.0948079
0.154593
-0.167993
0.
-0.107047
0.167996
-0.177584
0.
-0.0911577
0.19258
0.200324
0.
-0.0689842
0.169325
0.169695
0.
-0.109588
0.384653
0.0128303
0.
0.0138668
0.374179
0.0111706
0.
0.00672321
0.388542
-0.0188953
0.
0.00634666
0.391965
-0.0226139
0.
0.0222141
0.
0.
0.
-0.050533
0.
0.
0.
-0.125427
0.297795
-0.0534571
0.
-0.0175514
0.322734
0.0850829
0.
-0.00118606
0.303493
-0.0494265
0.
0.000931754
0.325386
0.116799
0.
0.0182241
0.328538
0.0643594
0.
0.0133524
0.324708
-0.103968
0.
0.0120722
0.299188
0.0455551
0.
-0.0283921
0.321818
-0.0618791
0.
-0.0077304
0.
0.
0.
-0.117435
0.
0.
0.
-0.0535757
0.
0.
0.
0.0664406
0.
0.
0.
0.0557053
0.
0.
0.
-0.106133
0.
0.
0.
-0.120294
0.
0.
0.
-0.0962413
0.
0.
0.
0.153232
0.
0.
0.
0.112563
0.
0.
0.
0.0592796
0.
0.
0.
-0.102882
0.
0.
0.
0.0456737
0.
0.
0.
0.00796012
0.
0.
0.
-0.0125993
0.
0.
0.
0.292908
0.
0.
0.
0.186442
0.
0.
0.
0.0892091
0.
0.
0.
-0.00343365
1.
0.
0.
0.0517731
0.402466
-0.00857018
-0.0011583
0.000104605
0.375643
0.
-0.00186146
-0.00281473
0.277269
0.
-0.000183053
-0.0276297
0.339966
0.
0.0125119
0.0722123
0.379986
0.
0.00246958
-0.0111703
0.279825
0.
0.00928045
-0.0329044
0.34368
0.
-0.00786137
0.0958233
0.348813
0.0120678
0.
0.102725
0.378692
0.0205967
0.
-0.000585576
0.264957
0.0248085
0.
-0.032911
0.323473
-0.00294836
0.
0.0940862
0.383747
0.010997
0.
-0.003317
0.27168
0.0120106
0.
-0.0386148
0.243281
0.0124111
-0.0467567
-0.0281125
0.248065
-0.0199346
0.020509
-0.0524633
0.344606
-0.0317272
-0.0371318
0.0290177
0.426614
-0.0932489
-0.117967
0.179085
0.364035
0.088892
-0.118466
0.133465
0.311165
0.0184736
0.0261552
0.0631368
0.351068
0.087952
0.0694081
0.157131
0.250311
-0.00895194
-0.0264549
-0.0108916
0.367692
0.000739789
-0.0269127
0.0314228
0.25765
0.0132449
0.026512
-0.0289471
0.329147
-0.0114248
0.0239729
0.0384725
0.309626
-0.0784518
0.111556
0.139673
0.358589
-0.00199235
-0.012523
0.056014
0.280122
-0.0473587
0.0405202
-0.0148964
0.334015
0.0194891
0.11439
0.147263
