Vec Object: 1 MPI process
  type: seq
0.
0.
0.
-0.108298
0.
0.
0.
0.0334072
0.163033
-0.167186
0.
-0.0742471
0.172415
-0.178073
0.
-0.0691692
0.189704
0.204116
0.
-0.0576672
0.177149
0.165936
0.
-0.0713673
0.387695
0.00957403
0.
0.00357103
0.375263
0.00925155
0.
0.00621479
0.389973
-0.020275
0.
0.00747578
0.39618
-0.018444
0.
0.00972283
0.
0.
0.
-0.031923
0.
0.
0.
-0.0805748
0.311648
-0.0564093
0.
-0.0166273
0.319998
0.0883396
0.
0.00371901
0.316592
-0.0511965
0.
-0.00964221
0.323129
0.114642
0.
0.0202502
0.34274
0.0713335
0.
0.000995016
0.322979
-0.10424
0.
0.0156727
0.312469
0.0408904
0.
-0.0195436
0.320363
-0.0629342
0.
-0.00178781
0.
0.
0.
-0.133723
0.
0.
0.
-0.00927403
0.
0.
0.
0.000173127
0.
0.
0.
0.112238
0.
0.
0.
-0.0649001
0.
0.
0.
-0.154223
0.
0.
0.
-0.200449
0.
0.
0.
0.0401679
0.
0.
0.
-0.00992734
0.
0.
0.
-0.0178059
0.
0.
0.
-0.164089
0.
0.
0.
0.0289625
0.
0.
0.
-0.0768606
0.
0.
0.
-0.00346948
0.
0.
0.
0.154331
0.
0.
0.
0.0423957
0.
0.
0.
0.00453415
0.
0.
0.
0.00676795
1.
0.
0.
0.0446804
0.398038
-0.00836802
-0.000534095
-0.00354234
0.378505
0.
-0.00342471
-0.00356853
0.270959
0.
-0.00227586
-0.014458
0.306166
0.
0.0184502
0.0502983
0.378466
0.
0.00447957
-0.0100913
0.273228
0.
0.0132472
-0.0145612
0.316981
0.
-0.00628933
0.0616773
0.309015
0.0187207
0.
0.0617291
0.380585
0.0188873
0.
-0.00126639
0.257777
0.0217558
0.
-0.0187566
0.287814
0.0012261
0.
0.0563634
0.383178
0.0144519
0.
-0.00282616
0.265703
0.01635
0.
-0.0189146
0.247465
0.0209471
-0.0543638
-0.00959956
0.248603
-0.0249145
0.0236302
-0.0231493
0.364805
-0.0252899
-0.0654419
0.00926656
0.425295
-0.136981
-0.147603
0.1268
0.355814
0.129691
-0.151545
0.0859023
0.338935
-0.019187
0.0275361
0.0327811
0.358747
0.118209
0.0954787
0.0997231
0.274307
-0.0150747
-0.0293395
-0.00787297
0.400781
0.00177495
-0.0457713
0.0115007
0.257688
0.0213218
0.0315855
-0.00343975
0.36872
0.00459848
0.0429426
0.0127707
0.314541
-0.112581
0.136431
0.0962711
0.398081
-0.00809064
-0.00729831
0.0243556
0.31586
-0.00220934
0.067824
-0.0723555
0.342736
0.0365899
0.140682
0.0891326
