Vec Object: 1 MPI process
  type: seq
0.
0.
0.
-0.0939692
0.
0.
0.
0.0221897
0.166226
-0.167291
0.
-0.0617575
0.173899
-0.178764
0.
-0.061081
0.189319
0.205658
0.
-0.0513534
0.180072
0.16463
0.
-0.0558031
0.388673
0.00880138
0.
0.00125212
0.375667
0.00855621
0.
0.00795542
0.390859
-0.0210539
0.
0.00878437
0.397655
-0.0171829
0.
0.00631621
0.
0.
0.
-0.0240477
0.
0.
0.
-0.0654287
0.317796
-0.0571369
0.
-0.0143856
0.318519
0.0891521
0.
0.00354816
0.322699
-0.0511056
0.
-0.0128314
0.322154
0.112439
0.
0.0182701
0.349297
0.0736901
0.
-0.00265459
0.322293
-0.10322
0.
0.0143507
0.3179
0.0384792
0.
-0.01469
0.320098
-0.062624
0.
-0.00217286
0.
0.
0.
-0.123566
0.
0.
0.
0.0099336
0.
0.
0.
-0.0110592
0.
0.
0.
0.136453
0.
0.
0.
-0.0493381
0.
0.
0.
-0.150305
0.
0.
0.
-0.222722
0.
0.
0.
0.00902921
0.
0.
0.
-0.0435424
0.
0.
0.
-0.033075
0.
0.
0.
-0.162116
0.
0.
0.
0.0315211
0.
0.
0.
-0.0922756
0.
0.
0.
0.00437527
0.
0.
0.
0.106073
0.
0.
0.
-0.00201365
0.
0.
0.
-0.00993772
0.
0.
0.
0.0102098
1.
0.
0.
0.0397288
0.39498
-0.008202
-0.000222728
-0.00253203
0.380409
0.
-0.00407322
-0.00464318
0.268158
0.
-0.00329837
-0.0106055
0.291043
0.
0.0212796
0.0423988
0.377697
0.
0.00518521
-0.0100566
0.269761
0.
0.0150732
-0.00813912
0.304239
0.
-0.00532626
0.0482663
0.290348
0.0216263
0.
0.0465226
0.382128
0.0180245
0.
-0.002312
0.254795
0.0196445
0.
-0.0145644
0.270721
0.00412315
0.
0.0437513
0.382989
0.0156898
0.
-0.00326526
0.263151
0.0177618
0.
-0.0125703
0.249687
0.023962
-0.0551831
-0.00387556
0.248826
-0.0253606
0.0233198
-0.0128767
0.369869
-0.0228205
-0.0797514
0.00269547
0.428747
-0.154767
-0.160266
0.106861
0.357162
0.146369
-0.165972
0.0687986
0.340483
-0.0387124
0.0258367
0.0227739
0.363811
0.128041
0.108046
0.0800214
0.285522
-0.0159917
-0.0302588
-0.00709831
0.408792
0.00201736
-0.0531418
0.00521044
0.256403
0.0214501
0.0327252
0.00649053
0.38611
0.0130627
0.0538408
0.00542693
0.320924
-0.126375
0.145945
0.0816571
0.413011
-0.0101144
-0.00390347
0.0147225
0.318345
0.0261386
0.0793883
-0.0804959
0.349456
0.0432131
0.149168
0.0704746
