Vec Object: 1 MPI process
  type: seq
0.
0.
0.
-0.0384214
0.
0.
0.
0.365833
0.163243
-0.14562
0.
0.11876
0.179454
-0.155392
0.
0.139945
0.233355
0.162362
0.
0.232848
0.179771
0.153086
0.
0.110712
0.351451
0.0458185
0.
0.11853
0.350529
0.0390256
0.
0.0748913
0.356344
-0.0447278
0.
0.117977
0.358022
-0.0553333
0.
0.123214
0.
0.
0.
-0.125196
0.
0.
0.
-0.276514
0.265366
-0.069067
0.
-0.153255
0.329224
0.0495781
0.
-0.215589
0.273785
-0.0727843
0.
-0.136342
0.33286
0.0780657
0.
-0.211767
0.297188
0.0743504
0.
-0.097518
0.330854
-0.0615183
0.
-0.217012
0.263788
0.0713294
0.
-0.135768
0.325206
-0.0349471
0.
-0.236435
0.
0.
0.
0.109647
0.
0.
0.
-0.128422
0.
0.
0.
0.369022
0.
0.
0.
0.0114816
0.
0.
0.
-0.196432
0.
0.
0.
0.151993
0.
0.
0.
0.357992
0.
0.
0.
0.580097
0.
0.
0.
0.55348
0.
0.
0.
0.381775
0.
0.
0.
0.303247
0.
0.
0.
0.163851
0.
0.
0.
0.36835
0.
0.
0.
-0.0172604
0.
0.
0.
0.773182
0.
0.
0.
0.687836
0.
0.
0.
0.508189
0.
0.
0.
-0.0835246
1.
0.
0.
0.387274
0.390539
-0.00633045
-0.0010485
0.127883
0.390328
0.
0.00136751
-0.105144
0.287773
0.
0.00251633
-0.282887
0.388389
0.
0.00281243
0.258
0.406129
0.
-0.000715082
-0.0876373
0.287689
0.
0.00343426
-0.284519
0.369729
0.
-0.00740293
0.311208
0.401045
0.00114797
0.
0.321991
0.398562
0.0169374
0.
-0.102081
0.277753
0.0195182
0.
-0.282159
0.366581
-0.000109108
0.
0.345851
0.413972
0.00543013
0.
-0.078865
0.281456
0.00615277
0.
-0.295269
0.230709
-0.00354956
-0.0186203
-0.223806
0.241432
-0.00491138
0.00610816
-0.305411
0.271701
-0.0244782
-0.00495854
0.0140026
0.45054
-0.00208727
-0.0503458
0.48233
0.395564
0.0040952
-0.0504719
0.375028
0.190722
0.0332622
0.00730818
0.124118
0.335756
0.00871955
0.0323776
0.424335
0.201242
0.00181817
-0.0157584
-0.115132
0.252508
-0.000498479
-0.000919341
0.061285
0.24456
-0.00608806
0.00920106
-0.250837
0.240594
-0.0224996
0.00868263
0.0622671
0.315191
-0.0024613
0.0493858
0.354594
0.263924
0.00880115
-0.00521222
0.119947
0.119877
-0.0394856
0.00646589
0.248518
0.319826
-0.014658
0.0443274
0.421608
