Vec Object: 1 MPI process
  type: seq
0.
0.
0.
0.678381
0.
0.
0.
1.28512
0.269647
-0.0473221
0.
2.21718
0.286823
-0.0525908
0.
2.22697
0.333762
0.0683396
0.
2.27
0.287836
0.0500053
0.
2.19606
0.384951
0.00523406
0.
-1.35906
0.384411
-0.0012819
0.
-1.38523
0.389452
-0.004121
0.
-1.35354
0.391067
-0.0127577
0.
-1.35845
0.
0.
0.
0.374277
0.
0.
0.
0.12366
0.246553
-0.0740747
0.
0.107041
0.329711
0.000163005
0.
-1.25272
0.256672
-0.0776131
0.
0.118609
0.333574
0.0117772
0.
-1.28359
0.27984
0.0775469
0.
0.148916
0.331381
0.00483605
0.
-1.28131
0.244059
0.0728451
0.
0.198823
0.329245
0.00498962
0.
-1.28316
0.
0.
0.
0.953949
0.
0.
0.
0.433515
0.
0.
0.
1.31506
0.
0.
0.
0.678857
0.
0.
0.
0.316306
0.
0.
0.
1.02481
0.
0.
0.
1.40252
0.
0.
0.
1.70238
0.
0.
0.
1.61382
0.
0.
0.
1.31097
0.
0.
0.
1.26453
0.
0.
0.
0.909532
0.
0.
0.
1.29599
0.
0.
0.
0.613023
0.
0.
0.
2.14472
0.
0.
0.
1.89486
0.
0.
0.
1.68457
0.
0.
0.
0.403778
1.
0.
0.
2.55681
0.415415
-0.00379484
-0.000433205
-1.35913
0.388818
0.
0.0018727
-1.36462
0.284358
0.
0.00270121
-0.985056
0.334237
0.
0.00105683
1.76391
0.402433
0.
-0.000662099
-1.35495
0.282039
0.
0.00323386
-0.914003
0.315419
0.
-0.00653618
1.76971
0.344747
0.00067333
0.
1.77125
0.394166
0.00603461
0.
-1.36381
0.27495
0.00715509
0.
-0.970259
0.310264
0.000845885
0.
1.81057
0.40608
0.00575686
0.
-1.35411
0.276873
0.00720377
0.
-0.940537
0.216446
-0.00541095
-0.0118226
-0.129811
0.229424
0.000564141
0.00320973
-0.616887
0.24602
-0.0182489
-0.00137789
0.6795
0.435689
-0.00730699
-0.0341761
2.15256
0.375758
0.0136491
-0.0355199
1.79564
0.155633
0.0212134
0.00378139
0.860187
0.302067
0.0124928
0.0257562
1.76491
0.184718
0.00516596
-0.0113329
0.297915
0.219999
0.00247505
0.00290812
0.735572
0.22952
-0.00863929
0.00517587
-0.248948
0.218357
-0.0188747
0.00796973
0.711108
0.291816
-0.00915953
0.0341455
1.66372
0.235046
0.00926797
-0.00246626
0.908289
0.0745097
-0.0176024
0.0048939
1.1132
0.286218
0.00368236
0.0294008
1.72044
