Vec Object: 1 MPI process
  type: seq
0.
0.
0.
-0.11327
0.
0.
0.
0.14757
0.149743
-0.168492
0.
-0.123985
0.164817
-0.17773
0.
-0.103762
0.195405
0.197591
0.
-0.0697483
0.164896
0.171749
0.
-0.128922
0.381649
0.0160488
0.
0.0270748
0.37246
0.013461
0.
0.0145261
0.386746
-0.0193539
0.
0.0135768
0.388431
-0.0261063
0.
0.0358614
0.
0.
0.
-0.0583004
0.
0.
0.
-0.150324
0.290344
-0.0510539
0.
-0.0170822
0.324007
0.0815311
0.
-0.011072
0.296654
-0.0477339
0.
0.00589928
0.326623
0.114967
0.
0.00840867
0.321165
0.0603725
0.
0.0187011
0.325694
-0.101003
0.
0.00148798
0.291521
0.0471862
0.
-0.0314914
0.322712
-0.059585
0.
-0.0194931
0.
0.
0.
-0.0820464
0.
0.
0.
-0.0708643
0.
0.
0.
0.124503
0.
0.
0.
0.0353493
0.
0.
0.
-0.124635
0.
0.
0.
-0.0747837
0.
0.
0.
-0.0108896
0.
0.
0.
0.23551
0.
0.
0.
0.201199
0.
0.
0.
0.123198
0.
0.
0.
-0.0325937
0.
0.
0.
0.0692578
0.
0.
0.
0.0795398
0.
0.
0.
-0.0104722
0.
0.
0.
0.38087
0.
0.
0.
0.284522
0.
0.
0.
0.162739
0.
0.
0.
-0.00822065
1.
0.
0.
0.0558333
0.403231
-0.00860275
-0.00144571
0.011767
0.375584
0.
-0.00104993
-0.00463805
0.28019
0.
0.000755853
-0.0415381
0.35802
0.
0.00968098
0.0868523
0.381848
0.
0.00134629
-0.01276
0.282466
0.
0.00737606
-0.0488011
0.356731
0.
-0.0083416
0.116583
0.368901
0.00866192
0.
0.127081
0.379315
0.0209904
0.
-0.0024916
0.268455
0.0253655
0.
-0.0473482
0.341227
-0.00385796
0.
0.120182
0.385486
0.00905519
0.
-0.00469294
0.274557
0.00961467
0.
-0.0557649
0.241015
0.00726958
-0.0404475
-0.0413463
0.2474
-0.0161364
0.0173408
-0.0735523
0.329949
-0.0346085
-0.0254212
0.0415026
0.431931
-0.0693911
-0.101462
0.210797
0.372747
0.0665534
-0.100968
0.162602
0.286703
0.031513
0.0228054
0.0834006
0.34895
0.0686136
0.0576585
0.194825
0.238052
-0.00391575
-0.0243756
-0.0128354
0.343485
-1.54302e-05
-0.017846
0.0454899
0.25601
0.00604311
0.0226431
-0.0449803
0.307742
-0.0177865
0.0171685
0.0569607
0.311209
-0.059376
0.0966835
0.168725
0.335913
0.00133722
-0.0131426
0.0768685
0.247818
-0.0575177
0.0281852
0.0383431
0.332004
0.0100648
0.0976508
0.187188
