Vec Object: 1 MPI process
  type: seq
0.
0.
0.
-0.0795406
0.
0.
0.
0.019109
0.169404
-0.167881
0.
-0.0499464
0.175631
-0.179844
0.
-0.0527187
0.189704
0.207311
0.
-0.0441518
0.182684
0.163729
0.
-0.0409868
0.38968
0.00841569
0.
-0.000536056
0.376561
0.00743247
0.
0.00957626
0.392396
-0.0218742
0.
0.00933597
0.399161
-0.0162192
0.
0.00344103
0.
0.
0.
-0.0184519
0.
0.
0.
-0.0558646
0.324526
-0.0579183
0.
-0.011873
0.316627
0.0899821
0.
0.00299332
0.329658
-0.0503701
0.
-0.0150055
0.321213
0.109626
0.
0.0156927
0.356627
0.0756071
0.
-0.00492927
0.321691
-0.101742
0.
0.0123449
0.323471
0.0360401
0.
-0.010196
0.320402
-0.0619669
0.
-0.00318424
0.
0.
0.
-0.106806
0.
0.
0.
0.0249633
0.
0.
0.
-0.0129198
0.
0.
0.
0.152743
0.
0.
0.
-0.0398113
0.
0.
0.
-0.138348
0.
0.
0.
-0.232431
0.
0.
0.
-0.0118397
0.
0.
0.
-0.0655548
0.
0.
0.
-0.0382228
0.
0.
0.
-0.144789
0.
0.
0.
0.0375108
0.
0.
0.
-0.0953143
0.
0.
0.
0.0129402
0.
0.
0.
0.0645509
0.
0.
0.
-0.0355158
0.
0.
0.
-0.012304
0.
0.
0.
0.01104
1.
0.
0.
0.0333657
0.390782
-0.00786792
0.000199288
-0.00110523
0.382655
0.
-0.00467942
-0.00564072
0.265409
0.
-0.00445594
-0.00713862
0.274171
0.
0.024384
0.0348441
0.376264
0.
0.00572399
-0.00972871
0.265695
0.
0.017072
-0.00209788
0.289725
0.
-0.00393446
0.0354203
0.269196
0.0244689
0.
0.0329604
0.384033
0.017199
0.
-0.00327457
0.25223
0.0166744
0.
-0.010976
0.250694
0.00806506
0.
0.0329398
0.382288
0.0166818
0.
-0.00364552
0.26064
0.0185452
0.
-0.0069893
0.252285
0.0267028
-0.0539085
-0.000277448
0.248903
-0.0238121
0.0215713
-0.00431364
0.372069
-0.0208807
-0.09527
-0.00325663
0.435257
-0.171558
-0.173729
0.0882248
0.363394
0.16236
-0.180826
0.0538936
0.332969
-0.0578843
0.0227593
0.0140533
0.370291
0.135668
0.121143
0.063032
0.297834
-0.0159713
-0.031143
-0.00753744
0.412246
0.0021489
-0.0587353
-0.000488751
0.253799
0.018445
0.0333402
0.0148827
0.404979
0.0226388
0.0670313
-0.000512748
0.331375
-0.139699
0.155048
0.0689423
0.426106
-0.0112777
-0.000253023
0.00715271
0.311359
0.0571984
0.0887391
-0.0803432
0.359421
0.0489086
0.155357
0.0552018
