Vec Object: 1 MPI process
  type: seq
0.
0.
0.
-0.0912349
0.
0.
0.
0.223209
0.145767
-0.167138
0.
-0.129047
0.161963
-0.176564
0.
-0.10668
0.202042
0.191445
0.
-0.0502856
0.161322
0.172557
0.
-0.137449
0.374216
0.0236399
0.
0.0670145
0.367274
0.0196993
0.
0.0456493
0.380407
-0.0239287
0.
0.0503172
0.380612
-0.0337284
0.
0.0750907
0.
0.
0.
-0.0742285
0.
0.
0.
-0.188374
0.280833
-0.0501303
0.
-0.0328422
0.325687
0.0737345
0.
-0.0397653
0.287961
-0.0482346
0.
-0.00681861
0.328462
0.107554
0.
-0.0227091
0.311938
0.0581745
0.
0.00748216
0.327191
-0.0923338
0.
-0.0302334
0.281253
0.0504511
0.
-0.0463409
0.32374
-0.0538254
0.
-0.0520556
0.
0.
0.
-0.0198059
0.
0.
0.
-0.091409
0.
0.
0.
0.209079
0.
0.
0.
0.0174161
0.
0.
0.
-0.149017
0.
0.
0.
0.000292236
0.
0.
0.
0.115007
0.
0.
0.
0.350915
0.
0.
0.
0.324249
0.
0.
0.
0.214552
0.
0.
0.
0.0806994
0.
0.
0.
0.103854
0.
0.
0.
0.18285
0.
0.
0.
-0.0094118
0.
0.
0.
0.500398
0.
0.
0.
0.419451
0.
0.
0.
0.273129
0.
0.
0.
-0.0230985
1.
0.
0.
0.0782761
0.401396
-0.00833853
-0.00162205
0.05467
0.378196
0.
-7.05173e-05
-0.00898929
0.283297
0.
0.00170986
-0.0801047
0.378627
0.
0.00656052
0.108781
0.387261
0.
0.000131912
-0.0130032
0.284909
0.
0.0053745
-0.0887089
0.370155
0.
-0.00840765
0.1467
0.391034
0.00476436
0.
0.159604
0.38319
0.0205671
0.
-0.00687783
0.272348
0.0246597
0.
-0.085979
0.360351
-0.00360613
0.
0.160772
0.391567
0.00691757
0.
-0.00455417
0.277601
0.00713828
0.
-0.0970755
0.237585
0.00116393
-0.0314458
-0.0749404
0.245774
-0.0111721
0.0126845
-0.119108
0.308659
-0.0356724
-0.0144704
0.0464577
0.441291
-0.0401131
-0.0803707
0.257745
0.385212
0.0390355
-0.0795387
0.202399
0.250362
0.0394328
0.0169455
0.1033
0.346878
0.0430553
0.0454197
0.247728
0.222966
0.00209947
-0.0212298
-0.0280858
0.30885
-0.000865967
-0.00882397
0.0575499
0.25239
-0.00306107
0.0171976
-0.0829898
0.280716
-0.0229815
0.0117615
0.0725597
0.315222
-0.0353548
0.0772249
0.208808
0.307038
0.00499375
-0.0114983
0.0962275
0.199127
-0.0573846
0.0163173
0.115725
0.330295
-0.00131882
0.0755198
0.244086
