Vec Object: 1 MPI process
  type: seq
0.
0.
0.
-0.0930018
0.
0.
0.
0.0217565
0.166426
-0.167312
0.
-0.0609854
0.173997
-0.17882
0.
-0.0605667
0.189316
0.205758
0.
-0.0509229
0.180249
0.164557
0.
-0.0548291
0.388735
0.00876357
0.
0.00112409
0.375704
0.00850219
0.
0.00807217
0.390933
-0.0211044
0.
0.00884924
0.397748
-0.0171116
0.
0.00611902
0.
0.
0.
-0.0236022
0.
0.
0.
-0.0646242
0.318203
-0.0571817
0.
-0.0142254
0.318414
0.0892016
0.
0.0035191
0.323112
-0.0510804
0.
-0.0130049
0.322092
0.112279
0.
0.0181185
0.349736
0.0738264
0.
-0.00284477
0.322252
-0.103139
0.
0.0142391
0.318247
0.0383231
0.
-0.0143843
0.320096
-0.0625927
0.
-0.00222416
0.
0.
0.
-0.122657
0.
0.
0.
0.0110584
0.
0.
0.
-0.011451
0.
0.
0.
0.137815
0.
0.
0.
-0.048503
0.
0.
0.
-0.149752
0.
0.
0.
-0.223715
0.
0.
0.
0.00738583
0.
0.
0.
-0.0453033
0.
0.
0.
-0.0337034
0.
0.
0.
-0.161452
0.
0.
0.
0.031826
0.
0.
0.
-0.0928402
0.
0.
0.
0.00491361
0.
0.
0.
0.103213
0.
0.
0.
-0.00449142
0.
0.
0.
-0.0104397
0.
0.
0.
0.0103585
1.
0.
0.
0.0393676
0.394752
-0.00818728
-0.000200241
-0.00244806
0.380542
0.
-0.00411347
-0.00471304
0.26798
0.
-0.00336719
-0.0103745
0.290034
0.
0.0214686
0.0419108
0.377632
0.
0.00522543
-0.0100497
0.269523
0.
0.0151942
-0.00774095
0.303377
0.
-0.00525414
0.0474274
0.289089
0.0218115
0.
0.0456039
0.382238
0.01797
0.
-0.00237978
0.254614
0.0194866
0.
-0.0143167
0.269553
0.00433819
0.
0.0430081
0.382965
0.0157616
0.
-0.00329551
0.262989
0.0178348
0.
-0.0121912
0.249843
0.0241426
-0.0551706
-0.00357627
0.24884
-0.0253334
0.0232559
-0.012272
0.370104
-0.0226779
-0.0807074
0.0022985
0.429063
-0.155876
-0.161093
0.105632
0.35739
0.147414
-0.166906
0.0677773
0.340304
-0.0399789
0.0256798
0.022178
0.364178
0.128598
0.108873
0.0788541
0.286271
-0.0160155
-0.0303142
-0.00708595
0.409158
0.00202898
-0.0535668
0.00483245
0.256285
0.0213655
0.0327779
0.00708245
0.387257
0.0136399
0.0546071
0.00500906
0.321451
-0.127241
0.146537
0.0807915
0.413911
-0.0102203
-0.0036729
0.0141788
0.318197
0.0280812
0.0800778
-0.0807205
0.349977
0.0436122
0.14964
0.0693988
