Vec Object: 1 MPI process
  type: seq
0.
0.
0.
-0.0838237
0.
0.
0.
0.252408
0.146105
-0.164931
0.
-0.1173
0.162425
-0.174592
0.
-0.0950273
0.206788
0.187053
0.
-0.0273907
0.161801
0.171239
0.
-0.126772
0.369066
0.028797
0.
0.0973289
0.363448
0.0241697
0.
0.0708276
0.375329
-0.0282307
0.
0.0821535
0.375428
-0.0388006
0.
0.104695
0.
0.
0.
-0.0883724
0.
0.
0.
-0.21151
0.276811
-0.0521576
0.
-0.0540254
0.326515
0.0690017
0.
-0.0606052
0.284276
-0.0512826
0.
-0.0283677
0.329447
0.10223
0.
-0.0456853
0.308077
0.0597056
0.
-0.0110611
0.328006
-0.0865582
0.
-0.0531446
0.276764
0.0536624
0.
-0.0636945
0.324117
-0.0501903
0.
-0.0749511
0.
0.
0.
0.00619687
0.
0.
0.
-0.104679
0.
0.
0.
0.242551
0.
0.
0.
0.0082257
0.
0.
0.
-0.164334
0.
0.
0.
0.0317946
0.
0.
0.
0.168277
0.
0.
0.
0.398559
0.
0.
0.
0.374284
0.
0.
0.
0.250595
0.
0.
0.
0.129885
0.
0.
0.
0.114281
0.
0.
0.
0.224247
0.
0.
0.
-0.0149177
0.
0.
0.
0.551587
0.
0.
0.
0.4757
0.
0.
0.
0.320428
0.
0.
0.
-0.0382443
1.
0.
0.
0.103251
0.399187
-0.00802677
-0.00158224
0.0888489
0.380563
0.
0.000330402
-0.0112837
0.284524
0.
0.00201629
-0.109544
0.385193
0.
0.00542121
0.119677
0.39117
0.
-0.000242914
-0.0113109
0.285762
0.
0.00470437
-0.118157
0.373648
0.
-0.00824
0.161755
0.397922
0.00340561
0.
0.174742
0.386314
0.0200176
0.
-0.00905911
0.273887
0.0238225
0.
-0.114786
0.366025
-0.00299866
0.
0.181281
0.396178
0.00624796
0.
-0.00264213
0.278747
0.00645912
0.
-0.126952
0.235953
-0.000865032
-0.0276634
-0.102525
0.244848
-0.00924806
0.010727
-0.151217
0.299008
-0.0344489
-0.0111055
0.037907
0.445153
-0.0284732
-0.0717211
0.282391
0.389872
0.0281224
-0.0710075
0.220915
0.234168
0.0398303
0.0142369
0.104446
0.345461
0.0325707
0.0412069
0.271104
0.216845
0.00354569
-0.0197823
-0.0461249
0.293561
-0.00105463
-0.0059889
0.0553511
0.250505
-0.00571057
0.0148976
-0.113268
0.269518
-0.0239543
0.0104264
0.0696434
0.316665
-0.0255343
0.0692009
0.225569
0.295086
0.00626297
-0.0100939
0.0968885
0.177405
-0.0539924
0.0126728
0.1449
0.329062
-0.00577031
0.0664168
0.269081
