Vec Object: 1 MPI process
  type: seq
0.
0.
0.
-0.0219107
0.
0.
0.
0.390714
0.166976
-0.142034
0.
0.180424
0.183195
-0.151692
0.
0.201384
0.23745
0.158541
0.
0.294647
0.18362
0.149414
0.
0.172523
0.350778
0.0463028
0.
0.0907619
0.350207
0.0393639
0.
0.0462062
0.355507
-0.0452586
0.
0.091701
0.357364
-0.0557438
0.
0.095187
0.
0.
0.
-0.118714
0.
0.
0.
-0.273764
0.264282
-0.0707845
0.
-0.156961
0.329427
0.0471956
0.
-0.248269
0.272795
-0.074884
0.
-0.141087
0.333124
0.074954
0.
-0.245992
0.296169
0.0758304
0.
-0.100322
0.331073
-0.0583658
0.
-0.250862
0.262583
0.0729282
0.
-0.135692
0.325352
-0.0330494
0.
-0.269724
0.
0.
0.
0.1324
0.
0.
0.
-0.119589
0.
0.
0.
0.395248
0.
0.
0.
0.0245957
0.
0.
0.
-0.1891
0.
0.
0.
0.176412
0.
0.
0.
0.390381
0.
0.
0.
0.613751
0.
0.
0.
0.585471
0.
0.
0.
0.407909
0.
0.
0.
0.332805
0.
0.
0.
0.181018
0.
0.
0.
0.39518
0.
0.
0.
-0.00579236
0.
0.
0.
0.815298
0.
0.
0.
0.725295
0.
0.
0.
0.543473
0.
0.
0.
-0.0780488
1.
0.
0.
0.45387
0.390324
-0.00614036
-0.000985623
0.101389
0.391056
0.
0.00144053
-0.137443
0.287928
0.
0.00253727
-0.310606
0.386941
0.
0.00263182
0.298478
0.407193
0.
-0.000720976
-0.118671
0.287709
0.
0.00337037
-0.310185
0.367893
0.
-0.00732509
0.351572
0.399516
0.00106418
0.
0.361982
0.399414
0.0164847
0.
-0.134338
0.277945
0.0189459
0.
-0.309036
0.364929
0.000138878
0.
0.387239
0.415179
0.0054278
0.
-0.110058
0.281541
0.00622019
0.
-0.321389
0.230098
-0.00361737
-0.0179935
-0.232072
0.240974
-0.00458075
0.0058003
-0.323814
0.269477
-0.0234312
-0.00460573
0.0241393
0.45034
-0.000737314
-0.048807
0.530812
0.395222
0.00299576
-0.0490236
0.414826
0.187401
0.0323545
0.00683755
0.139092
0.334247
0.00749548
0.0317953
0.461921
0.200007
0.00148988
-0.0154268
-0.113221
0.249373
-0.000358938
-0.000625287
0.0740524
0.243899
-0.00581876
0.00879654
-0.262171
0.238429
-0.0221718
0.00861385
0.0732065
0.3144
-0.00127484
0.0479559
0.389778
0.261488
0.008937
-0.00483059
0.13632
0.115546
-0.0380604
0.00617599
0.27131
0.318346
-0.0147584
0.0427905
0.458146
