Vec Object: 1 MPI process
  type: seq
0.
0.
0.
-0.0833744
0.
0.
0.
0.019198
0.168481
-0.167645
0.
-0.0532587
0.175078
-0.179484
0.
-0.0552013
0.18949
0.206819
0.
-0.0463151
0.181976
0.163923
0.
-0.045099
0.389384
0.0084748
0.
-7.18089e-05
0.376223
0.00782692
0.
0.00918192
0.391865
-0.0216307
0.
0.00929533
0.398719
-0.0164579
0.
0.00421834
0.
0.
0.
-0.0197019
0.
0.
0.
-0.0578749
0.322509
-0.0576698
0.
-0.0125734
0.317229
0.0897258
0.
0.00316311
0.327543
-0.0506621
0.
-0.0145177
0.321472
0.110501
0.
0.0164661
0.354418
0.07511
0.
-0.00444474
0.32185
-0.102213
0.
0.0129684
0.321842
0.0367327
0.
-0.0113958
0.320229
-0.0621934
0.
-0.00285937
0.
0.
0.
-0.112044
0.
0.
0.
0.021334
0.
0.
0.
-0.0133011
0.
0.
0.
0.149422
0.
0.
0.
-0.0416427
0.
0.
0.
-0.142403
0.
0.
0.
-0.230941
0.
0.
0.
-0.00696134
0.
0.
0.
-0.0605153
0.
0.
0.
-0.0377701
0.
0.
0.
-0.151193
0.
0.
0.
0.0356049
0.
0.
0.
-0.0957122
0.
0.
0.
0.0104948
0.
0.
0.
0.0756584
0.
0.
0.
-0.0271547
0.
0.
0.
-0.0127907
0.
0.
0.
0.0111676
1.
0.
0.
0.035343
0.392137
-0.00799043
6.02472e-05
-0.0015269
0.381977
0.
-0.00451234
-0.00538627
0.266182
0.
-0.00410446
-0.0080956
0.279261
0.
0.0234643
0.0369922
0.37678
0.
0.00559245
-0.00988372
0.266936
0.
0.0164739
-0.00377015
0.294122
0.
-0.00440144
0.0390134
0.275594
0.023676
0.
0.036639
0.383449
0.0174269
0.
-0.00303055
0.252889
0.0176497
0.
-0.0119303
0.256852
0.00679835
0.
0.0358449
0.382572
0.0164309
0.
-0.00356796
0.261354
0.018412
0.
-0.00849909
0.251516
0.0259285
-0.0545222
-0.00105663
0.248926
-0.0245331
0.0222461
-0.00653949
0.371795
-0.0213646
-0.0907276
-0.00161842
0.433035
-0.166917
-0.169753
0.0934087
0.360963
0.157896
-0.176536
0.057897
0.336215
-0.0526565
0.0237643
0.0163962
0.368269
0.133738
0.117398
0.0675908
0.294185
-0.0160496
-0.0308799
-0.00727343
0.41178
0.00212245
-0.0574105
0.00109164
0.254733
0.0197059
0.0332017
0.0127046
0.399358
0.0197895
0.0629889
0.00105043
0.327856
-0.135956
0.152484
0.0723933
0.422612
-0.011071
-0.00128783
0.00910687
0.314392
0.0483317
0.0864604
-0.081153
0.356124
0.0474316
0.153878
0.0592155
