Vec Object: 1 MPI process
  type: seq
0.
0.
0.
-0.0779928
0.
0.
0.
0.0192597
0.169818
-0.168006
0.
-0.0485067
0.175896
-0.18002
0.
-0.0515903
0.189831
0.207534
0.
-0.0431704
0.182984
0.163666
0.
-0.0392228
0.389813
0.00840627
0.
-0.000727906
0.376739
0.00723366
0.
0.00972092
0.392659
-0.0219853
0.
0.00931675
0.399359
-0.0161256
0.
0.00310961
0.
0.
0.
-0.018012
0.
0.
0.
-0.0551874
0.325445
-0.0580378
0.
-0.0115778
0.316343
0.0901038
0.
0.00292075
0.33063
-0.0502168
0.
-0.0151784
0.321103
0.109219
0.
0.0153454
0.357635
0.0758117
0.
-0.00509464
0.321625
-0.101521
0.
0.0120596
0.324203
0.0357375
0.
-0.00969923
0.320507
-0.0618558
0.
-0.00333253
0.
0.
0.
-0.104439
0.
0.
0.
0.0263445
0.
0.
0.
-0.0125339
0.
0.
0.
0.153749
0.
0.
0.
-0.0392851
0.
0.
0.
-0.136445
0.
0.
0.
-0.232753
0.
0.
0.
-0.0137
0.
0.
0.
-0.0674368
0.
0.
0.
-0.0381696
0.
0.
0.
-0.141639
0.
0.
0.
0.0383605
0.
0.
0.
-0.0948221
0.
0.
0.
0.0140013
0.
0.
0.
0.0598821
0.
0.
0.
-0.0388574
0.
0.
0.
-0.0118187
0.
0.
0.
0.0108762
1.
0.
0.
0.0324535
0.390137
-0.00780475
0.000266893
-0.000920684
0.382962
0.
-0.004751
-0.00574017
0.265074
0.
-0.00461793
-0.00672752
0.271844
0.
0.0247971
0.0338976
0.376001
0.
0.00577484
-0.00963804
0.265125
0.
0.0173445
-0.00138377
0.287711
0.
-0.00370437
0.0338676
0.266271
0.024809
0.
0.0314006
0.384302
0.0171015
0.
-0.00336928
0.251967
0.0162025
0.
-0.0105791
0.247842
0.00866649
0.
0.0317102
0.382135
0.0167821
0.
-0.00366633
0.260327
0.0185745
0.
-0.00635162
0.252624
0.0270482
-0.0535694
-1.0523e-06
0.24887
-0.0234064
0.0212241
-0.00340234
0.372084
-0.0206882
-0.097289
-0.00395686
0.436338
-0.173543
-0.175518
0.085985
0.364663
0.164285
-0.182722
0.0522063
0.331231
-0.0600614
0.0222917
0.0130719
0.371229
0.136448
0.122773
0.0611088
0.299473
-0.0159278
-0.0312653
-0.00768505
0.412308
0.00215748
-0.0592279
-0.00116933
0.253325
0.0177701
0.0333974
0.0157714
0.407525
0.0239172
0.0688851
-0.00116264
0.333086
-0.141323
0.156165
0.0674699
0.427563
-0.0113273
0.000190454
0.00634753
0.309758
0.0610093
0.0896014
-0.0798116
0.361014
0.0495024
0.155922
0.0535281
