Vec Object: 1 MPI process
  type: seq
0.
0.
0.
-0.0748651
0.
0.
0.
0.0200209
0.170796
-0.168355
0.
-0.0452419
0.176569
-0.180474
0.
-0.0488918
0.190212
0.208067
0.
-0.0408397
0.183649
0.163586
0.
-0.0352981
0.390126
0.00843062
0.
-0.00113792
0.377225
0.00670547
0.
0.00996793
0.39334
-0.0222548
0.
0.00917407
0.399825
-0.0159402
0.
0.00237141
0.
0.
0.
-0.0172853
0.
0.
0.
-0.0541344
0.327655
-0.0583421
0.
-0.0109421
0.315631
0.0904126
0.
0.0027674
0.332979
-0.0497992
0.
-0.0154657
0.320867
0.108222
0.
0.0145321
0.360061
0.0762484
0.
-0.00535527
0.321485
-0.100977
0.
0.0113797
0.325935
0.0350468
0.
-0.00864477
0.320828
-0.0615703
0.
-0.0036811
0.
0.
0.
-0.0989417
0.
0.
0.
0.0289516
0.
0.
0.
-0.0111752
0.
0.
0.
0.154811
0.
0.
0.
-0.038801
0.
0.
0.
-0.131869
0.
0.
0.
-0.232703
0.
0.
0.
-0.0172982
0.
0.
0.
-0.0709586
0.
0.
0.
-0.0374803
0.
0.
0.
-0.133703
0.
0.
0.
0.0402686
0.
0.
0.
-0.0929726
0.
0.
0.
0.0163862
0.
0.
0.
0.0497032
0.
0.
0.
-0.045707
0.
0.
0.
-0.0101286
0.
0.
0.
0.0102335
1.
0.
0.
0.0302567
0.388525
-0.00763344
0.00044063
-0.000505211
0.383691
0.
-0.00491065
-0.00593173
0.26432
0.
-0.00501234
-0.00580943
0.266254
0.
0.0257672
0.0317107
0.37529
0.
0.00587306
-0.00936479
0.263753
0.
0.0179991
0.00019007
0.282862
0.
-0.0031032
0.0303792
0.259245
0.0255631
0.
0.0279648
0.384949
0.0168839
0.
-0.00354918
0.251442
0.0149948
0.
-0.00973005
0.240891
0.0101692
0.
0.0289979
0.381703
0.0169861
0.
-0.00367374
0.259608
0.0185629
0.
-0.00495831
0.253387
0.0278715
-0.0526229
0.000481008
0.24872
-0.0222353
0.0202993
-0.00148498
0.371839
-0.0202966
-0.101965
-0.00550655
0.43908
-0.177936
-0.179739
0.0809391
0.368109
0.168595
-0.187094
0.048513
0.326477
-0.0646664
0.0211728
0.0109581
0.373508
0.13807
0.126437
0.0568905
0.303316
-0.01583
-0.0315704
-0.0080815
0.412102
0.00216909
-0.0601156
-0.00268979
0.25206
0.0159094
0.0335336
0.0176315
0.413578
0.0269025
0.0733306
-0.00255676
0.337453
-0.144983
0.158697
0.0641902
0.430697
-0.0113275
0.00116286
0.00462508
0.305473
0.0693784
0.0911888
-0.0782197
0.365067
0.0506986
0.156992
0.0498973
