Vec Object: 1 MPI process
  type: seq
0.
0.
0.
-0.105043
0.
0.
0.
0.177178
0.147662
-0.168401
0.
-0.129569
0.163322
-0.177628
0.
-0.108027
0.197438
0.1957
0.
-0.0661486
0.162996
0.172486
0.
-0.135846
0.379378
0.0184039
0.
0.0384368
0.370954
0.0153185
0.
0.0228412
0.385012
-0.0204083
0.
0.0228104
0.385961
-0.0285166
0.
0.0471218
0.
0.
0.
-0.0627588
0.
0.
0.
-0.163533
0.286616
-0.0501026
0.
-0.0194165
0.324639
0.0789865
0.
-0.0195815
0.293248
-0.0472325
0.
0.00522741
0.327287
0.112847
0.
-0.000660372
0.317529
0.0588501
0.
0.0181726
0.32623
-0.098363
0.
-0.00789945
0.287559
0.0480609
0.
-0.0345222
0.323136
-0.0577615
0.
-0.0293319
0.
0.
0.
-0.0588158
0.
0.
0.
-0.078229
0.
0.
0.
0.157368
0.
0.
0.
0.027986
0.
0.
0.
-0.133259
0.
0.
0.
-0.0465157
0.
0.
0.
0.037291
0.
0.
0.
0.280284
0.
0.
0.
0.249159
0.
0.
0.
0.158832
0.
0.
0.
0.0099325
0.
0.
0.
0.0832862
0.
0.
0.
0.119653
0.
0.
0.
-0.00884207
0.
0.
0.
0.427182
0.
0.
0.
0.336946
0.
0.
0.
0.204782
0.
0.
0.
-0.0118032
1.
0.
0.
0.060728
0.402984
-0.00855923
-0.0015507
0.0234376
0.376173
0.
-0.000659338
-0.00618428
0.281475
0.
0.00116514
-0.0527559
0.366655
0.
0.0083871
0.0950131
0.383439
0.
0.000826983
-0.0133975
0.283528
0.
0.00652575
-0.0607277
0.362615
0.
-0.008447
0.127804
0.378267
0.00705071
0.
0.139608
0.38033
0.0209633
0.
-0.00407807
0.270047
0.025294
0.
-0.0587458
0.349409
-0.00395323
0.
0.135035
0.387199
0.00814702
0.
-0.00520304
0.275829
0.00853128
0.
-0.0682994
0.239752
0.00474078
-0.0369769
-0.0508928
0.24687
-0.0141599
0.0155516
-0.0877181
0.321899
-0.0355244
-0.020602
0.0461963
0.435429
-0.0576885
-0.0931495
0.227993
0.377652
0.0555607
-0.0924077
0.177834
0.272946
0.0358013
0.0206575
0.0929909
0.348186
0.0585887
0.0524816
0.215115
0.232057
-0.00132494
-0.0232013
-0.015784
0.330277
-0.000388621
-0.0139321
0.0519851
0.254772
0.00224378
0.0205398
-0.0560322
0.297084
-0.0202592
0.0146351
0.0654091
0.312686
-0.0498688
0.0890496
0.184323
0.324531
0.00287075
-0.0128105
0.0864212
0.229439
-0.0590289
0.0229876
0.0686745
0.331364
0.00548337
0.0889751
0.208965
