Vec Object: 1 MPI process
  type: seq
0.
0.
0.
-0.118235
0.
0.
0.
0.125688
0.151586
-0.168357
0.
-0.117921
0.166079
-0.177684
0.
-0.0991488
0.19415
0.198777
0.
-0.0703608
0.166579
0.170995
0.
-0.121893
0.383016
0.0146029
0.
0.0207677
0.373297
0.0123855
0.
0.0103907
0.387647
-0.0189751
0.
0.00941745
0.389987
-0.0245782
0.
0.0294777
0.
0.
0.
-0.0553279
0.
0.
0.
-0.140567
0.293249
-0.0519886
0.
-0.0168849
0.323518
0.0831321
0.
-0.00626976
0.299313
-0.0483702
0.
0.00450933
0.326132
0.116024
0.
0.0133531
0.324023
0.0618522
0.
0.0172322
0.325301
-0.102488
0.
0.00671825
0.294551
0.0465897
0.
-0.030145
0.322368
-0.0606732
0.
-0.0138349
0.
0.
0.
-0.0978786
0.
0.
0.
-0.064722
0.
0.
0.
0.10035
0.
0.
0.
0.0422497
0.
0.
0.
-0.117797
0.
0.
0.
-0.0945613
0.
0.
0.
-0.0462162
0.
0.
0.
0.202018
0.
0.
0.
0.165189
0.
0.
0.
0.0968022
0.
0.
0.
-0.0626871
0.
0.
0.
0.0590795
0.
0.
0.
0.0499239
0.
0.
0.
-0.0117261
0.
0.
0.
0.345704
0.
0.
0.
0.244965
0.
0.
0.
0.132121
0.
0.
0.
-0.00624183
1.
0.
0.
0.0537559
0.403105
-0.0086033
-0.0013426
0.00577993
0.375436
0.
-0.00136154
-0.00370567
0.279107
0.
0.000408021
-0.0350804
0.351046
0.
0.0107485
0.0808804
0.380953
0.
0.00177577
-0.0121121
0.28152
0.
0.00808983
-0.041652
0.351798
0.
-0.00819352
0.108247
0.361227
0.00996656
0.
0.117463
0.378879
0.0209014
0.
-0.00152378
0.267141
0.025253
0.
-0.0406954
0.334471
-0.00361588
0.
0.109465
0.38459
0.00980066
0.
-0.00413116
0.273486
0.0105241
0.
-0.0481187
0.241932
0.00928248
-0.0430309
-0.0356059
0.247716
-0.0176587
0.0186575
-0.0645051
0.335913
-0.0336084
-0.0296608
0.0367991
0.429545
-0.0786464
-0.107929
0.198085
0.369117
0.0752314
-0.107742
0.151019
0.2968
0.0271231
0.0242829
0.0754165
0.349647
0.0763083
0.062024
0.179619
0.242789
-0.00595208
-0.0252303
-0.0117802
0.353322
0.000284698
-0.0212035
0.0399324
0.256786
0.00897706
0.0242179
-0.0381541
0.316083
-0.0155175
0.0195409
0.0496798
0.310326
-0.0668221
0.102567
0.156987
0.344792
7.10347e-05
-0.0131047
0.0687443
0.261223
-0.0547348
0.0327038
0.0160771
0.332632
0.0137119
0.104309
0.170976
