Vec Object: 1 MPI process
  type: seq
0.
0.
0.
-0.102949
0.
0.
0.
0.0279858
0.164305
-0.167184
0.
-0.0692394
0.172999
-0.178308
0.
-0.0659573
0.189481
0.204717
0.
-0.0552763
0.178331
0.165391
0.
-0.0651848
0.388084
0.00923144
0.
0.00258056
0.375393
0.00900199
0.
0.00685729
0.390268
-0.0205787
0.
0.00803814
0.396765
-0.0179162
0.
0.00830431
0.
0.
0.
-0.0286704
0.
0.
0.
-0.0741123
0.314026
-0.0567089
0.
-0.0158241
0.31945
0.0886735
0.
0.00372973
0.318927
-0.0512252
0.
-0.0109967
0.322746
0.113845
0.
0.0195754
0.345258
0.0723084
0.
-0.000584189
0.322703
-0.103895
0.
0.0152623
0.314607
0.0399538
0.
-0.0176396
0.320214
-0.0628532
0.
-0.0018288
0.
0.
0.
-0.13072
0.
0.
0.
-0.00145289
0.
0.
0.
-0.00540245
0.
0.
0.
0.122235
0.
0.
0.
-0.058324
0.
0.
0.
-0.153807
0.
0.
0.
-0.210726
0.
0.
0.
0.0267142
0.
0.
0.
-0.0244888
0.
0.
0.
-0.0250349
0.
0.
0.
-0.165233
0.
0.
0.
0.0294219
0.
0.
0.
-0.0843965
0.
0.
0.
-0.00054828
0.
0.
0.
0.134581
0.
0.
0.
0.0236924
0.
0.
0.
-0.00265802
0.
0.
0.
0.00832859
1.
0.
0.
0.0428869
0.396938
-0.00831437
-0.000418802
-0.00322876
0.379214
0.
-0.00368313
-0.00397761
0.269857
0.
-0.00266696
-0.0128824
0.300343
0.
0.0195358
0.0471241
0.378209
0.
0.00477254
-0.0100831
0.27192
0.
0.0139523
-0.0119904
0.312119
0.
-0.0059418
0.0563418
0.301877
0.0198622
0.
0.0555714
0.381149
0.0185482
0.
-0.00166492
0.256578
0.0209977
0.
-0.0170341
0.281322
0.00226862
0.
0.0511823
0.383137
0.0149619
0.
-0.00298195
0.264694
0.0169575
0.
-0.0163241
0.248292
0.0221775
-0.0548999
-0.00713289
0.248689
-0.0252637
0.0236531
-0.0189415
0.367089
-0.0242728
-0.0709185
0.00659429
0.426332
-0.144059
-0.152536
0.118801
0.355892
0.136311
-0.157179
0.0789342
0.340457
-0.0267418
0.0270388
0.028687
0.360593
0.122319
0.100328
0.0916563
0.278612
-0.0155599
-0.0297162
-0.00745457
0.404424
0.00188416
-0.0488005
0.00893089
0.257297
0.0216731
0.0321068
0.000591556
0.375458
0.0078014
0.0469952
0.00968933
0.316667
-0.118058
0.140234
0.090279
0.404126
-0.00895728
-0.00602099
0.0203115
0.317881
0.00841094
0.0724956
-0.0766239
0.345092
0.0392665
0.14425
0.0813857
