Vec Object: 1 MPI process
  type: seq
0.
0.
0.
-0.120751
0.
0.
0.
0.111006
0.152955
-0.168203
0.
-0.113077
0.166975
-0.177634
0.
-0.0955412
0.193382
0.199521
0.
-0.0700058
0.167828
0.17041
0.
-0.116392
0.383828
0.0137295
0.
0.0172471
0.373755
0.0117702
0.
0.00836217
0.388117
-0.018876
0.
0.00759897
0.390949
-0.0236262
0.
0.0258253
0.
0.
0.
-0.053204
0.
0.
0.
-0.133661
0.295327
-0.0526746
0.
-0.0171343
0.323164
0.0840996
0.
-0.00362546
0.301219
-0.0488612
0.
0.00299158
0.32579
0.1165
0.
0.0159608
0.326079
0.0629853
0.
0.0156097
0.325027
-0.103281
0.
0.00954263
0.296686
0.0461431
0.
-0.0293568
0.322117
-0.0612936
0.
-0.0106764
0.
0.
0.
-0.10766
0.
0.
0.
-0.0598909
0.
0.
0.
0.0842016
0.
0.
0.
0.0479794
0.
0.
0.
-0.11264
0.
0.
0.
-0.107168
0.
0.
0.
-0.069939
0.
0.
0.
0.179117
0.
0.
0.
0.140509
0.
0.
0.
0.0790144
0.
0.
0.
-0.0821761
0.
0.
0.
0.0525157
0.
0.
0.
0.0300092
0.
0.
0.
-0.0123377
0.
0.
0.
0.321208
0.
0.
0.
0.217654
0.
0.
0.
0.111692
0.
0.
0.
-0.00496635
1.
0.
0.
0.0527471
0.402873
-0.00859197
-0.00126103
0.00272487
0.37547
0.
-0.00158819
-0.00321125
0.278289
0.
0.000144781
-0.031348
0.345996
0.
0.0115409
0.0768191
0.380456
0.
0.00209088
-0.0116555
0.280778
0.
0.0086238
-0.0373577
0.348139
0.
-0.0080558
0.102483
0.355605
0.0109189
0.
0.110676
0.378726
0.0207852
0.
-0.00100597
0.266161
0.0250887
0.
-0.036812
0.329498
-0.00335426
0.
0.102235
0.384133
0.010345
0.
-0.00373281
0.272679
0.011197
0.
-0.0434713
0.242558
0.0107205
-0.0447879
-0.0320269
0.247895
-0.0187197
0.0195398
-0.0587535
0.339989
-0.0327864
-0.0329496
0.0332399
0.428073
-0.0853081
-0.112531
0.189283
0.366689
0.081468
-0.112626
0.142905
0.303604
0.0234349
0.0252109
0.0697203
0.350239
0.0817005
0.0653164
0.169134
0.246209
-0.00736259
-0.0258072
-0.0113245
0.360057
0.000496538
-0.02375
0.0359671
0.257234
0.0109914
0.0252955
-0.0338048
0.322053
-0.0137263
0.0214561
0.0444631
0.309891
-0.0721449
0.106713
0.148902
0.351118
-0.000862559
-0.0129171
0.0628704
0.270204
-0.0518308
0.0361689
0.00126718
0.333194
0.0163455
0.108976
0.159876
