Vec Object: 1 MPI process
  type: seq
0.
0.
0.
-0.0878783
0.
0.
0.
0.0200019
0.167496
-0.167455
0.
-0.0569147
0.174539
-0.179143
0.
-0.0577984
0.189359
0.206304
0.
-0.0485661
0.18117
0.164198
0.
-0.0496917
0.38907
0.0085891
0.
0.000474817
0.375939
0.00818131
0.
0.00867754
0.391377
-0.0213762
0.
0.00913611
0.398251
-0.0167525
0.
0.00510172
0.
0.
0.
-0.0214033
0.
0.
0.
-0.0607473
0.320413
-0.0574273
0.
-0.0133607
0.317822
0.0894691
0.
0.00334333
0.325371
-0.0509005
0.
-0.0138578
0.321765
0.111384
0.
0.0172767
0.352132
0.0745224
0.
-0.00376136
0.322036
-0.102679
0.
0.013603
0.320112
0.0374906
0.
-0.0127872
0.320126
-0.0624028
0.
-0.00253387
0.
0.
0.
-0.117387
0.
0.
0.
0.0167301
0.
0.
0.
-0.0129
0.
0.
0.
0.144468
0.
0.
0.
-0.0445066
0.
0.
0.
-0.146277
0.
0.
0.
-0.228152
0.
0.
0.
-0.000665152
0.
0.
0.
-0.0538858
0.
0.
0.
-0.0363591
0.
0.
0.
-0.156868
0.
0.
0.
0.0336686
0.
0.
0.
-0.0949971
0.
0.
0.
0.007819
0.
0.
0.
0.0884379
0.
0.
0.
-0.0169404
0.
0.
0.
-0.0122877
0.
0.
0.
0.0109544
1.
0.
0.
0.0373437
0.393457
-0.0080963
-7.21152e-05
-0.00197807
0.381274
0.
-0.0043248
-0.00507659
0.267035
0.
-0.00374353
-0.00916644
0.284524
0.
0.0224955
0.0393302
0.377234
0.
0.00542772
-0.00998858
0.268208
0.
0.0158512
-0.00564312
0.298655
0.
-0.00483846
0.0429954
0.282199
0.0227929
0.
0.0408232
0.382851
0.0176826
0.
-0.0027318
0.253681
0.018583
0.
-0.0130362
0.263111
0.00555883
0.
0.0391697
0.382797
0.0161267
0.
-0.00344922
0.262133
0.0181779
0.
-0.0102208
0.2507
0.0250859
-0.0549547
-0.00213464
0.2489
-0.0250436
0.0228133
-0.00917142
0.371157
-0.0219577
-0.0858845
0.000221395
0.430961
-0.161714
-0.165562
0.0991732
0.358953
0.152938
-0.171915
0.0624881
0.338704
-0.0466865
0.0247481
0.0190866
0.366233
0.131409
0.113314
0.0728196
0.290342
-0.0160775
-0.0306077
-0.00711125
0.410787
0.0020835
-0.0556989
0.0028528
0.25556
0.0206896
0.033023
0.0101227
0.393478
0.016794
0.0588537
0.00287222
0.324547
-0.131824
0.149664
0.0763065
0.418573
-0.010722
-0.00242968
0.0114206
0.316736
0.0386017
0.0835824
-0.0813585
0.352983
0.0456726
0.151993
0.0638972
