Vec Object: 1 MPI process
  type: seq
0.
0.
0.
-0.0928286
0.
0.
0.
0.0216825
0.166462
-0.167315
0.
-0.0608475
0.174015
-0.17883
0.
-0.0604746
0.189316
0.205776
0.
-0.0508455
0.18028
0.164544
0.
-0.054655
0.388746
0.00875696
0.
0.00110138
0.375711
0.00849234
0.
0.00809301
0.390947
-0.0211135
0.
0.00886052
0.397765
-0.017099
0.
0.00608394
0.
0.
0.
-0.0235235
0.
0.
0.
-0.0644827
0.318276
-0.0571898
0.
-0.0141967
0.318395
0.0892105
0.
0.00351375
0.323186
-0.0510756
0.
-0.0130355
0.322081
0.11225
0.
0.0180912
0.349815
0.0738506
0.
-0.00287822
0.322244
-0.103125
0.
0.0142188
0.31831
0.0382951
0.
-0.0143297
0.320095
-0.062587
0.
-0.00223359
0.
0.
0.
-0.122491
0.
0.
0.
0.0112579
0.
0.
0.
-0.0115171
0.
0.
0.
0.138056
0.
0.
0.
-0.0483561
0.
0.
0.
-0.14965
0.
0.
0.
-0.223887
0.
0.
0.
0.00709606
0.
0.
0.
-0.0456135
0.
0.
0.
-0.0338116
0.
0.
0.
-0.161327
0.
0.
0.
0.0318821
0.
0.
0.
-0.0929359
0.
0.
0.
0.00501026
0.
0.
0.
0.102704
0.
0.
0.
-0.00493029
0.
0.
0.
-0.0105243
0.
0.
0.
0.010384
1.
0.
0.
0.0393023
0.394711
-0.00818457
-0.000196169
-0.00243287
0.380566
0.
-0.00412066
-0.00472551
0.267948
0.
-0.00337956
-0.0103333
0.289852
0.
0.0215025
0.0418236
0.37762
0.
0.00523256
-0.0100483
0.26948
0.
0.0152159
-0.00766982
0.303222
0.
-0.00524105
0.0472775
0.288863
0.0218446
0.
0.0454402
0.382258
0.0179602
0.
-0.00239187
0.254582
0.019458
0.
-0.0142726
0.269342
0.00437713
0.
0.0428758
0.38296
0.0157744
0.
-0.00330089
0.262961
0.0178476
0.
-0.0121236
0.249871
0.0241747
-0.0551675
-0.00352362
0.248842
-0.0253276
0.0232439
-0.0121645
0.370145
-0.0226526
-0.0808791
0.00222769
0.42912
-0.156074
-0.161242
0.105413
0.357432
0.147601
-0.167073
0.0675954
0.340268
-0.0402056
0.0256511
0.0220719
0.364244
0.128696
0.109021
0.0786463
0.286405
-0.0160193
-0.030324
-0.00708429
0.409222
0.00203101
-0.0536422
0.00476502
0.256263
0.021349
0.0327871
0.00718774
0.387463
0.0137437
0.0547453
0.00493484
0.321547
-0.127396
0.146643
0.0806374
0.414071
-0.0102389
-0.00363151
0.0140823
0.318166
0.0284301
0.0802002
-0.0807571
0.350071
0.0436833
0.149723
0.0692077
