Vec Object: 1 MPI process
  type: seq
0.
0.
0.
-0.106544
0.
0.
0.
0.172074
0.147982
-0.168446
0.
-0.128859
0.163556
-0.177666
0.
-0.107496
0.197051
0.196059
0.
-0.0670443
0.163288
0.172387
0.
-0.134901
0.379813
0.0179565
0.
0.0361878
0.37125
0.014958
0.
0.0211382
0.385363
-0.0201741
0.
0.0208597
0.386426
-0.0280638
0.
0.0449064
0.
0.
0.
-0.0619038
0.
0.
0.
-0.161193
0.287249
-0.0502305
0.
-0.0187766
0.32453
0.0794617
0.
-0.0179208
0.293827
-0.0472768
0.
0.00561909
0.32717
0.113273
0.
0.00112807
0.318145
0.059066
0.
0.018523
0.326136
-0.0988754
0.
-0.00606214
0.288238
0.0478921
0.
-0.0338413
0.323066
-0.0581081
0.
-0.0274273
0.
0.
0.
-0.0629433
0.
0.
0.
-0.0769768
0.
0.
0.
0.151685
0.
0.
0.
0.0291536
0.
0.
0.
-0.131767
0.
0.
0.
-0.0514975
0.
0.
0.
0.0289273
0.
0.
0.
0.272575
0.
0.
0.
0.240918
0.
0.
0.
0.152689
0.
0.
0.
0.00245391
0.
0.
0.
0.0808753
0.
0.
0.
0.112725
0.
0.
0.
-0.00907422
0.
0.
0.
0.419237
0.
0.
0.
0.327943
0.
0.
0.
0.197464
0.
0.
0.
-0.011061
1.
0.
0.
0.0596452
0.403063
-0.00857095
-0.00153553
0.0210698
0.376038
0.
-0.000725037
-0.00589918
0.281264
0.
0.00109863
-0.0505636
0.365223
0.
0.00860074
0.0935868
0.383128
0.
0.000912047
-0.0133193
0.283359
0.
0.00666466
-0.0584301
0.361659
0.
-0.00843616
0.125851
0.376724
0.00731853
0.
0.137463
0.380117
0.0209798
0.
-0.00378732
0.269783
0.0253241
0.
-0.0565318
0.348067
-0.00395435
0.
0.132419
0.386856
0.00829635
0.
-0.00514821
0.275621
0.00870712
0.
-0.0659026
0.239974
0.00516281
-0.0375759
-0.0490322
0.24697
-0.0144955
0.0158614
-0.0850507
0.323296
-0.035405
-0.0213722
0.0455651
0.434808
-0.0596607
-0.0945612
0.224985
0.376808
0.0574144
-0.0938506
0.175215
0.275338
0.03518
0.0210395
0.0914595
0.348312
0.0602988
0.0533273
0.211614
0.233069
-0.00175515
-0.0234068
-0.0150944
0.332562
-0.000327299
-0.0145643
0.0509774
0.255001
0.00288197
0.020902
-0.0539012
0.298891
-0.0198758
0.0150263
0.0641035
0.312415
-0.0514787
0.0903506
0.181643
0.326462
0.00261838
-0.0128966
0.084914
0.232642
-0.0589265
0.023822
0.0634386
0.331466
0.00625267
0.0904553
0.205198
