Vec Object: 1 MPI process
  type: seq
0.
0.
0.
-0.0775612
0.
0.
0.
0.0193248
0.16994
-0.168046
0.
-0.0480894
0.175976
-0.180074
0.
-0.0512568
0.189872
0.2076
0.
-0.0428809
0.183071
0.163651
0.
-0.0387148
0.389852
0.00840565
0.
-0.000782312
0.376794
0.00717245
0.
0.00975917
0.392739
-0.0220183
0.
0.0093065
0.399417
-0.0160997
0.
0.00301424
0.
0.
0.
-0.0178974
0.
0.
0.
-0.0550148
0.325718
-0.058074
0.
-0.0114937
0.316257
0.0901405
0.
0.00290011
0.330918
-0.0501691
0.
-0.0152235
0.321072
0.109097
0.
0.0152435
0.357934
0.0758696
0.
-0.00513704
0.321606
-0.101455
0.
0.0119753
0.324418
0.0356496
0.
-0.00955855
0.320541
-0.061822
0.
-0.0033762
0.
0.
0.
-0.103745
0.
0.
0.
0.0267199
0.
0.
0.
-0.0123974
0.
0.
0.
0.153984
0.
0.
0.
-0.0391664
0.
0.
0.
-0.135879
0.
0.
0.
-0.232808
0.
0.
0.
-0.0142086
0.
0.
0.
-0.0679457
0.
0.
0.
-0.0381256
0.
0.
0.
-0.140685
0.
0.
0.
0.0386072
0.
0.
0.
-0.0946427
0.
0.
0.
0.0143081
0.
0.
0.
0.0585483
0.
0.
0.
-0.0397907
0.
0.
0.
-0.0116477
0.
0.
0.
0.0108155
1.
0.
0.
0.0321828
0.389944
-0.00778515
0.000287432
-0.000867233
0.383053
0.
-0.00477161
-0.00576746
0.264978
0.
-0.00466611
-0.006609
0.271155
0.
0.0249185
0.0336214
0.375919
0.
0.00578877
-0.00960865
0.264956
0.
0.0174252
-0.00117873
0.287114
0.
-0.00363406
0.033419
0.265404
0.0249068
0.
0.0309533
0.384381
0.0170734
0.
-0.00339516
0.251894
0.0160593
0.
-0.0104665
0.246993
0.00884731
0.
0.0313576
0.382087
0.0168101
0.
-0.00367057
0.260236
0.0185794
0.
-0.00616921
0.252722
0.0271499
-0.0534624
7.1818e-05
0.248858
-0.023277
0.0211169
-0.00314527
0.372075
-0.0206346
-0.0978792
-0.00415816
0.436665
-0.174114
-0.176045
0.0853374
0.365058
0.164841
-0.183275
0.0517236
0.330688
-0.0606781
0.022153
0.0127925
0.371509
0.136667
0.123245
0.0605584
0.299954
-0.0159148
-0.031302
-0.00773125
0.412309
0.0021596
-0.05936
-0.00136565
0.253179
0.0175588
0.033414
0.0160217
0.408276
0.0242922
0.0694342
-0.00134729
0.333605
-0.141792
0.156488
0.0670462
0.427977
-0.0113365
0.000317721
0.00611929
0.309262
0.0621039
0.0898344
-0.0796377
0.361497
0.0496679
0.156075
0.0530512
