Vec Object: 1 MPI process
  type: seq
0.
0.
0.
-0.081392
0.
0.
0.
0.264908
0.146934
-0.163373
0.
-0.106554
0.16326
-0.173146
0.
-0.0844176
0.209579
0.184467
0.
-0.011453
0.162709
0.170053
0.
-0.116255
0.366188
0.0316638
0.
0.114058
0.361281
0.0266864
0.
0.0847981
0.372374
-0.0308196
0.
0.100349
0.37256
-0.0416128
0.
0.12103
0.
0.
0.
-0.0970854
0.
0.
0.
-0.224331
0.27494
-0.0538778
0.
-0.0681151
0.326939
0.0664672
0.
-0.0730262
0.28256
-0.0536098
0.
-0.0431288
0.329965
0.0992497
0.
-0.0593664
0.306287
0.0611523
0.
-0.0235149
0.328437
-0.0833881
0.
-0.0666894
0.274651
0.0557802
0.
-0.0750677
0.324282
-0.0482261
0.
-0.0883917
0.
0.
0.
0.0175229
0.
0.
0.
-0.112407
0.
0.
0.
0.257098
0.
0.
0.
0.00314512
0.
0.
0.
-0.173052
0.
0.
0.
0.0457319
0.
0.
0.
0.192538
0.
0.
0.
0.420214
0.
0.
0.
0.396735
0.
0.
0.
0.266267
0.
0.
0.
0.152276
0.
0.
0.
0.11767
0.
0.
0.
0.242388
0.
0.
0.
-0.0192742
0.
0.
0.
0.575883
0.
0.
0.
0.501567
0.
0.
0.
0.342246
0.
0.
0.
-0.0477983
1.
0.
0.
0.120772
0.397822
-0.00782756
-0.00153436
0.108011
0.381955
0.
0.000514946
-0.013069
0.285104
0.
0.0021366
-0.12714
0.387543
0.
0.00492653
0.125956
0.393378
0.
-0.000381229
-0.0106679
0.28615
0.
0.00442989
-0.135578
0.374609
0.
-0.00812852
0.170187
0.40036
0.00285974
0.
0.18304
0.38811
0.0196814
0.
-0.0107469
0.2746
0.0233196
0.
-0.131858
0.36793
-0.00261479
0.
0.192367
0.39881
0.00600038
0.
-0.00189139
0.279271
0.00624237
0.
-0.144552
0.235168
-0.00162974
-0.0259648
-0.119272
0.244381
-0.00841642
0.00985026
-0.16989
0.294425
-0.0334191
-0.00976924
0.0309715
0.446746
-0.0232797
-0.0678108
0.29616
0.391722
0.0232774
-0.0671943
0.2308
0.2266
0.0394494
0.0129773
0.10302
0.344546
0.027871
0.0394392
0.282753
0.214072
0.00383918
-0.0190982
-0.0578451
0.286419
-0.00108437
-0.00486776
0.0522965
0.249593
-0.00650624
0.0138537
-0.131539
0.264386
-0.0241245
0.00996107
0.0655649
0.317113
-0.0210836
0.0655743
0.233778
0.289612
0.00679322
-0.00933281
0.0952938
0.167287
-0.0519566
0.0112444
0.15699
0.328234
-0.00773764
0.0623187
0.281353
