Vec Object: 1 MPI process
  type: seq
0.
0.
0.
-0.0934384
0.
0.
0.
0.0219479
0.166336
-0.167302
0.
-0.0613335
0.173953
-0.178795
0.
-0.060799
0.189317
0.205713
0.
-0.0511176
0.180169
0.16459
0.
-0.0552683
0.388707
0.00878044
0.
0.00118161
0.375687
0.00852678
0.
0.00801955
0.390899
-0.0210816
0.
0.00882036
0.397706
-0.0171436
0.
0.00620775
0.
0.
0.
-0.0238021
0.
0.
0.
-0.0649844
0.318019
-0.0571615
0.
-0.0142979
0.318461
0.0891793
0.
0.0035324
0.322925
-0.051092
0.
-0.0129271
0.32212
0.112351
0.
0.0181872
0.349538
0.0737651
0.
-0.00275963
0.32227
-0.103176
0.
0.0142898
0.31809
0.0383936
0.
-0.0145221
0.320096
-0.062607
0.
-0.00220071
0.
0.
0.
-0.123071
0.
0.
0.
0.0105529
0.
0.
0.
-0.0112789
0.
0.
0.
0.137204
0.
0.
0.
-0.0488768
0.
0.
0.
-0.150006
0.
0.
0.
-0.223273
0.
0.
0.
0.00812229
0.
0.
0.
-0.0445144
0.
0.
0.
-0.0334249
0.
0.
0.
-0.16176
0.
0.
0.
0.0316867
0.
0.
0.
-0.0925917
0.
0.
0.
0.00467032
0.
0.
0.
0.1045
0.
0.
0.
-0.00337871
0.
0.
0.
-0.0102193
0.
0.
0.
0.0102927
1.
0.
0.
0.0395313
0.394855
-0.00819401
-0.000210443
-0.00248615
0.380482
0.
-0.00409533
-0.00468156
0.26806
0.
-0.00333607
-0.0104785
0.29049
0.
0.0213832
0.0421308
0.377662
0.
0.00520736
-0.010053
0.269631
0.
0.0151395
-0.00792047
0.303767
0.
-0.00528689
0.0478057
0.289658
0.0217279
0.
0.0460177
0.382188
0.0179946
0.
-0.00234924
0.254695
0.0195583
0.
-0.0144282
0.270081
0.00424063
0.
0.0433426
0.382976
0.0157293
0.
-0.00328189
0.263062
0.0178022
0.
-0.0123619
0.249773
0.0240612
-0.0551773
-0.00371024
0.248834
-0.0253466
0.0232854
-0.012544
0.37
-0.022742
-0.0802754
0.00247736
0.428918
-0.155376
-0.16072
0.106186
0.357284
0.146943
-0.166484
0.0682371
0.340389
-0.0394075
0.0257513
0.0224463
0.364012
0.128348
0.1085
0.0793795
0.285932
-0.0160052
-0.0302892
-0.00709088
0.408995
0.00202379
-0.0533759
0.00500276
0.256339
0.0214052
0.0327544
0.00681611
0.386739
0.0133788
0.0542601
0.00519696
0.321211
-0.12685
0.14627
0.0811812
0.413506
-0.010173
-0.00377709
0.0144231
0.318269
0.027203
0.0797677
-0.0806233
0.34974
0.0434326
0.149428
0.0698826
