Vec Object: 1 MPI process
  type: seq
0.
0.
0.
-0.0739699
0.
0.
0.
0.0204011
0.171138
-0.168494
0.
-0.0441533
0.17682
-0.180645
0.
-0.0479415
0.190372
0.208255
0.
-0.0400263
0.183866
0.163582
0.
-0.0340188
0.390234
0.00845555
0.
-0.00126602
0.377419
0.00650102
0.
0.0100198
0.393597
-0.0223515
0.
0.00909153
0.399986
-0.0158881
0.
0.00212906
0.
0.
0.
-0.0171359
0.
0.
0.
-0.0539402
0.328439
-0.0584559
0.
-0.0107435
0.31537
0.0905286
0.
0.00272211
0.333815
-0.0496352
0.
-0.0155249
0.320793
0.107862
0.
0.0142521
0.36092
0.0763854
0.
-0.00540381
0.321441
-0.100781
0.
0.0111424
0.326542
0.0348145
0.
-0.00831968
0.320966
-0.0614631
0.
-0.00380028
0.
0.
0.
-0.0970875
0.
0.
0.
0.0296385
0.
0.
0.
-0.0105774
0.
0.
0.
0.154727
0.
0.
0.
-0.0388834
0.
0.
0.
-0.130277
0.
0.
0.
-0.232429
0.
0.
0.
-0.0182977
0.
0.
0.
-0.0718888
0.
0.
0.
-0.0370743
0.
0.
0.
-0.130822
0.
0.
0.
0.0408805
0.
0.
0.
-0.0921271
0.
0.
0.
0.0171705
0.
0.
0.
0.0464499
0.
0.
0.
-0.0477469
0.
0.
0.
-0.00939179
0.
0.
0.
0.00992986
1.
0.
0.
0.0294825
0.387933
-0.00756602
0.000506086
-0.000369066
0.383945
0.
-0.00496301
-0.00598271
0.264071
0.
-0.00515416
-0.0055087
0.264278
0.
0.0261015
0.0309659
0.375012
0.
0.00589976
-0.00924855
0.263268
0.
0.0182311
0.000695722
0.281144
0.
-0.00287271
0.0292293
0.256763
0.0258074
0.
0.0268539
0.385179
0.0168125
0.
-0.00359583
0.251294
0.0145409
0.
-0.00946557
0.238397
0.0107203
0.
0.0281172
0.381528
0.017046
0.
-0.00366098
0.259366
0.0185311
0.
-0.00451332
0.253635
0.0281651
-0.0522492
0.000596779
0.248638
-0.0217554
0.0199439
-0.000897727
0.371659
-0.0201809
-0.103552
-0.00600764
0.440093
-0.179358
-0.181203
0.0792676
0.369458
0.170009
-0.188574
0.0473261
0.324622
-0.0660659
0.0207848
0.0102967
0.37432
0.138563
0.127638
0.0555307
0.304638
-0.0158048
-0.0316834
-0.00822798
0.41192
0.00217008
-0.0603296
-0.00318641
0.251568
0.0151749
0.0335852
0.0181973
0.415695
0.0279227
0.0748935
-0.00299269
0.33908
-0.146194
0.15954
0.0631142
0.43168
-0.0112866
0.00147109
0.00408357
0.303838
0.0720322
0.0915833
-0.0775747
0.366577
0.051038
0.157276
0.0487383
