Vec Object: 1 MPI process
  type: seq
0.
0.
0.
-0.0851796
0.
0.
0.
0.0194354
0.168078
-0.16756
0.
-0.054743
0.174852
-0.179339
0.
-0.0562712
0.189425
0.206607
0.
-0.0472453
0.181651
0.164028
0.
-0.046959
0.389255
0.00851569
0.
0.000145922
0.376098
0.00797973
0.
0.00898389
0.391655
-0.0215259
0.
0.00924364
0.398527
-0.0165739
0.
0.00457368
0.
0.
0.
-0.0203563
0.
0.
0.
-0.0589641
0.321643
-0.0575681
0.
-0.0128926
0.317477
0.089619
0.
0.00323795
0.326643
-0.0507686
0.
-0.0142636
0.321591
0.110869
0.
0.0168009
0.353473
0.0748761
0.
-0.00418476
0.321924
-0.102409
0.
0.013233
0.321133
0.0370414
0.
-0.0119539
0.320177
-0.0622832
0.
-0.00272253
0.
0.
0.
-0.114276
0.
0.
0.
0.0195314
0.
0.
0.
-0.0132421
0.
0.
0.
0.147552
0.
0.
0.
-0.0427098
0.
0.
0.
-0.144057
0.
0.
0.
-0.22995
0.
0.
0.
-0.00451652
0.
0.
0.
-0.0579533
0.
0.
0.
-0.0373109
0.
0.
0.
-0.153675
0.
0.
0.
0.0347921
0.
0.
0.
-0.0955652
0.
0.
0.
0.00940345
0.
0.
0.
0.0807858
0.
0.
0.
-0.0231257
0.
0.
0.
-0.0127189
0.
0.
0.
0.0111223
1.
0.
0.
0.0361773
0.392693
-0.00803665
4.18479e-06
-0.00171254
0.381686
0.
-0.00443653
-0.00526337
0.266529
0.
-0.00395493
-0.00852869
0.281438
0.
0.0230654
0.0379446
0.376977
0.
0.00552778
-0.00993337
0.267464
0.
0.0162169
-0.00452829
0.296
0.
-0.00458744
0.0406291
0.278328
0.0233178
0.
0.0383236
0.3832
0.0175303
0.
-0.00291215
0.253204
0.0180446
0.
-0.0123735
0.259454
0.00627691
0.
0.0371802
0.382673
0.0163105
0.
-0.00352299
0.261671
0.0183267
0.
-0.00919192
0.25118
0.0255861
-0.0547271
-0.00146787
0.248921
-0.0247728
0.0224974
-0.00758813
0.371575
-0.0215985
-0.0887395
-0.000874818
0.432148
-0.164812
-0.168029
0.0957442
0.36007
0.155885
-0.174645
0.0597408
0.337355
-0.0502484
0.0241802
0.0174771
0.367419
0.132816
0.115731
0.0696902
0.292602
-0.0160696
-0.0307677
-0.00719114
0.411434
0.00210782
-0.0567432
0.00180479
0.255092
0.0201528
0.0331333
0.0116763
0.396933
0.0185545
0.0612709
0.00177856
0.326446
-0.134277
0.151338
0.0739688
0.420992
-0.0109427
-0.0017529
0.0100269
0.315467
0.0443613
0.0853305
-0.0813246
0.354792
0.0467307
0.153141
0.0610854
