Vec Object: 1 MPI process
  type: seq
0.
0.
0.
-0.103791
0.
0.
0.
0.0287221
0.164114
-0.167181
0.
-0.0699899
0.172911
-0.178269
0.
-0.0664398
0.189509
0.204625
0.
-0.0556461
0.178154
0.165471
0.
-0.0661172
0.388025
0.00928023
0.
0.00272336
0.375371
0.00904105
0.
0.00675458
0.390219
-0.0205324
0.
0.00795534
0.396677
-0.0179936
0.
0.00851208
0.
0.
0.
-0.0291541
0.
0.
0.
-0.0750549
0.313663
-0.0566652
0.
-0.0159539
0.319536
0.0886246
0.
0.00373585
0.318569
-0.051226
0.
-0.0107994
0.322804
0.113972
0.
0.0196878
0.344872
0.0721645
0.
-0.000356349
0.322745
-0.103952
0.
0.0153349
0.314284
0.0400971
0.
-0.0179302
0.320233
-0.0628691
0.
-0.00181189
0.
0.
0.
-0.131264
0.
0.
0.
-0.00262317
0.
0.
0.
-0.0046551
0.
0.
0.
0.120746
0.
0.
0.
-0.0592906
0.
0.
0.
-0.153969
0.
0.
0.
-0.209296
0.
0.
0.
0.0286529
0.
0.
0.
-0.0223926
0.
0.
0.
-0.0240419
0.
0.
0.
-0.165222
0.
0.
0.
0.0293029
0.
0.
0.
-0.0833771
0.
0.
0.
-0.00100739
0.
0.
0.
0.137511
0.
0.
0.
0.0264253
0.
0.
0.
-0.00169424
0.
0.
0.
0.00810587
1.
0.
0.
0.0431713
0.397113
-0.00832327
-0.000436734
-0.00328465
0.379103
0.
-0.00364419
-0.00391371
0.270024
0.
-0.00260684
-0.0131154
0.301234
0.
0.0193692
0.0475988
0.378251
0.
0.0047293
-0.0100839
0.272122
0.
0.0138445
-0.0123759
0.312867
0.
-0.00599667
0.0571453
0.302973
0.0196889
0.
0.0564905
0.38106
0.0185998
0.
-0.00160269
0.256758
0.021118
0.
-0.0172886
0.282322
0.00210313
0.
0.0519489
0.383145
0.0148864
0.
-0.00295621
0.264846
0.0168692
0.
-0.0167083
0.248163
0.0219949
-0.0548354
-0.00749024
0.248676
-0.0252237
0.023661
-0.0195662
0.366766
-0.0244237
-0.0700756
0.00699118
0.426149
-0.142992
-0.151786
0.12
0.355846
0.135312
-0.156322
0.0799707
0.340298
-0.0255825
0.0271285
0.0292936
0.360302
0.121716
0.0995847
0.0928523
0.277952
-0.0154968
-0.0296605
-0.00751003
0.403911
0.00186879
-0.04835
0.00931124
0.257365
0.0216431
0.032034
-1.07162e-05
0.37443
0.00730569
0.0463624
0.010139
0.316315
-0.117232
0.139663
0.0911663
0.403223
-0.008831
-0.0062201
0.0209027
0.317658
0.00675289
0.0717943
-0.0760683
0.344713
0.038866
0.143727
0.0825255
