Vec Object: 1 MPI process
  type: seq
0.
0.
0.
-0.104215
0.
0.
0.
0.0291075
0.164017
-0.16718
0.
-0.070372
0.172867
-0.17825
0.
-0.0666852
0.189524
0.204579
0.
-0.0558329
0.178064
0.165512
0.
-0.0665912
0.387996
0.00930542
0.
0.00279679
0.375361
0.00906067
0.
0.00670306
0.390195
-0.0205089
0.
0.00791287
0.396633
-0.0180332
0.
0.00861849
0.
0.
0.
-0.0294012
0.
0.
0.
-0.0755388
0.313479
-0.0566428
0.
-0.0160188
0.319579
0.0885996
0.
0.00373798
0.318387
-0.0512257
0.
-0.0106982
0.322833
0.114035
0.
0.0197436
0.344676
0.0720909
0.
-0.000239088
0.322766
-0.103981
0.
0.0153705
0.314119
0.0401697
0.
-0.0180775
0.320244
-0.0628766
0.
-0.00180467
0.
0.
0.
-0.131528
0.
0.
0.
-0.00321975
0.
0.
0.
-0.00426243
0.
0.
0.
0.119986
0.
0.
0.
-0.0597858
0.
0.
0.
-0.154037
0.
0.
0.
-0.208553
0.
0.
0.
0.0296508
0.
0.
0.
-0.0213134
0.
0.
0.
-0.0235237
0.
0.
0.
-0.165194
0.
0.
0.
0.029249
0.
0.
0.
-0.0828428
0.
0.
0.
-0.00123839
0.
0.
0.
0.139007
0.
0.
0.
0.0278267
0.
0.
0.
-0.00118777
0.
0.
0.
0.00799072
1.
0.
0.
0.0433139
0.3972
-0.00832768
-0.000445767
-0.00331197
0.379047
0.
-0.00362439
-0.00388148
0.270109
0.
-0.00257645
-0.0132345
0.301685
0.
0.0192849
0.0478407
0.378272
0.
0.00470719
-0.0100843
0.272224
0.
0.0137899
-0.0125721
0.313245
0.
-0.0060242
0.0575539
0.303528
0.0196009
0.
0.056959
0.381015
0.018626
0.
-0.0015713
0.25685
0.0211783
0.
-0.0174186
0.282828
0.00202018
0.
0.0523405
0.383149
0.0148478
0.
-0.00294339
0.264924
0.0168238
0.
-0.0169044
0.248098
0.0219017
-0.0548003
-0.007674
0.248669
-0.0252015
0.0236634
-0.0198851
0.366599
-0.0245008
-0.0696495
0.00719371
0.42606
-0.14245
-0.151405
0.120611
0.355827
0.134805
-0.155887
0.0804996
0.340207
-0.0249957
0.027172
0.0296034
0.360156
0.121407
0.0992084
0.0934631
0.277618
-0.0154634
-0.0296321
-0.00753937
0.403646
0.00186082
-0.04812
0.00950549
0.257399
0.0216246
0.0319962
-0.000317753
0.373909
0.00705546
0.0460438
0.0103696
0.316141
-0.116812
0.139372
0.0916195
0.402763
-0.00876616
-0.00632046
0.0212057
0.317534
0.00591759
0.0714372
-0.0757738
0.344524
0.038662
0.143459
0.0831088
