Vec Object: 1 MPI process
  type: seq
0.
0.
0.
-0.0970172
0.
0.
0.
0.02378
0.16559
-0.167239
0.
-0.0642188
0.173595
-0.178599
0.
-0.0627034
0.189346
0.205341
0.
-0.0526928
0.179504
0.164871
0.
-0.0589034
0.388477
0.00893072
0.
0.00167112
0.375561
0.00871675
0.
0.00758436
0.39064
-0.0208948
0.
0.00855962
0.397359
-0.0174159
0.
0.00695439
0.
0.
0.
-0.0255152
0.
0.
0.
-0.0681207
0.316524
-0.0569959
0.
-0.014884
0.318843
0.0889951
0.
0.00362942
0.321416
-0.0511689
0.
-0.0122568
0.322351
0.11293
0.
0.0187337
0.347927
0.073247
0.
-0.002017
0.322427
-0.103463
0.
0.0146858
0.316802
0.0389726
0.
-0.0156659
0.320118
-0.0627139
0.
-0.00202741
0.
0.
0.
-0.126258
0.
0.
0.
0.00626938
0.
0.
0.
-0.00956621
0.
0.
0.
0.131948
0.
0.
0.
-0.052134
0.
0.
0.
-0.151832
0.
0.
0.
-0.219242
0.
0.
0.
0.0145033
0.
0.
0.
-0.0376617
0.
0.
0.
-0.0308142
0.
0.
0.
-0.1638
0.
0.
0.
0.0306543
0.
0.
0.
-0.090157
0.
0.
0.
0.00269273
0.
0.
0.
0.115299
0.
0.
0.
0.00611527
0.
0.
0.
-0.00802092
0.
0.
0.
0.00967142
1.
0.
0.
0.0408349
0.395671
-0.0082445
-0.00029124
-0.0027863
0.379998
0.
-0.00394475
-0.00442064
0.268722
0.
-0.00308383
-0.0113464
0.294194
0.
0.0206888
0.0439531
0.377888
0.
0.0050537
-0.0100717
0.270501
0.
0.0146947
-0.00940785
0.306922
0.
-0.00554424
0.0509346
0.294269
0.0210394
0.
0.0494727
0.381788
0.0181981
0.
-0.00209591
0.255377
0.0201233
0.
-0.0153633
0.274345
0.00346907
0.
0.0461514
0.383054
0.0154562
0.
-0.00316878
0.263663
0.017515
0.
-0.0137896
0.249206
0.0233822
-0.0551676
-0.00487941
0.248782
-0.0253963
0.0234842
-0.0148341
0.36905
-0.0232854
-0.0767593
0.00396737
0.427827
-0.151234
-0.157669
0.110783
0.356567
0.143043
-0.163028
0.0720883
0.340812
-0.0347045
0.0262955
0.024692
0.362687
0.126222
0.105447
0.0837869
0.283181
-0.0158898
-0.030082
-0.00717091
0.407514
0.00197762
-0.0517525
0.00642193
0.256745
0.0216374
0.0325434
0.00457814
0.382518
0.0112662
0.0514758
0.00678604
0.319362
-0.123623
0.144062
0.0844474
0.410118
-0.00975761
-0.00462479
0.0164982
0.318563
0.0200779
0.0771542
-0.0795601
0.347892
0.0419278
0.147615
0.0739693
