Vec Object: 1 MPI process
  type: seq
0.
0.
0.
-0.0900923
0.
0.
0.
0.0206506
0.167031
-0.167385
0.
-0.0586749
0.174298
-0.178997
0.
-0.0590086
0.189329
0.206065
0.
-0.0496036
0.180774
0.164347
0.
-0.0519124
0.388924
0.00865911
0.
0.00075031
0.375828
0.00832819
0.
0.00841908
0.391174
-0.0212574
0.
0.00902441
0.398032
-0.0169042
0.
0.0055371
0.
0.
0.
-0.0223203
0.
0.
0.
-0.062344
0.319443
-0.0573188
0.
-0.0137379
0.318085
0.0893518
0.
0.00342349
0.324375
-0.0509884
0.
-0.0135026
0.321907
0.111781
0.
0.0176492
0.351078
0.0742264
0.
-0.00338357
0.322128
-0.102885
0.
0.0138876
0.319299
0.0378523
0.
-0.0134737
0.320104
-0.0624902
0.
-0.00239233
0.
0.
0.
-0.119761
0.
0.
0.
0.0143368
0.
0.
0.
-0.0124017
0.
0.
0.
0.141714
0.
0.
0.
-0.0461437
0.
0.
0.
-0.147893
0.
0.
0.
-0.226401
0.
0.
0.
0.00268682
0.
0.
0.
-0.050323
0.
0.
0.
-0.0353482
0.
0.
0.
-0.159075
0.
0.
0.
0.0328258
0.
0.
0.
-0.0942361
0.
0.
0.
0.00655033
0.
0.
0.
0.0947617
0.
0.
0.
-0.0116883
0.
0.
0.
-0.0116543
0.
0.
0.
0.0107382
1.
0.
0.
0.038244
0.394038
-0.00813863
-0.000129657
-0.00218641
0.380951
0.
-0.00423365
-0.00492086
0.267445
0.
-0.00357785
-0.0096868
0.286947
0.
0.022045
0.0404481
0.377418
0.
0.0053424
-0.0100208
0.268789
0.
0.0155629
-0.00654959
0.300735
0.
-0.0050261
0.0449133
0.285233
0.0223677
0.
0.0428765
0.382579
0.0178067
0.
-0.00258115
0.254079
0.0189893
0.
-0.0135843
0.265958
0.00501223
0.
0.0408125
0.382878
0.0159718
0.
-0.00338447
0.262504
0.0180389
0.
-0.0110666
0.250322
0.0246794
-0.0550802
-0.00272874
0.248877
-0.025201
0.0230274
-0.0104928
0.370743
-0.0222622
-0.0836178
0.00111623
0.430091
-0.159193
-0.163606
0.101962
0.358198
0.150548
-0.169731
0.0647544
0.339537
-0.0437843
0.0251724
0.0204124
0.365319
0.130219
0.111378
0.0754033
0.288555
-0.0160635
-0.0304801
-0.00708101
0.410147
0.00206133
-0.0548017
0.00370627
0.255896
0.0210315
0.0329235
0.00882631
0.39075
0.015407
0.0569736
0.00378252
0.323139
-0.129839
0.14831
0.0782295
0.416575
-0.0105177
-0.00297231
0.0125905
0.31751
0.0340002
0.0820977
-0.0811953
0.351626
0.0447921
0.151005
0.0662402
