Vec Object: 1 MPI process
  type: seq
0.
0.
0.
-0.116627
0.
0.
0.
0.0474216
0.160523
-0.167314
0.
-0.0841401
0.17123
-0.177752
0.
-0.075547
0.190344
0.202974
0.
-0.0618826
0.174804
0.167048
0.
-0.0832812
0.386907
0.010361
0.
0.00583852
0.37504
0.00971778
0.
0.00534897
0.38953
-0.0197213
0.
0.00643004
0.395016
-0.0195601
0.
0.0127848
0.
0.
0.
-0.038256
0.
0.
0.
-0.094071
0.307218
-0.0557291
0.
-0.0177128
0.320948
0.0875986
0.
0.00326531
0.312321
-0.0509289
0.
-0.00673136
0.323851
0.115872
0.
0.0209749
0.338116
0.069322
0.
0.00445552
0.323517
-0.104652
0.
0.0158899
0.30837
0.0425833
0.
-0.0229566
0.320748
-0.062921
0.
-0.0022895
0.
0.
0.
-0.135294
0.
0.
0.
-0.0243192
0.
0.
0.
0.0150038
0.
0.
0.
0.0928722
0.
0.
0.
-0.0781878
0.
0.
0.
-0.150523
0.
0.
0.
-0.175415
0.
0.
0.
0.0699822
0.
0.
0.
0.0224014
0.
0.
0.
0.000331567
0.
0.
0.
-0.154861
0.
0.
0.
0.0304199
0.
0.
0.
-0.0573158
0.
0.
0.
-0.0081331
0.
0.
0.
0.194499
0.
0.
0.
0.0821733
0.
0.
0.
0.0236325
0.
0.
0.
0.00343569
1.
0.
0.
0.047557
0.39982
-0.0084467
-0.000739743
-0.00366452
0.377318
0.
-0.00292821
-0.0029286
0.273033
0.
-0.00156719
-0.0177663
0.316967
0.
0.016472
0.0566392
0.378879
0.
0.00388064
-0.0101785
0.275541
0.
0.0119443
-0.019673
0.325815
0.
-0.00687195
0.0720402
0.322052
0.0165746
0.
0.0739945
0.379681
0.0195094
0.
-0.000644542
0.260086
0.0229863
0.
-0.0223652
0.299574
-0.00045909
0.
0.0670171
0.383223
0.0134183
0.
-0.00266684
0.267627
0.0150684
0.
-0.0242419
0.246037
0.0184484
-0.0526925
-0.0148835
0.248456
-0.0237839
0.0231433
-0.0316551
0.359545
-0.0273196
-0.0556154
0.0147516
0.424372
-0.123329
-0.138296
0.142544
0.356978
0.116951
-0.140967
0.0999304
0.333271
-0.00565683
0.0278807
0.0412184
0.355713
0.10961
0.0866534
0.116184
0.266433
-0.0137114
-0.0285513
-0.0088877
0.392267
0.00151633
-0.0397821
0.0168559
0.258096
0.0197611
0.0303302
-0.0113561
0.356126
-0.00105315
0.0359946
0.0194562
0.311653
-0.10201
0.128958
0.108574
0.386104
-0.00627446
-0.00944775
0.0329913
0.308639
-0.0200967
0.0588574
-0.0602115
0.339083
0.0313282
0.133196
0.105327
