Vec Object: 1 MPI process
  type: seq
0.
0.
0.
-0.098373
0.
0.
0.
0.0246039
0.165304
-0.167221
0.
-0.0653338
0.173461
-0.178529
0.
-0.0634313
0.189367
0.2052
0.
-0.0532834
0.179245
0.164983
0.
-0.0603041
0.388389
0.00899344
0.
0.00186653
0.375519
0.00878439
0.
0.00741827
0.390549
-0.0208237
0.
0.00845004
0.397226
-0.0175243
0.
0.00724843
0.
0.
0.
-0.0262002
0.
0.
0.
-0.0693981
0.315958
-0.0569324
0.
-0.0151025
0.318983
0.0889242
0.
0.00365987
0.320849
-0.0511894
0.
-0.0119865
0.322439
0.113143
0.
0.0189333
0.34732
0.0730423
0.
-0.00171339
0.322488
-0.103566
0.
0.0148268
0.316309
0.0391937
0.
-0.0161073
0.320134
-0.0627499
0.
-0.00197129
0.
0.
0.
-0.127371
0.
0.
0.
0.00457734
0.
0.
0.
-0.00876947
0.
0.
0.
0.129841
0.
0.
0.
-0.053459
0.
0.
0.
-0.152404
0.
0.
0.
-0.217512
0.
0.
0.
0.0170971
0.
0.
0.
-0.0348689
0.
0.
0.
-0.0296637
0.
0.
0.
-0.164349
0.
0.
0.
0.0303168
0.
0.
0.
-0.0890412
0.
0.
0.
0.00194929
0.
0.
0.
0.11953
0.
0.
0.
0.00990761
0.
0.
0.
-0.00699614
0.
0.
0.
0.00939875
1.
0.
0.
0.0413137
0.395969
-0.00826178
-0.000320853
-0.00289404
0.379817
0.
-0.00388655
-0.0043205
0.268976
0.
-0.00298894
-0.0116844
0.29559
0.
0.0204268
0.044657
0.377966
0.
0.00499262
-0.0100759
0.270826
0.
0.0145265
-0.00998207
0.308107
0.
-0.00563757
0.05214
0.296002
0.0207755
0.
0.0508187
0.381639
0.0182765
0.
-0.00199858
0.255642
0.0203287
0.
-0.0157296
0.27594
0.00318766
0.
0.0472535
0.383077
0.0153483
0.
-0.00312565
0.263893
0.0173968
0.
-0.0143471
0.248995
0.0231173
-0.0551342
-0.00535743
0.248761
-0.0253891
0.0235402
-0.0157342
0.368646
-0.0235007
-0.0754317
0.00454682
0.427452
-0.149636
-0.156511
0.112563
0.356358
0.141541
-0.161711
0.0735941
0.340846
-0.0329083
0.0264826
0.0255698
0.362199
0.125376
0.104289
0.0855136
0.282143
-0.0158306
-0.0300015
-0.00721929
0.406881
0.00195829
-0.0511085
0.00697435
0.256884
0.0216833
0.0324541
0.00370111
0.380921
0.010474
0.0504421
0.0074154
0.318709
-0.122381
0.143211
0.0857265
0.408796
-0.00958748
-0.00494403
0.0173233
0.318538
0.0174032
0.0761281
-0.0790265
0.347227
0.0413405
0.146889
0.0755838
