Vec Object: 1 MPI process
  type: seq
0.
0.
0.
-0.0764426
0.
0.
0.
0.019547
0.170272
-0.168159
0.
-0.0469662
0.1762
-0.180224
0.
-0.0503431
0.189993
0.207781
0.
-0.0420898
0.183301
0.163617
0.
-0.0373561
0.389959
0.00840914
0.
-0.00092594
0.376952
0.00699899
0.
0.009853
0.392965
-0.0221091
0.
0.00926775
0.399576
-0.0160331
0.
0.00275904
0.
0.
0.
-0.0176196
0.
0.
0.
-0.0546046
0.326465
-0.0581751
0.
-0.0112711
0.316019
0.0902431
0.
0.00284581
0.331711
-0.0500327
0.
-0.0153332
0.320989
0.108762
0.
0.0149663
0.358754
0.0760225
0.
-0.00523827
0.321557
-0.101272
0.
0.0117446
0.325006
0.0354124
0.
-0.00918801
0.320643
-0.0617273
0.
-0.00349512
0.
0.
0.
-0.101862
0.
0.
0.
0.0276713
0.
0.
0.
-0.0119754
0.
0.
0.
0.154478
0.
0.
0.
-0.0389269
0.
0.
0.
-0.134327
0.
0.
0.
-0.232869
0.
0.
0.
-0.0155077
0.
0.
0.
-0.0692315
0.
0.
0.
-0.037943
0.
0.
0.
-0.138029
0.
0.
0.
0.0392691
0.
0.
0.
-0.094077
0.
0.
0.
0.0151316
0.
0.
0.
0.0550043
0.
0.
0.
-0.0422208
0.
0.
0.
-0.0111209
0.
0.
0.
0.0106215
1.
0.
0.
0.0314397
0.389405
-0.00772921
0.000345017
-0.000723704
0.3833
0.
-0.00482681
-0.0058371
0.264717
0.
-0.00479886
-0.00629158
0.269265
0.
0.0252489
0.0328734
0.375687
0.
0.00582435
-0.00952193
0.264492
0.
0.0176464
-0.000631906
0.285476
0.
-0.00343587
0.032215
0.263028
0.0251683
0.
0.0297608
0.3846
0.0169981
0.
-0.00346089
0.251705
0.0156586
0.
-0.0101689
0.244653
0.00934968
0.
0.0304171
0.381947
0.0168827
0.
-0.0036775
0.259989
0.0185836
0.
-0.00568415
0.252986
0.0274281
-0.0531544
0.000251626
0.248815
-0.0229004
0.0208127
-0.00247013
0.37202
-0.0204954
-0.0994788
-0.00469572
0.437578
-0.175637
-0.17748
0.083598
0.366184
0.16633
-0.184772
0.0504395
0.329134
-0.0623008
0.021773
0.0120528
0.372277
0.137239
0.124511
0.0590928
0.301264
-0.0158797
-0.0314038
-0.0078626
0.412273
0.00216442
-0.0596896
-0.00189156
0.252764
0.0169526
0.0334595
0.0166778
0.41033
0.0253114
0.0709393
-0.00183538
0.335057
-0.143055
0.15736
0.0659123
0.429074
-0.0113485
0.000656559
0.00551659
0.307851
0.0650195
0.0904199
-0.079126
0.362845
0.0500963
0.156465
0.051786
