Vec Object: 1 MPI process
  type: seq
0.
0.
0.
-0.0926563
0.
0.
0.
0.0216098
0.166498
-0.167319
0.
-0.0607103
0.174032
-0.17884
0.
-0.0603828
0.189316
0.205794
0.
-0.0507683
0.180312
0.164531
0.
-0.0544819
0.388758
0.00875044
0.
0.00107885
0.375718
0.00848247
0.
0.00811373
0.39096
-0.0211225
0.
0.00887164
0.397782
-0.0170865
0.
0.00604909
0.
0.
0.
-0.0234454
0.
0.
0.
-0.0643425
0.318349
-0.0571978
0.
-0.014168
0.318376
0.0892194
0.
0.00350838
0.32326
-0.0510707
0.
-0.0130659
0.32207
0.112221
0.
0.0180639
0.349894
0.0738747
0.
-0.00291134
0.322237
-0.10311
0.
0.0141986
0.318372
0.0382673
0.
-0.0142755
0.320095
-0.0625812
0.
-0.00224305
0.
0.
0.
-0.122326
0.
0.
0.
0.0114559
0.
0.
0.
-0.0115817
0.
0.
0.
0.138294
0.
0.
0.
-0.0482107
0.
0.
0.
-0.149547
0.
0.
0.
-0.224058
0.
0.
0.
0.00680899
0.
0.
0.
-0.0459208
0.
0.
0.
-0.0339179
0.
0.
0.
-0.1612
0.
0.
0.
0.0319383
0.
0.
0.
-0.0930296
0.
0.
0.
0.00510654
0.
0.
0.
0.102198
0.
0.
0.
-0.00536566
0.
0.
0.
-0.0106069
0.
0.
0.
0.010409
1.
0.
0.
0.0392372
0.39467
-0.00818186
-0.000192103
-0.0024177
0.38059
0.
-0.00412781
-0.00473791
0.267916
0.
-0.00339189
-0.0102923
0.289671
0.
0.0215364
0.0417368
0.377608
0.
0.00523963
-0.0100469
0.269437
0.
0.0152376
-0.00759907
0.303068
0.
-0.00522797
0.0471284
0.288637
0.0218775
0.
0.0452774
0.382278
0.0179505
0.
-0.00240389
0.25455
0.0194293
0.
-0.0142288
0.269132
0.00441601
0.
0.0427444
0.382956
0.015787
0.
-0.00330625
0.262932
0.0178603
0.
-0.0120565
0.249899
0.0242067
-0.0551641
-0.00347152
0.248844
-0.0253217
0.0232317
-0.0120577
0.370186
-0.0226276
-0.0810501
0.00215729
0.429178
-0.156271
-0.161389
0.105195
0.357476
0.147787
-0.16724
0.0674147
0.340231
-0.040431
0.0256223
0.0219664
0.36431
0.128794
0.109169
0.0784399
0.286539
-0.016023
-0.0303339
-0.00708281
0.409284
0.00203302
-0.0537169
0.00469797
0.256242
0.0213321
0.0327961
0.00729233
0.387668
0.0138471
0.0548831
0.00486114
0.321643
-0.12755
0.146748
0.0804842
0.41423
-0.0102573
-0.00359029
0.0139866
0.318134
0.0287778
0.0803218
-0.0807925
0.350166
0.0437539
0.149806
0.0690179
