Vec Object: 1 MPI process
  type: seq
0.
0.
0.
-0.0757625
0.
0.
0.
0.0197253
0.170488
-0.168237
0.
-0.0462469
0.17635
-0.180325
0.
-0.0497453
0.190079
0.207899
0.
-0.0415738
0.183447
0.1636
0.
-0.0364932
0.390028
0.00841559
0.
-0.00101566
0.377062
0.00688078
0.
0.0099055
0.393117
-0.0221688
0.
0.00923392
0.399679
-0.0159929
0.
0.00259675
0.
0.
0.
-0.0174661
0.
0.
0.
-0.0543846
0.326954
-0.0582429
0.
-0.0111319
0.315861
0.0903118
0.
0.00281226
0.332232
-0.049939
0.
-0.015394
0.320937
0.108541
0.
0.0147865
0.359291
0.076118
0.
-0.00529288
0.321526
-0.101151
0.
0.011594
0.325389
0.0352602
0.
-0.00895742
0.320716
-0.0616636
0.
-0.00357223
0.
0.
0.
-0.100647
0.
0.
0.
0.0282329
0.
0.
0.
-0.0116637
0.
0.
0.
0.154683
0.
0.
0.
-0.0388376
0.
0.
0.
-0.133312
0.
0.
0.
-0.232839
0.
0.
0.
-0.016285
0.
0.
0.
-0.0699889
0.
0.
0.
-0.0377768
0.
0.
0.
-0.136261
0.
0.
0.
0.0396894
0.
0.
0.
-0.0936512
0.
0.
0.
0.0156565
0.
0.
0.
0.0527717
0.
0.
0.
-0.043712
0.
0.
0.
-0.0107336
0.
0.
0.
0.0104732
1.
0.
0.
0.0309525
0.389046
-0.0076908
0.000383779
-0.000632217
0.383462
0.
-0.00486192
-0.0058785
0.264551
0.
-0.00488638
-0.00608964
0.268026
0.
0.0254635
0.0323907
0.375528
0.
0.00584558
-0.00946013
0.264188
0.
0.0177915
-0.000286194
0.284401
0.
-0.00330156
0.0314472
0.261471
0.025334
0.
0.0290063
0.384744
0.0169503
0.
-0.00349971
0.251591
0.0153893
0.
-0.00998303
0.243109
0.00968406
0.
0.0298215
0.38185
0.0169271
0.
-0.0036782
0.259831
0.0185791
0.
-0.00537844
0.253155
0.0276103
-0.0529415
0.000354189
0.24878
-0.0226364
0.0206056
-0.00205133
0.371959
-0.0204102
-0.100511
-0.00503627
0.43819
-0.176603
-0.178414
0.0824872
0.366957
0.167278
-0.185737
0.0496291
0.328067
-0.0633077
0.021525
0.0115897
0.372783
0.137593
0.125317
0.058167
0.302114
-0.015858
-0.0314716
-0.00795162
0.412219
0.0021668
-0.0598796
-0.00222605
0.252481
0.0165346
0.0334896
0.0170838
0.41167
0.0259713
0.0719247
-0.00214063
0.336031
-0.143861
0.157918
0.0651912
0.42976
-0.0113458
0.000870088
0.00513969
0.30689
0.0668576
0.0907608
-0.0787654
0.363748
0.0503563
0.156696
0.0509902
