Vec Object: 1 MPI process
  type: seq
0.
0.
0.
-0.117829
0.
0.
0.
0.0505384
0.160046
-0.167354
0.
-0.0860157
0.170995
-0.177711
0.
-0.0767727
0.190489
0.202762
0.
-0.0626082
0.174359
0.167262
0.
-0.0854945
0.386751
0.0105263
0.
0.00632583
0.374995
0.00980959
0.
0.00526206
0.389457
-0.0196254
0.
0.00626523
0.39479
-0.0197827
0.
0.0134126
0.
0.
0.
-0.0394058
0.
0.
0.
-0.0966719
0.306411
-0.0555825
0.
-0.0178359
0.321113
0.0874411
0.
0.00310085
0.311553
-0.0508497
0.
-0.00614754
0.323983
0.116053
0.
0.0210054
0.337283
0.0689302
0.
0.00515193
0.323617
-0.104687
0.
0.0158275
0.307608
0.0428775
0.
-0.0235367
0.32083
-0.0628915
0.
-0.00248711
0.
0.
0.
-0.134944
0.
0.
0.
-0.0270434
0.
0.
0.
0.0183445
0.
0.
0.
0.0893678
0.
0.
0.
-0.080671
0.
0.
0.
-0.149163
0.
0.
0.
-0.170017
0.
0.
0.
0.0760689
0.
0.
0.
0.0290032
0.
0.
0.
0.00429794
0.
0.
0.
-0.152146
0.
0.
0.
0.0310513
0.
0.
0.
-0.0529794
0.
0.
0.
-0.00883584
0.
0.
0.
0.202258
0.
0.
0.
0.0900821
0.
0.
0.
0.0279227
0.
0.
0.
0.00280518
1.
0.
0.
0.0480123
0.400108
-0.00845911
-0.000776441
-0.00359711
0.377124
0.
-0.00283666
-0.00284007
0.273409
0.
-0.00144156
-0.018434
0.318931
0.
0.0161191
0.0578566
0.378953
0.
0.00376559
-0.0102131
0.275944
0.
0.0117095
-0.0206576
0.327392
0.
-0.00696996
0.0739823
0.324392
0.016184
0.
0.0763259
0.379541
0.0196184
0.
-0.000559347
0.260511
0.0231853
0.
-0.0230897
0.301675
-0.000730261
0.
0.0690963
0.383235
0.0132206
0.
-0.00266398
0.267981
0.0148193
0.
-0.0252903
0.24579
0.0179668
-0.052302
-0.0159236
0.24843
-0.0235214
0.0229971
-0.0332884
0.358455
-0.0277004
-0.0538935
0.0158296
0.424343
-0.120795
-0.136585
0.145517
0.357355
0.114589
-0.139036
0.102617
0.331877
-0.0033125
0.0278611
0.0428766
0.355218
0.107923
0.085088
0.119376
0.265021
-0.0133995
-0.0283948
-0.00908519
0.39049
0.00146147
-0.0386665
0.0179229
0.258128
0.0193612
0.0300623
-0.0128328
0.353827
-0.00203247
0.0348173
0.0208198
0.31127
-0.100043
0.127546
0.110973
0.383842
-0.00592306
-0.00979788
0.0347195
0.306863
-0.0230356
0.0572216
-0.0573834
0.338513
0.030341
0.131728
0.108519
