Vec Object: 1 MPI process
  type: seq
0.
0.
0.
-0.110671
0.
0.
0.
0.0365032
0.162408
-0.167204
0.
-0.0767127
0.172126
-0.177977
0.
-0.0707498
0.189841
0.203827
0.
-0.0587796
0.176565
0.166209
0.
-0.0743749
0.387502
0.00975681
0.
0.00409396
0.375207
0.00936806
0.
0.00594226
0.389849
-0.0201306
0.
0.00719835
0.395892
-0.0187132
0.
0.010451
0.
0.
0.
-0.0335286
0.
0.
0.
-0.0838759
0.310513
-0.0562527
0.
-0.0169639
0.32025
0.0881669
0.
0.00366467
0.315488
-0.0511547
0.
-0.00894441
0.323313
0.114991
0.
0.0205122
0.341548
0.0708417
0.
0.00181928
0.323115
-0.104377
0.
0.0158059
0.311434
0.0413333
0.
-0.0204438
0.32045
-0.0629527
0.
-0.00183484
0.
0.
0.
-0.134657
0.
0.
0.
-0.0131031
0.
0.
0.
0.00341182
0.
0.
0.
0.107316
0.
0.
0.
-0.0682093
0.
0.
0.
-0.153857
0.
0.
0.
-0.194775
0.
0.
0.
0.0472174
0.
0.
0.
-0.00228734
0.
0.
0.
-0.0137449
0.
0.
0.
-0.162625
0.
0.
0.
0.0290301
0.
0.
0.
-0.0725417
0.
0.
0.
-0.00477643
0.
0.
0.
0.164212
0.
0.
0.
0.0519822
0.
0.
0.
0.00871084
0.
0.
0.
0.00595229
1.
0.
0.
0.0454766
0.398527
-0.00839031
-0.00058764
-0.00364034
0.378183
0.
-0.00329899
-0.00338512
0.27149
0.
-0.00209162
-0.0152545
0.308936
0.
0.0179375
0.0518683
0.378577
0.
0.00433216
-0.010101
0.273836
0.
0.0129118
-0.0158279
0.319272
0.
-0.00644606
0.0642813
0.312386
0.0181721
0.
0.0647777
0.380334
0.0190491
0.
-0.00108773
0.258362
0.0220932
0.
-0.0196275
0.290865
0.000762756
0.
0.0589686
0.38319
0.0141966
0.
-0.00276579
0.266192
0.0160381
0.
-0.0202142
0.247086
0.0203319
-0.054016
-0.0108751
0.248564
-0.02468
0.0235588
-0.0252496
0.363579
-0.0257963
-0.0628718
0.0106053
0.424934
-0.133534
-0.145234
0.130733
0.355957
0.126472
-0.148843
0.0893715
0.337822
-0.0156346
0.0276974
0.0348385
0.357919
0.116119
0.0931867
0.103764
0.272272
-0.0147825
-0.0291488
-0.00811173
0.398808
0.00171561
-0.0442701
0.012797
0.257832
0.0210298
0.0312993
-0.00542642
0.365499
0.00310923
0.0410867
0.0143601
0.313671
-0.109915
0.134564
0.0992812
0.395094
-0.00764727
-0.00788137
0.0264301
0.31443
-0.00705064
0.0655451
-0.0697788
0.341713
0.0352723
0.138863
0.0930632
