Vec Object: 1 MPI process
  type: seq
0.
0.
0.
-0.0889249
0.
0.
0.
0.020288
0.167275
-0.16742
0.
-0.057748
0.174424
-0.179072
0.
-0.0583741
0.189342
0.20619
0.
-0.0490609
0.180983
0.164267
0.
-0.0507427
0.389001
0.00862114
0.
0.000604249
0.375885
0.00825253
0.
0.00855606
0.391279
-0.0213197
0.
0.00908577
0.398147
-0.0168236
0.
0.005307
0.
0.
0.
-0.0218304
0.
0.
0.
-0.0614872
0.319951
-0.0573754
0.
-0.0135398
0.317948
0.0894132
0.
0.00338197
0.324896
-0.0509441
0.
-0.0136924
0.321832
0.111574
0.
0.0174545
0.35163
0.0743832
0.
-0.0035862
0.322079
-0.102778
0.
0.0137395
0.319726
0.0376621
0.
-0.0131112
0.320114
-0.0624453
0.
-0.00246551
0.
0.
0.
-0.118528
0.
0.
0.
0.0156096
0.
0.
0.
-0.0126887
0.
0.
0.
0.14319
0.
0.
0.
-0.0452629
0.
0.
0.
-0.147063
0.
0.
0.
-0.227356
0.
0.
0.
0.000896596
0.
0.
0.
-0.0522281
0.
0.
0.
-0.035907
0.
0.
0.
-0.157955
0.
0.
0.
0.0332614
0.
0.
0.
-0.0946699
0.
0.
0.
0.00721635
0.
0.
0.
0.0914188
0.
0.
0.
-0.0144797
0.
0.
0.
-0.0120194
0.
0.
0.
0.0108604
1.
0.
0.
0.0377748
0.393736
-0.00811696
-9.97988e-05
-0.00207757
0.38112
0.
-0.0042817
-0.00500325
0.267229
0.
-0.0036645
-0.00941241
0.28568
0.
0.022281
0.0398599
0.377323
0.
0.00538776
-0.0100051
0.268486
0.
0.0157139
-0.00607205
0.299648
0.
-0.00492892
0.0439035
0.283646
0.0225915
0.
0.0417924
0.382721
0.0177413
0.
-0.00266088
0.253869
0.0187785
0.
-0.0132946
0.264471
0.00529631
0.
0.0399441
0.382837
0.016054
0.
-0.00341901
0.262309
0.018114
0.
-0.01062
0.250519
0.0248937
-0.0550204
-0.00241012
0.24889
-0.0251246
0.0229192
-0.00979301
0.370969
-0.0221004
-0.0848061
0.000644367
0.430539
-0.160522
-0.164631
0.100492
0.358579
0.151807
-0.170878
0.0635568
0.339126
-0.0453132
0.0249531
0.0197121
0.365795
0.130851
0.112394
0.0740377
0.289491
-0.0160733
-0.0305471
-0.00709316
0.410497
0.00207327
-0.0552794
0.00325639
0.255723
0.0208614
0.0329771
0.00951277
0.392179
0.0161329
0.057955
0.00330056
0.323867
-0.130884
0.149023
0.0772137
0.417631
-0.0106279
-0.00268739
0.01197
0.317131
0.0364144
0.0828862
-0.0813026
0.352329
0.045258
0.151531
0.0649994
