Vec Object: 1 MPI process
  type: seq
0.
0.
0.
-0.102635
0.
0.
0.
0.0277212
0.164376
-0.167185
0.
-0.0689625
0.173031
-0.178322
0.
-0.0657792
0.189471
0.204751
0.
-0.0551388
0.178396
0.165362
0.
-0.0648404
0.388105
0.00921369
0.
0.00252837
0.375401
0.00898739
0.
0.00689565
0.390286
-0.0205958
0.
0.00806846
0.396798
-0.0178879
0.
0.00822809
0.
0.
0.
-0.0284925
0.
0.
0.
-0.0737673
0.314161
-0.0567249
0.
-0.0157755
0.319418
0.0886915
0.
0.00372684
0.31906
-0.0512244
0.
-0.0110689
0.322724
0.113797
0.
0.019533
0.345401
0.0723612
0.
-0.000667384
0.322688
-0.103874
0.
0.0152346
0.314727
0.0399007
0.
-0.017532
0.320207
-0.0628471
0.
-0.00183593
0.
0.
0.
-0.130511
0.
0.
0.
-0.00102185
0.
0.
0.
-0.00567006
0.
0.
0.
0.122783
0.
0.
0.
-0.0579696
0.
0.
0.
-0.153739
0.
0.
0.
-0.211244
0.
0.
0.
0.0260063
0.
0.
0.
-0.0252539
0.
0.
0.
-0.025393
0.
0.
0.
-0.165223
0.
0.
0.
0.0294701
0.
0.
0.
-0.0847624
0.
0.
0.
-0.000377158
0.
0.
0.
0.133504
0.
0.
0.
0.022691
0.
0.
0.
-0.00300308
0.
0.
0.
0.00840951
1.
0.
0.
0.0427806
0.396873
-0.008311
-0.000412122
-0.00320742
0.379255
0.
-0.00369751
-0.00400137
0.269795
0.
-0.00268927
-0.0127967
0.300013
0.
0.0195976
0.0469491
0.378193
0.
0.00478841
-0.0100828
0.271844
0.
0.0139923
-0.0118482
0.311841
0.
-0.00592129
0.0560451
0.30147
0.0199263
0.
0.0552329
0.381183
0.0185291
0.
-0.00168806
0.256512
0.0209527
0.
-0.0169406
0.28095
0.00233053
0.
0.0509004
0.383133
0.0149897
0.
-0.00299162
0.264637
0.0169898
0.
-0.0161827
0.24834
0.0222447
-0.0549222
-0.0070023
0.248694
-0.0252773
0.0236491
-0.0187118
0.367206
-0.0242173
-0.0712314
0.0064482
0.426402
-0.144453
-0.152814
0.118359
0.355912
0.13668
-0.157496
0.0785526
0.340509
-0.0271716
0.0270044
0.0284639
0.360702
0.12254
0.100604
0.0912163
0.278857
-0.0155823
-0.0297366
-0.00743488
0.40461
0.00188974
-0.0489662
0.00879099
0.257271
0.021682
0.0321331
0.000813406
0.375839
0.00798567
0.0472309
0.00952453
0.3168
-0.118363
0.140445
0.0899528
0.404459
-0.00900348
-0.00594689
0.0200948
0.317955
0.0090283
0.0727542
-0.0768213
0.345234
0.0394141
0.144441
0.0809673
