Vec Object: 1 MPI process
  type: seq
0.
0.
0.
-0.0883217
0.
0.
0.
0.0201186
0.167402
-0.16744
0.
-0.0572682
0.174489
-0.179113
0.
-0.0580433
0.189351
0.206256
0.
-0.0487768
0.181091
0.164227
0.
-0.0501374
0.389041
0.00860244
0.
0.000529502
0.375916
0.00821191
0.
0.00862623
0.391335
-0.0213522
0.
0.00911533
0.398207
-0.0167825
0.
0.00518861
0.
0.
0.
-0.0215829
0.
0.
0.
-0.0610575
0.320216
-0.0574052
0.
-0.0134368
0.317876
0.0894453
0.
0.00335986
0.325168
-0.0509195
0.
-0.0137883
0.321793
0.111465
0.
0.0173524
0.351918
0.0744636
0.
-0.00368789
0.322054
-0.102722
0.
0.0136613
0.319948
0.0375634
0.
-0.0129244
0.320121
-0.0624211
0.
-0.00250459
0.
0.
0.
-0.117875
0.
0.
0.
0.0162577
0.
0.
0.
-0.0128158
0.
0.
0.
0.143932
0.
0.
0.
-0.0448231
0.
0.
0.
-0.146615
0.
0.
0.
-0.227821
0.
0.
0.
-8.26476e-06
0.
0.
0.
-0.0531891
0.
0.
0.
-0.0361732
0.
0.
0.
-0.157339
0.
0.
0.
0.0334941
0.
0.
0.
-0.0948657
0.
0.
0.
0.00756295
0.
0.
0.
0.0896994
0.
0.
0.
-0.0159024
0.
0.
0.
-0.0121809
0.
0.
0.
0.0109164
1.
0.
0.
0.0375277
0.393576
-0.0081052
-8.39589e-05
-0.00202045
0.381208
0.
-0.00430653
-0.00504557
0.267118
0.
-0.00370987
-0.0092707
0.285016
0.
0.0224042
0.039555
0.377272
0.
0.00541087
-0.00999586
0.268327
0.
0.0157928
-0.00582501
0.299078
0.
-0.0048772
0.0433806
0.282815
0.0227075
0.
0.0412337
0.382796
0.0177075
0.
-0.00270182
0.253761
0.0186667
0.
-0.0131456
0.263691
0.00544663
0.
0.0394975
0.382814
0.016096
0.
-0.00343651
0.262208
0.0181512
0.
-0.0103899
0.250623
0.0250044
-0.054984
-0.0022502
0.248896
-0.0250794
0.0228592
-0.00943419
0.371079
-0.0220179
-0.0854259
0.000400664
0.43078
-0.161209
-0.165166
0.0997326
0.358791
0.152458
-0.171474
0.0629405
0.338889
-0.0461042
0.024836
0.0193514
0.366046
0.131173
0.112923
0.0733351
0.28998
-0.0160762
-0.0305819
-0.00710274
0.410667
0.00207922
-0.0555221
0.0030239
0.25563
0.0207647
0.0330038
0.00986485
0.392925
0.0165126
0.0584706
0.00305334
0.324256
-0.131425
0.149392
0.0766906
0.418174
-0.0106826
-0.00253916
0.0116527
0.31691
0.0376721
0.0832886
-0.0813395
0.352703
0.0454973
0.151798
0.0643632
