Vec Object: 1 MPI process
  type: seq
0.
0.
0.
-0.116147
0.
0.
0.
0.0462957
0.160701
-0.167301
0.
-0.0834408
0.171316
-0.177769
0.
-0.0750918
0.190291
0.203054
0.
-0.0616061
0.17497
0.166969
0.
-0.0824524
0.386965
0.0103007
0.
0.0056621
0.375056
0.00968411
0.
0.00538836
0.389557
-0.0197579
0.
0.00649529
0.395099
-0.0194781
0.
0.0125551
0.
0.
0.
-0.0378219
0.
0.
0.
-0.0931024
0.307521
-0.0557822
0.
-0.01766
0.320886
0.0876557
0.
0.0033196
0.31261
-0.0509562
0.
-0.0069465
0.323802
0.115801
0.
0.020954
0.33843
0.0694673
0.
0.00419872
0.323479
-0.104635
0.
0.015904
0.308655
0.0424714
0.
-0.0227344
0.320718
-0.0629297
0.
-0.00222488
0.
0.
0.
-0.135372
0.
0.
0.
-0.0232908
0.
0.
0.
0.0137998
0.
0.
0.
0.094196
0.
0.
0.
-0.0772563
0.
0.
0.
-0.150977
0.
0.
0.
-0.177376
0.
0.
0.
0.0677466
0.
0.
0.
0.0199765
0.
0.
0.
-0.00110606
0.
0.
0.
-0.155798
0.
0.
0.
0.0302133
0.
0.
0.
-0.0588836
0.
0.
0.
-0.00785584
0.
0.
0.
0.191617
0.
0.
0.
0.0792529
0.
0.
0.
0.0220851
0.
0.
0.
0.00367224
1.
0.
0.
0.0473804
0.399709
-0.00844191
-0.000725907
-0.0036815
0.377393
0.
-0.00296256
-0.00296458
0.272892
0.
-0.0016147
-0.0175212
0.316228
0.
0.0166052
0.0561868
0.378852
0.
0.00392347
-0.0101673
0.275389
0.
0.0120328
-0.0193078
0.32522
0.
-0.0068345
0.0713146
0.321171
0.0167215
0.
0.0731256
0.379736
0.019468
0.
-0.000679291
0.259927
0.0229095
0.
-0.022099
0.298782
-0.000354347
0.
0.0662468
0.383219
0.0134919
0.
-0.00267031
0.267495
0.015161
0.
-0.0238546
0.24613
0.0186274
-0.0528328
-0.014498
0.248466
-0.0238785
0.0231939
-0.0310477
0.359944
-0.0271771
-0.0562684
0.0143531
0.424393
-0.124278
-0.138938
0.141435
0.356848
0.117836
-0.141692
0.0989306
0.333768
-0.00654894
0.0278816
0.0406054
0.355903
0.110235
0.0872455
0.114999
0.266965
-0.0138237
-0.0286091
-0.0088136
0.392918
0.00153633
-0.0402003
0.0164627
0.258081
0.0199026
0.0304278
-0.0108031
0.356989
-0.000680938
0.0364441
0.0189559
0.311808
-0.102746
0.129485
0.107685
0.386949
-0.00640519
-0.00931254
0.0323543
0.30927
-0.0189651
0.0594732
-0.0612243
0.339304
0.0316973
0.13374
0.104146
