Vec Object: 1 MPI process
  type: seq
0.
0.
0.
-0.0847923
0.
0.
0.
0.0193747
0.168163
-0.167577
0.
-0.0544272
0.174899
-0.179369
0.
-0.0560455
0.189438
0.206651
0.
-0.0470493
0.181721
0.164005
0.
-0.0465626
0.389282
0.00850632
0.
9.91144e-05
0.376123
0.00794831
0.
0.0090269
0.391698
-0.021548
0.
0.0092562
0.398568
-0.0165488
0.
0.00449771
0.
0.
0.
-0.0202126
0.
0.
0.
-0.0587232
0.321826
-0.0575893
0.
-0.0128246
0.317425
0.0896414
0.
0.00322218
0.326832
-0.0507471
0.
-0.0143193
0.321565
0.110792
0.
0.0167303
0.353672
0.0749264
0.
-0.00424214
0.321908
-0.102368
0.
0.0131775
0.321283
0.0369758
0.
-0.0118343
0.320187
-0.0622646
0.
-0.00275113
0.
0.
0.
-0.113808
0.
0.
0.
0.0199231
0.
0.
0.
-0.0132665
0.
0.
0.
0.147967
0.
0.
0.
-0.0424713
0.
0.
0.
-0.143714
0.
0.
0.
-0.230177
0.
0.
0.
-0.00504963
0.
0.
0.
-0.0585135
0.
0.
0.
-0.0374217
0.
0.
0.
-0.153167
0.
0.
0.
0.0349623
0.
0.
0.
-0.095613
0.
0.
0.
0.00963519
0.
0.
0.
0.0796877
0.
0.
0.
-0.0239968
0.
0.
0.
-0.0127493
0.
0.
0.
0.0111368
1.
0.
0.
0.0360024
0.392577
-0.00802722
1.58275e-05
-0.00167329
0.381747
0.
-0.0044527
-0.00528988
0.266455
0.
-0.00398638
-0.00843635
0.28098
0.
0.0231496
0.0377424
0.376937
0.
0.00554181
-0.00992369
0.267353
0.
0.016271
-0.00436668
0.295605
0.
-0.00454892
0.0402852
0.277753
0.0233941
0.
0.0379635
0.383252
0.0175082
0.
-0.00293771
0.253136
0.0179625
0.
-0.0122785
0.258908
0.00638566
0.
0.0368944
0.382653
0.0163365
0.
-0.00353298
0.261604
0.0183461
0.
-0.00904377
0.251251
0.0256588
-0.0546869
-0.00137728
0.248922
-0.0247257
0.0224464
-0.00736263
0.371626
-0.0215479
-0.0891599
-0.00103343
0.432331
-0.165261
-0.168393
0.0952468
0.360251
0.156313
-0.175046
0.0593462
0.337128
-0.050763
0.0240935
0.0172457
0.367597
0.133015
0.116085
0.0692408
0.292936
-0.0160663
-0.0307914
-0.00720676
0.411514
0.00211107
-0.0568885
0.00165285
0.255018
0.0200633
0.0331483
0.0118975
0.397445
0.018815
0.0616318
0.00162231
0.326738
-0.134634
0.151581
0.0736321
0.421339
-0.0109717
-0.00165405
0.00982896
0.315252
0.0452044
0.0855757
-0.0812981
0.355069
0.0468815
0.153301
0.060684
