Vec Object: 1 MPI process
  type: seq
0.
0.
0.
-0.0957909
0.
0.
0.
0.0230979
0.165847
-0.167258
0.
-0.0632222
0.173717
-0.178664
0.
-0.0620493
0.189331
0.205468
0.
-0.0521565
0.179734
0.164772
0.
-0.0576492
0.388556
0.00887679
0.
0.00149945
0.375602
0.00865374
0.
0.00773413
0.390725
-0.0209589
0.
0.00865368
0.397478
-0.0173205
0.
0.0066942
0.
0.
0.
-0.024913
0.
0.
0.
-0.0670084
0.317035
-0.0570527
0.
-0.0146846
0.318714
0.0890586
0.
0.00359873
0.32193
-0.0511463
0.
-0.0124932
0.322271
0.112735
0.
0.0185496
0.348477
0.0734279
0.
-0.00228073
0.322373
-0.103367
0.
0.014554
0.317244
0.0387737
0.
-0.0152708
0.320107
-0.0626793
0.
-0.00208285
0.
0.
0.
-0.125207
0.
0.
0.
0.00776608
0.
0.
0.
-0.0102151
0.
0.
0.
0.133799
0.
0.
0.
-0.050979
0.
0.
0.
-0.151257
0.
0.
0.
-0.220708
0.
0.
0.
0.0122444
0.
0.
0.
-0.0400909
0.
0.
0.
-0.0317763
0.
0.
0.
-0.163197
0.
0.
0.
0.0309855
0.
0.
0.
-0.0910727
0.
0.
0.
0.00336747
0.
0.
0.
0.111544
0.
0.
0.
0.00278261
0.
0.
0.
-0.00885475
0.
0.
0.
0.00990054
1.
0.
0.
0.0403953
0.395397
-0.00822806
-0.000264048
-0.00268594
0.380162
0.
-0.00399678
-0.0045106
0.268494
0.
-0.00316984
-0.0110456
0.29293
0.
0.0209259
0.0433239
0.377814
0.
0.00510753
-0.0100667
0.270205
0.
0.0148467
-0.00889429
0.305847
0.
-0.00545806
0.0498554
0.292698
0.0212764
0.
0.0482745
0.381923
0.0181279
0.
-0.00218331
0.25514
0.0199338
0.
-0.0150382
0.272896
0.00372831
0.
0.0451741
0.38303
0.0155516
0.
-0.00320774
0.263456
0.0176173
0.
-0.013294
0.249398
0.0236178
-0.0551837
-0.00446413
0.2488
-0.0253908
0.0234246
-0.0140363
0.369394
-0.0230953
-0.0779606
0.00345118
0.428184
-0.152664
-0.158714
0.109194
0.356785
0.144388
-0.164214
0.0707504
0.340722
-0.036321
0.0261174
0.023912
0.363134
0.126967
0.106493
0.0822543
0.28412
-0.0159359
-0.0301537
-0.00713564
0.408051
0.0019942
-0.0523208
0.00593013
0.256613
0.0215762
0.0326196
0.00535676
0.383961
0.0119857
0.0524194
0.00623074
0.319974
-0.124736
0.144824
0.0833119
0.411294
-0.00990537
-0.00433537
0.0157715
0.318521
0.0225067
0.0780647
-0.0799793
0.348509
0.0424503
0.148252
0.0725425
