Vec Object: 1 MPI process
  type: seq
0.
0.
0.
-0.1228
0.
0.
0.
0.0794269
0.156291
-0.167771
0.
-0.100615
0.168996
-0.177564
0.
-0.0866159
0.191845
0.201102
0.
-0.0674196
0.170882
0.168943
0.
-0.10232
0.385389
0.0120187
0.
0.0110325
0.374513
0.0106634
0.
0.00570581
0.388878
-0.0190327
0.
0.00579717
0.392913
-0.021663
0.
0.0190634
0.
0.
0.
-0.0474791
0.
0.
0.
-0.116734
0.300385
-0.0542054
0.
-0.0179133
0.322269
0.0859467
0.
0.000696402
0.305893
-0.049959
0.
-0.00130655
0.324965
0.116837
0.
0.0197848
0.331139
0.0657912
0.
0.0108271
0.324376
-0.10443
0.
0.0139199
0.301771
0.0448524
0.
-0.0272101
0.321507
-0.0623364
0.
-0.00543387
0.
0.
0.
-0.125421
0.
0.
0.
-0.0462647
0.
0.
0.
0.049638
0.
0.
0.
0.0648472
0.
0.
0.
-0.0988561
0.
0.
0.
-0.13177
0.
0.
0.
-0.121454
0.
0.
0.
0.12779
0.
0.
0.
0.0850484
0.
0.
0.
0.0403914
0.
0.
0.
-0.121543
0.
0.
0.
0.0397351
0.
0.
0.
-0.0130833
0.
0.
0.
-0.0122396
0.
0.
0.
0.264259
0.
0.
0.
0.155313
0.
0.
0.
0.067886
0.
0.
0.
-0.00170976
1.
0.
0.
0.0507973
0.401902
-0.0085411
-0.00104611
-0.00173733
0.375959
0.
-0.00215211
-0.00261147
0.276151
0.
-0.000543646
-0.0243628
0.333633
0.
0.0135624
0.067625
0.379599
0.
0.00286712
-0.010758
0.278745
0.
0.00999133
-0.0287938
0.338895
0.
-0.00762551
0.0890398
0.341582
0.0132902
0.
0.0945418
0.378805
0.020348
0.
-0.000362285
0.263652
0.0244217
0.
-0.0294529
0.31704
-0.00241227
0.
0.0860267
0.383485
0.0116795
0.
-0.00298224
0.270595
0.0128695
0.
-0.0341156
0.244026
0.0141479
-0.0486602
-0.0242507
0.248203
-0.0211369
0.0214169
-0.0463235
0.349162
-0.0305499
-0.0418302
0.0247468
0.425454
-0.101582
-0.123625
0.168665
0.361568
0.0966729
-0.124626
0.123821
0.318397
0.01262
0.0269416
0.056563
0.352102
0.0942889
0.0739025
0.145092
0.254665
-0.0104866
-0.0270902
-0.0104289
0.375218
0.000980327
-0.0303611
0.0269519
0.257951
0.0154004
0.0277017
-0.0240296
0.336584
-0.00881698
0.0268963
0.0325817
0.309677
-0.0850279
0.116523
0.130462
0.366343
-0.00318856
-0.0119156
0.0491133
0.289537
-0.0414594
0.0453285
-0.0300102
0.335083
0.0227865
0.119883
0.134739
