Vec Object: 1 MPI process
  type: seq
0.
0.
0.
-0.0804453
0.
0.
0.
0.0190746
0.169175
-0.167817
0.
-0.0507549
0.175489
-0.179751
0.
-0.0533384
0.189642
0.207188
0.
-0.0446916
0.182513
0.163771
0.
-0.0419845
0.389606
0.0084256
0.
-0.000425584
0.37647
0.00753635
0.
0.0094872
0.392257
-0.0218133
0.
0.00933643
0.399051
-0.0162747
0.
0.00362884
0.
0.
0.
-0.0187279
0.
0.
0.
-0.0562988
0.324021
-0.0578545
0.
-0.0120417
0.316781
0.0899168
0.
0.00303468
0.329127
-0.0504488
0.
-0.0148975
0.321275
0.109847
0.
0.0158848
0.356074
0.0754891
0.
-0.00482393
0.321729
-0.101862
0.
0.0125013
0.323067
0.0362097
0.
-0.0104822
0.320351
-0.0620257
0.
-0.0031027
0.
0.
0.
-0.108113
0.
0.
0.
0.0241324
0.
0.
0.
-0.0130782
0.
0.
0.
0.152054
0.
0.
0.
-0.0401822
0.
0.
0.
-0.139381
0.
0.
0.
-0.232162
0.
0.
0.
-0.0107246
0.
0.
0.
-0.064414
0.
0.
0.
-0.0381859
0.
0.
0.
-0.146461
0.
0.
0.
0.037037
0.
0.
0.
-0.0955052
0.
0.
0.
0.0123431
0.
0.
0.
0.0672171
0.
0.
0.
-0.0335589
0.
0.
0.
-0.0125045
0.
0.
0.
0.0111022
1.
0.
0.
0.0338637
0.391128
-0.00790058
0.000163361
-0.00120875
0.382485
0.
-0.00463892
-0.0055816
0.265598
0.
-0.0043676
-0.0073709
0.275446
0.
0.0241556
0.0353719
0.376401
0.
0.00569366
-0.00977295
0.266007
0.
0.0169225
-0.00250286
0.290827
0.
-0.00405591
0.0362952
0.270799
0.0242765
0.
0.0338473
0.383886
0.0172542
0.
-0.00321805
0.252385
0.0169258
0.
-0.011204
0.252246
0.00774155
0.
0.0336393
0.382366
0.016623
0.
-0.00363005
0.260815
0.0185207
0.
-0.00735273
0.252096
0.0265117
-0.0540792
-0.00044948
0.248914
-0.024014
0.0217514
-0.00484118
0.372032
-0.0209937
-0.0941478
-0.00285986
0.434682
-0.170434
-0.172741
0.0894864
0.36274
0.161274
-0.179769
0.0548558
0.333855
-0.0566325
0.023014
0.0146152
0.369781
0.135214
0.120227
0.0641281
0.296928
-0.0159939
-0.0310767
-0.00746299
0.412173
0.00214328
-0.0584351
-0.0001046
0.254046
0.0187888
0.0333077
0.0143673
0.403577
0.0219314
0.0660166
-0.000139506
0.330465
-0.138786
0.154421
0.0697766
0.42527
-0.0112384
-0.00050437
0.00761684
0.312182
0.0550411
0.0882181
-0.0805946
0.358571
0.048561
0.155019
0.0561609
