Vec Object: 1 MPI process
  type: seq
0.
0.
0.
-0.0915771
0.
0.
0.
0.222015
0.145787
-0.167198
0.
-0.129272
0.161974
-0.176615
0.
-0.10691
0.201888
0.191587
0.
-0.0509368
0.161336
0.172581
0.
-0.137622
0.374387
0.0234676
0.
0.0660242
0.367399
0.0195518
0.
0.0448369
0.380569
-0.0237958
0.
0.0493097
0.380786
-0.0335584
0.
0.0741236
0.
0.
0.
-0.0738016
0.
0.
0.
-0.187593
0.280989
-0.0500916
0.
-0.0322505
0.325657
0.0738989
0.
-0.0390865
0.288104
-0.0481632
0.
-0.00623837
0.328427
0.107731
0.
-0.0219624
0.312088
0.0581538
0.
0.00798987
0.327163
-0.0925301
0.
-0.0294839
0.281426
0.0503583
0.
-0.0458474
0.323725
-0.0539507
0.
-0.0513016
0.
0.
0.
-0.020852
0.
0.
0.
-0.0909819
0.
0.
0.
0.207724
0.
0.
0.
0.0177255
0.
0.
0.
-0.148514
0.
0.
0.
-0.000964598
0.
0.
0.
0.112915
0.
0.
0.
0.349034
0.
0.
0.
0.322261
0.
0.
0.
0.213094
0.
0.
0.
0.0787731
0.
0.
0.
0.103367
0.
0.
0.
0.181185
0.
0.
0.
-0.00930138
0.
0.
0.
0.498421
0.
0.
0.
0.417245
0.
0.
0.
0.27128
0.
0.
0.
-0.0226533
1.
0.
0.
0.0775686
0.401462
-0.00834767
-0.00162196
0.0535663
0.378121
0.
-8.61507e-05
-0.00891126
0.28325
0.
0.00169675
-0.079162
0.378338
0.
0.00660675
0.108391
0.387132
0.
0.000148391
-0.0130474
0.284875
0.
0.00540263
-0.0877578
0.369986
0.
-0.00841194
0.146161
0.390729
0.00482136
0.
0.159051
0.38309
0.0205838
0.
-0.00680193
0.272288
0.0246855
0.
-0.0850496
0.360094
-0.00362356
0.
0.160031
0.391417
0.00694691
0.
-0.0046062
0.277556
0.0071699
0.
-0.0961059
0.237647
0.00125152
-0.0315944
-0.0740816
0.245808
-0.0112497
0.0127616
-0.11806
0.309025
-0.035695
-0.0146148
0.0466207
0.441134
-0.0405744
-0.0807106
0.256876
0.385017
0.039469
-0.0798767
0.201717
0.250983
0.0393829
0.0170493
0.10314
0.346921
0.0434685
0.0455942
0.246839
0.223207
0.00202447
-0.0212848
-0.0275705
0.309437
-0.000855791
-0.00894553
0.057517
0.25246
-0.00293699
0.0172876
-0.0820396
0.281153
-0.0229278
0.0118233
0.0725191
0.315157
-0.0357401
0.0775401
0.208156
0.307505
0.00494112
-0.0115453
0.0960856
0.199962
-0.0574835
0.0164745
0.114515
0.330331
-0.00114149
0.0758781
0.24313
