Vec Object: 1 MPI process
  type: seq
0.
0.
0.
-0.103475
0.
0.
0.
0.0284407
0.164186
-0.167182
0.
-0.0697063
0.172944
-0.178283
0.
-0.0662576
0.189498
0.20466
0.
-0.0555069
0.178221
0.165441
0.
-0.0657651
0.388047
0.00926168
0.
0.00266918
0.375379
0.00902638
0.
0.00679316
0.390238
-0.0205499
0.
0.00798673
0.396711
-0.0179643
0.
0.00843339
0.
0.
0.
-0.0289711
0.
0.
0.
-0.0746975
0.3138
-0.0566817
0.
-0.0159052
0.319504
0.0886431
0.
0.00373383
0.318704
-0.0512259
0.
-0.0108742
0.322782
0.113924
0.
0.0196458
0.345017
0.072219
0.
-0.000442822
0.322729
-0.103931
0.
0.0153079
0.314406
0.0400431
0.
-0.0178206
0.320226
-0.0628632
0.
-0.00181786
0.
0.
0.
-0.131062
0.
0.
0.
-0.00218075
0.
0.
0.
-0.00494121
0.
0.
0.
0.12131
0.
0.
0.
-0.0589244
0.
0.
0.
-0.153912
0.
0.
0.
-0.209841
0.
0.
0.
0.0279171
0.
0.
0.
-0.0231883
0.
0.
0.
-0.0244209
0.
0.
0.
-0.165233
0.
0.
0.
0.0293458
0.
0.
0.
-0.083767
0.
0.
0.
-0.000834764
0.
0.
0.
0.136403
0.
0.
0.
0.0253897
0.
0.
0.
-0.00206322
0.
0.
0.
0.00819058
1.
0.
0.
0.0430645
0.397047
-0.00831995
-0.000429989
-0.00326388
0.379145
0.
-0.0036589
-0.00393776
0.269961
0.
-0.00262949
-0.0130273
0.300898
0.
0.019432
0.0474194
0.378235
0.
0.00474567
-0.0100836
0.272046
0.
0.0138851
-0.0122303
0.312585
0.
-0.00597606
0.0568419
0.30256
0.0197543
0.
0.056143
0.381094
0.0185803
0.
-0.00162612
0.25669
0.0210728
0.
-0.0171923
0.281946
0.00216526
0.
0.0516588
0.383142
0.014915
0.
-0.00296585
0.264789
0.0169027
0.
-0.0165629
0.248211
0.022064
-0.0548605
-0.00735466
0.248681
-0.0252394
0.0236585
-0.0193299
0.366889
-0.0243666
-0.0703932
0.00684108
0.426217
-0.143395
-0.152069
0.119547
0.355861
0.13569
-0.156645
0.0795787
0.340361
-0.0260194
0.0270952
0.0290641
0.360412
0.121944
0.0998648
0.0923998
0.278201
-0.0155211
-0.0296816
-0.00748873
0.404106
0.00187464
-0.0485204
0.00916735
0.25734
0.0216554
0.0320617
0.000216968
0.374818
0.00749232
0.0466004
0.0099686
0.316447
-0.117544
0.139879
0.0908306
0.403565
-0.00887889
-0.00614518
0.0206787
0.317746
0.00737664
0.0720593
-0.0762817
0.344855
0.0390174
0.143925
0.0820939
