Vec Object: 1 MPI process
  type: seq
0.
0.
0.
-0.119808
0.
0.
0.
0.117061
0.152377
-0.168271
0.
-0.115147
0.166601
-0.177655
0.
-0.0970734
0.193693
0.199217
0.
-0.0702205
0.167301
0.170658
0.
-0.118736
0.383501
0.0140819
0.
0.0186401
0.373575
0.0120149
0.
0.00913291
0.387934
-0.0189029
0.
0.00826445
0.390558
-0.0240136
0.
0.027281
0.
0.
0.
-0.0541048
0.
0.
0.
-0.13656
0.294455
-0.0523878
0.
-0.0170076
0.323313
0.08371
0.
-0.00466399
0.300418
-0.0486548
0.
0.0036638
0.325933
0.116327
0.
0.0149508
0.325214
0.062505
0.
0.0163324
0.325141
-0.102973
0.
0.00844065
0.295793
0.0463348
0.
-0.029683
0.322223
-0.0610481
0.
-0.0119209
0.
0.
0.
-0.10372
0.
0.
0.
-0.0619707
0.
0.
0.
0.0908563
0.
0.
0.
0.0454883
0.
0.
0.
-0.114839
0.
0.
0.
-0.102042
0.
0.
0.
-0.0601464
0.
0.
0.
0.188616
0.
0.
0.
0.150751
0.
0.
0.
0.0863604
0.
0.
0.
-0.0742132
0.
0.
0.
0.0551885
0.
0.
0.
0.0382292
0.
0.
0.
-0.0121193
0.
0.
0.
0.331422
0.
0.
0.
0.229013
0.
0.
0.
0.12011
0.
0.
0.
-0.00549801
1.
0.
0.
0.0531393
0.402983
-0.00859767
-0.00129593
0.00390109
0.375442
0.
-0.00149263
-0.00340088
0.278637
0.
0.000256754
-0.032839
0.348121
0.
0.0112054
0.0785035
0.380652
0.
0.00195799
-0.0118435
0.281096
0.
0.00839737
-0.0390912
0.349687
0.
-0.00811667
0.104885
0.357977
0.0105173
0.
0.113516
0.378775
0.020839
0.
-0.0012051
0.266576
0.0251659
0.
-0.038367
0.331598
-0.00347305
0.
0.105228
0.384309
0.0101157
0.
-0.00389651
0.273022
0.0109127
0.
-0.0453521
0.242298
0.0101177
-0.0440604
-0.0334901
0.247824
-0.0182778
0.0191761
-0.0611092
0.338298
-0.0331406
-0.0315427
0.0347413
0.428665
-0.0825075
-0.110601
0.192953
0.367689
0.0788471
-0.110572
0.146294
0.300793
0.0250386
0.0248353
0.0721007
0.349979
0.0794494
0.0639168
0.173495
0.244769
-0.00677705
-0.0255685
-0.0114985
0.357262
0.000408173
-0.0226669
0.0376218
0.257057
0.0101568
0.0248485
-0.0355927
0.319546
-0.014495
0.0206295
0.0466417
0.310052
-0.0699109
0.104979
0.152263
0.348465
-0.000468182
-0.0130121
0.0653322
0.266499
-0.0531449
0.0346911
0.00735962
0.332945
0.0152377
0.107027
0.164485
