Vec Object: 1 MPI process
  type: seq
0.
0.
0.
-0.102218
0.
0.
0.
0.0273777
0.164469
-0.167187
0.
-0.0685973
0.173074
-0.178341
0.
-0.065544
0.189458
0.204795
0.
-0.0549566
0.178481
0.165323
0.
-0.0643855
0.388134
0.00919046
0.
0.00245988
0.375412
0.00896796
0.
0.00694665
0.390311
-0.0206185
0.
0.00810824
0.396841
-0.0178506
0.
0.00812785
0.
0.
0.
-0.0282584
0.
0.
0.
-0.0733144
0.314339
-0.056746
0.
-0.0157106
0.319376
0.0887151
0.
0.00372251
0.319237
-0.051223
0.
-0.0111637
0.322696
0.113734
0.
0.0194763
0.34559
0.0724307
0.
-0.000776449
0.322668
-0.103845
0.
0.0151972
0.314885
0.0398305
0.
-0.0173898
0.320198
-0.0628387
0.
-0.00184607
0.
0.
0.
-0.130229
0.
0.
0.
-0.000453706
0.
0.
0.
-0.00601648
0.
0.
0.
0.123504
0.
0.
0.
-0.057504
0.
0.
0.
-0.153641
0.
0.
0.
-0.211918
0.
0.
0.
0.0250782
0.
0.
0.
-0.0262567
0.
0.
0.
-0.0258585
0.
0.
0.
-0.165197
0.
0.
0.
0.0295374
0.
0.
0.
-0.0852368
0.
0.
0.
-0.000149928
0.
0.
0.
0.132084
0.
0.
0.
0.0213751
0.
0.
0.
-0.00344973
0.
0.
0.
0.00851523
1.
0.
0.
0.0426391
0.396786
-0.00830648
-0.000403252
-0.00317868
0.37931
0.
-0.0037165
-0.00403287
0.269713
0.
-0.00271883
-0.0126839
0.299575
0.
0.0196795
0.0467182
0.378172
0.
0.0048093
-0.0100824
0.271744
0.
0.0140452
-0.0116606
0.311474
0.
-0.005894
0.0556534
0.30093
0.020011
0.
0.0547865
0.381227
0.0185039
0.
-0.00171872
0.256424
0.0208927
0.
-0.0168174
0.280458
0.00241294
0.
0.0505293
0.383129
0.0150263
0.
-0.00300453
0.264563
0.0170321
0.
-0.0159965
0.248404
0.0223333
-0.0549503
-0.00683105
0.248701
-0.0252941
0.0236429
-0.0184091
0.367359
-0.0241442
-0.0716458
0.00625568
0.426496
-0.144973
-0.153181
0.117775
0.355942
0.137167
-0.157915
0.0780499
0.340573
-0.0277405
0.0269578
0.0281701
0.360847
0.122831
0.100968
0.0906369
0.279182
-0.0156111
-0.0297635
-0.00740953
0.404852
0.00189702
-0.0491844
0.0086067
0.257236
0.021692
0.0321675
0.00110586
0.376343
0.00822999
0.0475438
0.00930794
0.316978
-0.118765
0.140723
0.0895231
0.404898
-0.00906411
-0.00584858
0.01981
0.318047
0.00984763
0.0730952
-0.0770754
0.345423
0.0396088
0.144693
0.0804168
