Vec Object: 1 MPI process
  type: seq
0.
0.
0.
-0.0898826
0.
0.
0.
0.228009
0.14571
-0.166879
0.
-0.127983
0.161937
-0.176339
0.
-0.105604
0.202688
0.190847
0.
-0.0474881
0.161286
0.172442
0.
-0.136591
0.373501
0.0243588
0.
0.071171
0.366749
0.0203161
0.
0.049069
0.379723
-0.0244921
0.
0.0545737
0.379886
-0.0344373
0.
0.0791496
0.
0.
0.
-0.0760449
0.
0.
0.
-0.19162
0.280202
-0.0503145
0.
-0.0354026
0.32581
0.0730535
0.
-0.0426063
0.287383
-0.0485563
0.
-0.00935039
0.328606
0.106812
0.
-0.0258368
0.311331
0.0582856
0.
0.00527337
0.32731
-0.0915176
0.
-0.0333685
0.280554
0.050849
0.
-0.0484671
0.323802
-0.0533059
0.
-0.0552053
0.
0.
0.
-0.0155861
0.
0.
0.
-0.0932002
0.
0.
0.
0.214536
0.
0.
0.
0.0161312
0.
0.
0.
-0.151121
0.
0.
0.
0.00536807
0.
0.
0.
0.123475
0.
0.
0.
0.358519
0.
0.
0.
0.332278
0.
0.
0.
0.220424
0.
0.
0.
0.0885022
0.
0.
0.
0.10577
0.
0.
0.
0.18956
0.
0.
0.
-0.00993163
0.
0.
0.
0.508416
0.
0.
0.
0.428376
0.
0.
0.
0.280615
0.
0.
0.
-0.0250042
1.
0.
0.
0.0813157
0.401114
-0.00829938
-0.0016212
0.059313
0.378512
0.
-7.21135e-06
-0.00930813
0.28349
0.
0.0017621
-0.0840656
0.379775
0.
0.00637469
0.110381
0.387801
0.
6.65099e-05
-0.0128031
0.285046
0.
0.00526211
-0.0926985
0.370816
0.
-0.00838851
0.148912
0.392244
0.00453628
0.
0.161865
0.383615
0.0204961
0.
-0.00718654
0.272591
0.0245501
0.
-0.0898786
0.361366
-0.0035308
0.
0.163809
0.392198
0.00680102
0.
-0.00432165
0.277784
0.00701388
0.
-0.101139
0.237335
0.00081494
-0.0308441
-0.0785704
0.245637
-0.0108594
0.0123728
-0.123495
0.307165
-0.035563
-0.0138956
0.0456768
0.441923
-0.0382495
-0.0789957
0.261324
0.385991
0.0372851
-0.0781733
0.205181
0.247836
0.0396084
0.0165235
0.103868
0.346695
0.041384
0.0447207
0.251341
0.221993
0.0023907
-0.0210057
-0.0303049
0.306464
-0.000905279
-0.00834002
0.0575992
0.252104
-0.0035498
0.0168333
-0.0869991
0.278946
-0.0231872
0.0115189
0.0726156
0.31548
-0.0337954
0.0759496
0.211445
0.305148
0.00520454
-0.0113018
0.0967186
0.195736
-0.0569566
0.0156922
0.12058
0.33014
-0.00203443
0.0740705
0.247969
