Vec Object: 1 MPI process
  type: seq
0.
0.
0.
-0.120884
0.
0.
0.
0.0617511
0.158472
-0.167509
0.
-0.0921818
0.17019
-0.177613
0.
-0.0808586
0.191014
0.202067
0.
-0.0648273
0.172895
0.167969
0.
-0.0926785
0.386214
0.0111089
0.
0.00809165
0.374825
0.0101337
0.
0.00518709
0.389225
-0.0193378
0.
0.00585825
0.39403
-0.0205414
0.
0.0156117
0.
0.
0.
-0.0430154
0.
0.
0.
-0.105207
0.303821
-0.0550536
0.
-0.0180517
0.321624
0.0868741
0.
0.0023488
0.309104
-0.050531
0.
-0.00416228
0.324406
0.116521
0.
0.0208271
0.334625
0.0676231
0.
0.0075071
0.323941
-0.104699
0.
0.0153514
0.305129
0.0437797
0.
-0.0252712
0.321109
-0.0627303
0.
-0.00340523
0.
0.
0.
-0.132376
0.
0.
0.
-0.0356099
0.
0.
0.
0.0304338
0.
0.
0.
0.0783825
0.
0.
0.
-0.0886268
0.
0.
0.
-0.143271
0.
0.
0.
-0.150907
0.
0.
0.
0.0969758
0.
0.
0.
0.0516725
0.
0.
0.
0.0184306
0.
0.
0.
-0.141218
0.
0.
0.
0.0339106
0.
0.
0.
-0.0374307
0.
0.
0.
-0.0107203
0.
0.
0.
0.22807
0.
0.
0.
0.116831
0.
0.
0.
0.0434075
0.
0.
0.
0.000798722
1.
0.
0.
0.0493344
0.400958
-0.00849649
-0.000893399
-0.00312808
0.376558
0.
-0.00254182
-0.00263791
0.274607
0.
-0.00104619
-0.0207554
0.325244
0.
0.0150018
0.0619077
0.379202
0.
0.00338632
-0.0103804
0.277195
0.
0.0109618
-0.0239655
0.332399
0.
-0.00726876
0.0803367
0.331844
0.0149331
0.
0.0839969
0.379153
0.0199531
0.
-0.000368868
0.261873
0.0237721
0.
-0.0255959
0.308349
-0.00152782
0.
0.0760711
0.383298
0.0125698
0.
-0.00272342
0.269113
0.0139961
0.
-0.0288514
0.245019
0.0163694
-0.0508849
-0.0193931
0.248342
-0.0225798
0.0224181
-0.0387075
0.3547
-0.0289315
-0.048525
0.0194754
0.424539
-0.112584
-0.13105
0.155275
0.35888
0.106934
-0.132834
0.111502
0.326711
0.00390294
0.0276296
0.0484773
0.353755
0.102272
0.0801623
0.130032
0.260528
-0.0122693
-0.0278634
-0.00970429
0.384338
0.00126949
-0.0350726
0.0215693
0.258141
0.0178584
0.0291225
-0.0176176
0.346426
-0.00506762
0.0312211
0.0255325
0.310318
-0.0936482
0.122905
0.119015
0.376433
-0.00476512
-0.0108215
0.0405951
0.30026
-0.0317415
0.0520167
-0.046968
0.336865
0.0271246
0.126814
0.119284
