Vec Object: 1 MPI process
  type: seq
0.
0.
0.
-0.0752257
0.
0.
0.
0.294559
0.151091
-0.158019
0.
-0.0572978
0.167359
-0.167967
0.
-0.0355102
0.217786
0.176853
0.
0.0488443
0.167123
0.165344
0.
-0.0666695
0.358861
0.0388966
0.
0.148839
0.355757
0.033069
0.
0.11267
0.364606
-0.0377273
0.
0.140226
0.365309
-0.0486899
0.
0.154821
0.
0.
0.
-0.119182
0.
0.
0.
-0.255941
0.270682
-0.0597484
0.
-0.108702
0.327981
0.0598324
0.
-0.113041
0.278652
-0.0611805
0.
-0.0865604
0.331267
0.0911564
0.
-0.102975
0.302223
0.0662385
0.
-0.0592949
0.329524
-0.0749226
0.
-0.109672
0.269804
0.0621564
0.
-0.106978
0.324649
-0.0430469
0.
-0.130826
0.
0.
0.
0.0445662
0.
0.
0.
-0.13079
0.
0.
0.
0.291504
0.
0.
0.
-0.00702575
0.
0.
0.
-0.193904
0.
0.
0.
0.0789002
0.
0.
0.
0.250175
0.
0.
0.
0.472818
0.
0.
0.
0.449932
0.
0.
0.
0.302939
0.
0.
0.
0.205098
0.
0.
0.
0.125231
0.
0.
0.
0.284393
0.
0.
0.
-0.0302284
0.
0.
0.
0.638576
0.
0.
0.
0.564607
0.
0.
0.
0.396142
0.
0.
0.
-0.0727264
1.
0.
0.
0.187213
0.394147
-0.0072415
-0.00135619
0.149619
0.385689
0.
0.000924328
-0.0259688
0.286437
0.
0.00235384
-0.179754
0.390637
0.
0.00388793
0.151509
0.399155
0.
-0.000603949
-0.0168615
0.287005
0.
0.00389683
-0.186952
0.374761
0.
-0.00781882
0.200863
0.403508
0.00186557
0.
0.213067
0.392854
0.0187038
0.
-0.0233198
0.27619
0.0218969
0.
-0.182608
0.369995
-0.00154108
0.
0.229071
0.405729
0.00560549
0.
-0.00788696
0.280428
0.00600572
0.
-0.196397
0.233319
-0.00287295
-0.0223511
-0.165884
0.243234
-0.00670394
0.00799294
-0.222375
0.28394
-0.0299672
-0.00722769
0.0117196
0.449534
-0.0123202
-0.0593553
0.342165
0.394812
0.01316
-0.0590355
0.264174
0.209666
0.0373897
0.0102116
0.0989365
0.341604
0.0179555
0.0358759
0.318058
0.208013
0.00350639
-0.0175512
-0.0900686
0.270421
-0.000981744
-0.00276548
0.0439958
0.247462
-0.00711601
0.0115948
-0.182705
0.253063
-0.0238417
0.00920268
0.0530991
0.317293
-0.0115315
0.057738
0.260329
0.27751
0.00784773
-0.00745049
0.0914012
0.144777
-0.0466253
0.00860388
0.184268
0.325482
-0.0117632
0.053522
0.317386
