Vec Object: 1 MPI process
  type: seq
0.
0.
0.
-0.0767162
0.
0.
0.
0.289103
0.150145
-0.159109
0.
-0.0688626
0.166425
-0.169041
0.
-0.047019
0.216232
0.178295
0.
0.0356207
0.166126
0.166354
0.
-0.0783674
0.360084
0.037699
0.
0.14454
0.356674
0.0320126
0.
0.109526
0.365924
-0.0365543
0.
0.134948
0.366516
-0.0475209
0.
0.15069
0.
0.
0.
-0.115742
0.
0.
0.
-0.250891
0.271378
-0.0586202
0.
-0.101565
0.327806
0.0610061
0.
-0.104869
0.279291
-0.059749
0.
-0.0788397
0.331046
0.092614
0.
-0.0941388
0.302886
0.0652547
0.
-0.0530302
0.329339
-0.0764345
0.
-0.10097
0.270598
0.0609845
0.
-0.101508
0.324588
-0.0439666
0.
-0.122252
0.
0.
0.
0.0395863
0.
0.
0.
-0.128112
0.
0.
0.
0.285261
0.
0.
0.
-0.00593061
0.
0.
0.
-0.19078
0.
0.
0.
0.0728992
0.
0.
0.
0.240036
0.
0.
0.
0.463346
0.
0.
0.
0.440517
0.
0.
0.
0.296368
0.
0.
0.
0.195849
0.
0.
0.
0.123561
0.
0.
0.
0.276996
0.
0.
0.
-0.0287727
0.
0.
0.
0.626934
0.
0.
0.
0.553321
0.
0.
0.
0.386349
0.
0.
0.
-0.0687413
1.
0.
0.
0.172671
0.394771
-0.00734919
-0.00139132
0.144116
0.385041
0.
0.000859112
-0.0222636
0.286222
0.
0.0023238
-0.169698
0.390383
0.
0.0040488
0.145386
0.398164
0.
-0.000576325
-0.0143335
0.286872
0.
0.00397491
-0.17722
0.374959
0.
-0.00787319
0.193924
0.403259
0.00200278
0.
0.206264
0.392038
0.0188862
0.
-0.0196757
0.275938
0.0221572
0.
-0.172925
0.369908
-0.00173118
0.
0.221168
0.404542
0.00565367
0.
-0.00538081
0.280247
0.00602003
0.
-0.186572
0.23363
-0.00271792
-0.0229118
-0.157673
0.243432
-0.00696616
0.00828008
-0.212828
0.285644
-0.0306264
-0.00759765
0.0147026
0.449177
-0.0140002
-0.0606831
0.332329
0.394435
0.0146966
-0.0603089
0.256879
0.212379
0.0378275
0.0106475
0.0991938
0.34218
0.0194736
0.0364141
0.310706
0.208974
0.00365093
-0.0178009
-0.0846459
0.272986
-0.00101598
-0.00306815
0.0450208
0.247816
-0.00712876
0.0119493
-0.173604
0.254865
-0.0239483
0.00930177
0.0549782
0.31736
-0.0130099
0.0589681
0.254491
0.279441
0.00769081
-0.00776502
0.0915356
0.148369
-0.0475433
0.00897851
0.179367
0.326029
-0.0111686
0.0548958
0.31001
