Vec Object: 1 MPI process
  type: seq
0.
0.
0.
0.760931
0.
0.
0.
1.38722
0.280351
-0.0375293
0.
2.44249
0.297647
-0.0423129
0.
2.45087
0.343342
0.0593531
0.
2.48685
0.298634
0.0396759
0.
2.41925
0.390302
-0.00090115
0.
-1.53472
0.389451
-0.00722985
0.
-1.55751
0.39494
0.002097
0.
-1.53001
0.396338
-0.00642138
0.
-1.53442
0.
0.
0.
0.437011
0.
0.
0.
0.17642
0.245028
-0.0728237
0.
0.147594
0.329568
-0.00421765
0.
-1.36206
0.255287
-0.0759158
0.
0.159632
0.333397
0.00583214
0.
-1.39611
0.278452
0.0763135
0.
0.186488
0.331224
0.0107575
0.
-1.39321
0.242527
0.071271
0.
0.245618
0.329658
0.00855738
0.
-1.39321
0.
0.
0.
1.04788
0.
0.
0.
0.502421
0.
0.
0.
1.41952
0.
0.
0.
0.757837
0.
0.
0.
0.379918
0.
0.
0.
1.12099
0.
0.
0.
1.51437
0.
0.
0.
1.82353
0.
0.
0.
1.72823
0.
0.
0.
1.41322
0.
0.
0.
1.36783
0.
0.
0.
0.995458
0.
0.
0.
1.3974
0.
0.
0.
0.688742
0.
0.
0.
2.29132
0.
0.
0.
2.02383
0.
0.
0.
1.8115
0.
0.
0.
0.465928
1.
0.
0.
2.7868
0.419109
-0.00364684
-0.000417271
-1.53747
0.387841
0.
0.00187142
-1.50524
0.283724
0.
0.00271213
-1.05302
0.328486
0.
0.000986822
1.93012
0.400804
0.
-0.000658397
-1.49801
0.281235
0.
0.00326185
-0.974081
0.309994
0.
-0.00649374
1.92945
0.338793
0.000658937
0.
1.93011
0.392661
0.004997
0.
-1.5048
0.274372
0.00603862
0.
-1.03721
0.304409
0.000716015
0.
1.97021
0.403717
0.00578592
0.
-1.49811
0.276153
0.00725356
0.
-1.00232
0.215081
-0.00566362
-0.0114653
-0.107671
0.228221
0.00101462
0.00309419
-0.640499
0.244665
-0.0185499
-0.00119686
0.76165
0.433969
-0.00925498
-0.0334034
2.33308
0.373522
0.0159371
-0.0348224
1.95078
0.15401
0.0205374
0.00373899
0.946965
0.29903
0.0141157
0.025379
1.91152
0.183626
0.00607978
-0.0110433
0.353635
0.218557
0.00272538
0.00318204
0.816094
0.228091
-0.00941431
0.00500369
-0.236355
0.217382
-0.0187657
0.00792533
0.790145
0.289499
-0.0111835
0.0333982
1.80849
0.233424
0.00921068
-0.00246288
1.00079
0.0724223
-0.015988
0.00491585
1.21003
0.283166
0.00625846
0.0287876
1.86243
