Vec Object: 1 MPI process
  type: seq
0.
0.
0.
-0.0766135
0.
0.
0.
0.0195077
0.170219
-0.16814
0.
-0.0471423
0.176164
-0.1802
0.
-0.0504879
0.189973
0.207752
0.
-0.042215
0.183265
0.163621
0.
-0.0375682
0.389942
0.00840808
0.
-0.000903702
0.376926
0.00702705
0.
0.00983922
0.392928
-0.0220947
0.
0.00927493
0.39955
-0.0160432
0.
0.00279891
0.
0.
0.
-0.0176601
0.
0.
0.
-0.0546636
0.326346
-0.0581588
0.
-0.0113056
0.316057
0.0902266
0.
0.00285419
0.331585
-0.0500548
0.
-0.0153172
0.321002
0.108816
0.
0.01501
0.358624
0.0759989
0.
-0.00522367
0.321565
-0.101301
0.
0.0117811
0.324913
0.0354497
0.
-0.00924528
0.320626
-0.0617426
0.
-0.00347635
0.
0.
0.
-0.102158
0.
0.
0.
0.027528
0.
0.
0.
-0.0120468
0.
0.
0.
0.154414
0.
0.
0.
-0.0389565
0.
0.
0.
-0.134573
0.
0.
0.
-0.232868
0.
0.
0.
-0.0153108
0.
0.
0.
-0.0690381
0.
0.
0.
-0.0379778
0.
0.
0.
-0.138454
0.
0.
0.
0.0391657
0.
0.
0.
-0.0941737
0.
0.
0.
0.0150028
0.
0.
0.
0.0555553
0.
0.
0.
-0.0418479
0.
0.
0.
-0.0112098
0.
0.
0.
0.0106549
1.
0.
0.
0.0315576
0.389491
-0.00773829
0.000335758
-0.00074616
0.383261
0.
-0.00481819
-0.00582657
0.264758
0.
-0.00477774
-0.00634118
0.269565
0.
0.0251968
0.0329912
0.375724
0.
0.00581896
-0.0095363
0.264566
0.
0.0176113
-0.000717097
0.285736
0.
-0.00346784
0.0324034
0.263405
0.0251275
0.
0.0299466
0.384566
0.0170099
0.
-0.00345099
0.251734
0.015723
0.
-0.010215
0.245025
0.00926936
0.
0.0305637
0.38197
0.0168716
0.
-0.00367687
0.260028
0.0185838
0.
-0.00575959
0.252945
0.027384
-0.0532047
0.000225019
0.248823
-0.0229623
0.0208619
-0.0025743
0.372031
-0.0205167
-0.0992269
-0.00461189
0.437432
-0.1754
-0.177253
0.0838703
0.366001
0.166097
-0.184537
0.0506393
0.329387
-0.0620503
0.0218332
0.0121675
0.372155
0.137151
0.124313
0.059321
0.301057
-0.0158851
-0.0313875
-0.00784137
0.412282
0.00216376
-0.0596405
-0.00180939
0.252831
0.0170513
0.0334523
0.0165767
0.410005
0.0251507
0.0707007
-0.00175976
0.334824
-0.142857
0.157223
0.0660894
0.428904
-0.0113478
0.000603843
0.00560994
0.308079
0.0645658
0.0903323
-0.0792103
0.362628
0.0500308
0.156406
0.0519826
