Vec Object: 1 MPI process
  type: seq
0.
0.
0.
-0.0790892
0.
0.
0.
0.0191404
0.169522
-0.167915
0.
-0.0495347
0.175705
-0.179893
0.
-0.0523994
0.189738
0.207374
0.
-0.0438738
0.18277
0.16371
0.
-0.0404806
0.389718
0.00841189
0.
-0.000591561
0.37661
0.00737749
0.
0.00961953
0.392469
-0.0219056
0.
0.00933295
0.399217
-0.0161918
0.
0.00334587
0.
0.
0.
-0.0183193
0.
0.
0.
-0.0556583
0.324786
-0.0579517
0.
-0.0117878
0.316548
0.0900161
0.
0.00297239
0.329932
-0.050328
0.
-0.0150576
0.321181
0.109511
0.
0.0155941
0.356912
0.0756663
0.
-0.00497952
0.321672
-0.10168
0.
0.0122642
0.323678
0.0359537
0.
-0.0100522
0.32043
-0.0619359
0.
-0.00322625
0.
0.
0.
-0.106133
0.
0.
0.
0.0253714
0.
0.
0.
-0.012823
0.
0.
0.
0.153061
0.
0.
0.
-0.0396429
0.
0.
0.
-0.137812
0.
0.
0.
-0.232544
0.
0.
0.
-0.0123882
0.
0.
0.
-0.0661127
0.
0.
0.
-0.0382232
0.
0.
0.
-0.14391
0.
0.
0.
0.0377532
0.
0.
0.
-0.0951935
0.
0.
0.
0.0132439
0.
0.
0.
0.0632054
0.
0.
0.
-0.0364903
0.
0.
0.
-0.0121819
0.
0.
0.
0.0110002
1.
0.
0.
0.0331082
0.390601
-0.00785054
0.000218128
-0.00105246
0.382742
0.
-0.00469996
-0.00566995
0.265314
0.
-0.00450162
-0.00702073
0.273513
0.
0.0245012
0.0345743
0.376192
0.
0.00573896
-0.0097044
0.265534
0.
0.017149
-0.00189269
0.289156
0.
-0.00387055
0.0349756
0.268369
0.0245665
0.
0.0325118
0.384109
0.017171
0.
-0.00330247
0.252153
0.0165428
0.
-0.0108613
0.24989
0.00823363
0.
0.0325861
0.382246
0.0167111
0.
-0.0036524
0.260551
0.0185555
0.
-0.00680568
0.252382
0.0268008
-0.0538162
-0.000194476
0.248895
-0.0237023
0.0214755
-0.00404929
0.37208
-0.0208245
-0.0958446
-0.00345772
0.435559
-0.172128
-0.174236
0.0875834
0.363742
0.162912
-0.181366
0.0534076
0.332493
-0.0585141
0.0226273
0.0137701
0.370556
0.135895
0.12161
0.0624783
0.298299
-0.0159592
-0.0311774
-0.00757773
0.412273
0.00215155
-0.0588819
-0.000683845
0.253668
0.0182604
0.0333566
0.0151407
0.4057
0.023002
0.0675552
-0.000700559
0.331852
-0.140164
0.155367
0.0685196
0.426526
-0.0112946
-0.000125603
0.00691967
0.310919
0.0582928
0.0889946
-0.0802021
0.359866
0.0490819
0.155524
0.0547187
