Vec Object: 1 MPI process
  type: seq
0.
0.
0.
-0.0753129
0.
0.
0.
0.019864
0.170639
-0.168294
0.
-0.0457524
0.176456
-0.180397
0.
-0.0493281
0.190143
0.207981
0.
-0.0412146
0.183547
0.163592
0.
-0.0359036
0.390076
0.00842207
0.
-0.00107628
0.37714
0.00679606
0.
0.00993787
0.393225
-0.0222107
0.
0.00920636
0.39975
-0.0159665
0.
0.00248568
0.
0.
0.
-0.0173721
0.
0.
0.
-0.0542531
0.327297
-0.0582911
0.
-0.0110377
0.315749
0.0903607
0.
0.00278987
0.332597
-0.0498715
0.
-0.0154312
0.320902
0.108385
0.
0.0146618
0.359667
0.0761826
0.
-0.00532564
0.321506
-0.101066
0.
0.0114892
0.325656
0.0351553
0.
-0.00880216
0.32077
-0.0616184
0.
-0.00362564
0.
0.
0.
-0.0998092
0.
0.
0.
0.0285963
0.
0.
0.
-0.011431
0.
0.
0.
0.154769
0.
0.
0.
-0.0388064
0.
0.
0.
-0.132606
0.
0.
0.
-0.232786
0.
0.
0.
-0.0167943
0.
0.
0.
-0.0704791
0.
0.
0.
-0.0376403
0.
0.
0.
-0.135015
0.
0.
0.
0.0399758
0.
0.
0.
-0.0933296
0.
0.
0.
0.0160161
0.
0.
0.
0.0512543
0.
0.
0.
-0.0447067
0.
0.
0.
-0.0104451
0.
0.
0.
0.01036
1.
0.
0.
0.0306124
0.388792
-0.00766313
0.000411343
-0.000569593
0.383574
0.
-0.00488594
-0.00590539
0.264437
0.
-0.0049478
-0.00595148
0.26716
0.
0.0256123
0.032057
0.375413
0.
0.00585942
-0.00941458
0.263975
0.
0.0178929
-5.08203e-05
0.283649
0.
-0.00320559
0.030921
0.260383
0.0254471
0.
0.028492
0.384844
0.0169176
0.
-0.00352477
0.251516
0.015198
0.
-0.00985755
0.242027
0.00992005
0.
0.029415
0.381779
0.0169566
0.
-0.00367683
0.259721
0.0185726
0.
-0.00517067
0.253269
0.0277378
-0.0527879
0.000418985
0.248753
-0.0224439
0.0204574
-0.00176987
0.371905
-0.0203535
-0.101225
-0.00526851
0.438622
-0.177261
-0.179063
0.0817249
0.367513
0.167928
-0.186403
0.0490775
0.327299
-0.0639836
0.0213525
0.0112766
0.373137
0.137831
0.125869
0.0575364
0.302703
-0.0158438
-0.0315196
-0.00801479
0.412168
0.00216808
-0.0600002
-0.00245478
0.252278
0.0162331
0.0335109
0.0173562
0.412604
0.0264281
0.0726121
-0.00234694
0.336721
-0.144414
0.158301
0.0646978
0.430224
-0.011339
0.00101502
0.00488474
0.306204
0.0681054
0.0909787
-0.078503
0.364388
0.0505279
0.156845
0.0504497
