Vec Object: 1 MPI process
  type: seq
0.
0.
0.
-0.0745498
0.
0.
0.
0.0201438
0.170912
-0.168401
0.
-0.0448701
0.176653
-0.180531
0.
-0.0485703
0.190265
0.208131
0.
-0.0405641
0.183723
0.163583
0.
-0.0348592
0.390163
0.00843808
0.
-0.0011822
0.377289
0.00663741
0.
0.00998758
0.393426
-0.0222874
0.
0.00914802
0.39988
-0.0159218
0.
0.00228842
0.
0.
0.
-0.0172287
0.
0.
0.
-0.054059
0.32792
-0.0583802
0.
-0.0108733
0.315543
0.0904514
0.
0.00275151
0.333261
-0.0497447
0.
-0.0154881
0.320841
0.108101
0.
0.014437
0.360351
0.0762957
0.
-0.00537412
0.321469
-0.100911
0.
0.0112993
0.32614
0.0349676
0.
-0.00853207
0.320873
-0.0615344
0.
-0.00372167
0.
0.
0.
-0.0983088
0.
0.
0.
0.0291973
0.
0.
0.
-0.0109789
0.
0.
0.
0.154809
0.
0.
0.
-0.0388145
0.
0.
0.
-0.131329
0.
0.
0.
-0.232625
0.
0.
0.
-0.0176512
0.
0.
0.
-0.0712906
0.
0.
0.
-0.0373515
0.
0.
0.
-0.132732
0.
0.
0.
0.0404798
0.
0.
0.
-0.0926968
0.
0.
0.
0.0166548
0.
0.
0.
0.0485834
0.
0.
0.
-0.0464183
0.
0.
0.
-0.00988628
0.
0.
0.
0.010135
1.
0.
0.
0.0299946
0.388326
-0.00761105
0.000462517
-0.000458515
0.383778
0.
-0.00492858
-0.00594997
0.264235
0.
-0.00506012
-0.00570636
0.265586
0.
0.0258807
0.0314573
0.375198
0.
0.00588255
-0.00932667
0.263589
0.
0.0180774
0.000364085
0.282282
0.
-0.00302638
0.0299855
0.258405
0.025647
0.
0.0275832
0.385027
0.0168594
0.
-0.00356596
0.251389
0.014843
0.
-0.00963854
0.24005
0.0103543
0.
0.0286957
0.381645
0.0170071
0.
-0.00367035
0.259526
0.0185537
0.
-0.00480507
0.253473
0.0279705
-0.0524987
0.000523075
0.248695
-0.0220769
0.0201807
-0.00128122
0.371783
-0.0202561
-0.102505
-0.00567877
0.43942
-0.178425
-0.180236
0.0803675
0.368558
0.16908
-0.187598
0.0481049
0.325859
-0.0651535
0.021041
0.0107294
0.373783
0.138242
0.126849
0.0564233
0.303765
-0.0158207
-0.0316083
-0.00813096
0.412047
0.00216961
-0.0601938
-0.00286016
0.251896
0.0156654
0.0335507
0.0178281
0.414295
0.0272497
0.0738597
-0.00270749
0.337998
-0.145398
0.158985
0.0638217
0.431036
-0.011316
0.00126929
0.00443823
0.304926
0.0702948
0.0913319
-0.0780056
0.365573
0.0508184
0.157094
0.0494985
