Vec Object: 1 MPI process
  type: seq
0.
0.
0.
-0.0784846
0.
0.
0.
0.281155
0.148875
-0.160653
0.
-0.0839049
0.165175
-0.170547
0.
-0.0619711
0.213945
0.180419
0.
0.0177842
0.164783
0.167747
0.
-0.0935619
0.362037
0.0357775
0.
0.136046
0.358144
0.0303156
0.
0.102869
0.368011
-0.0346943
0.
0.125001
0.368445
-0.0456422
0.
0.14246
0.
0.
0.
-0.109926
0.
0.
0.
-0.242573
0.272487
-0.0569474
0.
-0.090437
0.327529
0.0628005
0.
-0.0934124
0.280309
-0.0576105
0.
-0.0668715
0.330699
0.0948224
0.
-0.0816898
0.303944
0.0637991
0.
-0.0432327
0.329049
-0.0787352
0.
-0.0887094
0.271862
0.0592105
0.
-0.0928298
0.324492
-0.0453699
0.
-0.110159
0.
0.
0.
0.0323309
0.
0.
0.
-0.123376
0.
0.
0.
0.276067
0.
0.
0.
-0.00350741
0.
0.
0.
-0.18538
0.
0.
0.
0.0640342
0.
0.
0.
0.224713
0.
0.
0.
0.449242
0.
0.
0.
0.426362
0.
0.
0.
0.286611
0.
0.
0.
0.181837
0.
0.
0.
0.121479
0.
0.
0.
0.265878
0.
0.
0.
-0.0259628
0.
0.
0.
0.609852
0.
0.
0.
0.536427
0.
0.
0.
0.371835
0.
0.
0.
-0.0621194
1.
0.
0.
0.153018
0.395762
-0.0075116
-0.00144276
0.133757
0.384031
0.
0.000753514
-0.0180169
0.285875
0.
0.00227153
-0.154971
0.38976
0.
0.00431256
0.137625
0.39661
0.
-0.000525291
-0.011913
0.286652
0.
0.00410677
-0.162892
0.375082
0.
-0.00795741
0.184825
0.402633
0.00224224
0.
0.197358
0.39076
0.0191573
0.
-0.0155215
0.275528
0.0225488
0.
-0.158735
0.369553
-0.00202439
0.
0.210508
0.402679
0.00574364
0.
-0.00300648
0.279949
0.00606223
0.
-0.172112
0.234117
-0.00243241
-0.0238314
-0.144951
0.243738
-0.00739813
0.00875207
-0.198399
0.288373
-0.0316062
-0.00822299
0.0198394
0.448522
-0.0167799
-0.0628472
0.318972
0.393722
0.0172529
-0.0623906
0.24713
0.216757
0.0384487
0.0113576
0.100182
0.343016
0.0219874
0.0373075
0.300633
0.21053
0.00381264
-0.0182021
-0.0759388
0.277123
-0.00105607
-0.00358255
0.0471551
0.248375
-0.0070614
0.0125274
-0.159602
0.257781
-0.0240713
0.00947832
0.0583361
0.317383
-0.0154451
0.0609733
0.246766
0.282562
0.00742789
-0.00826367
0.0924188
0.154178
-0.0489752
0.00962096
0.172155
0.326816
-0.0101605
0.0571415
0.299809
