Vec Object: 1 MPI process
  type: seq
0.
0.
0.
-0.109162
0.
0.
0.
0.0344764
0.16281
-0.167191
0.
-0.0751236
0.172312
-0.178038
0.
-0.0697308
0.189751
0.204013
0.
-0.0580675
0.176942
0.166033
0.
-0.0724393
0.387627
0.00963797
0.
0.00375406
0.375243
0.00929325
0.
0.00611417
0.389928
-0.0202233
0.
0.00737668
0.396078
-0.018539
0.
0.00997931
0.
0.
0.
-0.0324945
0.
0.
0.
-0.0817411
0.311242
-0.0563545
0.
-0.0167517
0.320089
0.0882789
0.
0.0037037
0.316196
-0.0511836
0.
-0.00939637
0.323195
0.114769
0.
0.020349
0.342313
0.0711595
0.
0.00128476
0.323027
-0.104291
0.
0.0157255
0.3121
0.0410493
0.
-0.0198668
0.320393
-0.0629424
0.
-0.00179911
0.
0.
0.
-0.134096
0.
0.
0.
-0.0106388
0.
0.
0.
0.00128814
0.
0.
0.
0.110485
0.
0.
0.
-0.0660734
0.
0.
0.
-0.154136
0.
0.
0.
-0.198477
0.
0.
0.
0.0426431
0.
0.
0.
-0.00724536
0.
0.
0.
-0.016399
0.
0.
0.
-0.163635
0.
0.
0.
0.0289641
0.
0.
0.
-0.0753696
0.
0.
0.
-0.00394451
0.
0.
0.
0.157832
0.
0.
0.
0.0457766
0.
0.
0.
0.00597233
0.
0.
0.
0.00648049
1.
0.
0.
0.0449698
0.398215
-0.0083762
-0.00055334
-0.00358178
0.378389
0.
-0.00337989
-0.00350178
0.271149
0.
-0.00220976
-0.0147393
0.307157
0.
0.0182663
0.0508558
0.378506
0.
0.00442737
-0.0100941
0.273446
0.
0.0131271
-0.0150112
0.317803
0.
-0.00634603
0.0626047
0.310223
0.0185247
0.
0.0628119
0.380494
0.0189453
0.
-0.00120136
0.257985
0.0218783
0.
-0.0190643
0.288909
0.00105783
0.
0.0572856
0.383182
0.0143614
0.
-0.00280331
0.265877
0.0162399
0.
-0.0193747
0.247328
0.0207291
-0.054246
-0.010049
0.248589
-0.0248353
0.023609
-0.0238941
0.364377
-0.0254697
-0.0645188
0.00974056
0.425156
-0.135752
-0.146757
0.128199
0.355852
0.128543
-0.150579
0.0871331
0.338565
-0.0179109
0.0275995
0.0335092
0.358447
0.117471
0.0946568
0.101155
0.273578
-0.0149747
-0.0292721
-0.00795596
0.400092
0.00175426
-0.0452377
0.0119589
0.257743
0.0212263
0.0314859
-0.00414639
0.367568
0.00406264
0.0422728
0.0133301
0.314219
-0.111631
0.135767
0.0973367
0.397019
-0.00793404
-0.00750912
0.0250869
0.315382
-0.00395979
0.0670115
-0.0714748
0.342363
0.0361213
0.140039
0.0905214
