Vec Object: 1 MPI process
  type: seq
0.
0.
0.
-0.0819505
0.
0.
0.
0.0190955
0.168811
-0.167722
0.
-0.0520598
0.17527
-0.179608
0.
-0.0543192
0.189556
0.206994
0.
-0.0455465
0.182235
0.163846
0.
-0.0436035
0.389489
0.00844793
0.
-0.000243366
0.376335
0.00769331
0.
0.00933318
0.392046
-0.0217171
0.
0.00932266
0.398877
-0.0163681
0.
0.00393456
0.
0.
0.
-0.0192139
0.
0.
0.
-0.0570777
0.323224
-0.057756
0.
-0.0123173
0.317019
0.0898153
0.
0.00310174
0.328291
-0.0505655
0.
-0.0147077
0.321377
0.110194
0.
0.0161903
0.355201
0.075294
0.
-0.00463598
0.321791
-0.102048
0.
0.012748
0.322424
0.0364826
0.
-0.0109535
0.320281
-0.0621158
0.
-0.00297405
0.
0.
0.
-0.110186
0.
0.
0.
0.0227144
0.
0.
0.
-0.0132449
0.
0.
0.
0.150771
0.
0.
0.
-0.0408871
0.
0.
0.
-0.140991
0.
0.
0.
-0.231598
0.
0.
0.
-0.00882087
0.
0.
0.
-0.0624499
0.
0.
0.
-0.0380258
0.
0.
0.
-0.149012
0.
0.
0.
0.0362827
0.
0.
0.
-0.0956851
0.
0.
0.
0.0113793
0.
0.
0.
0.0715827
0.
0.
0.
-0.0302846
0.
0.
0.
-0.0127172
0.
0.
0.
0.0111595
1.
0.
0.
0.0346463
0.391665
-0.00794941
0.000108178
-0.00137516
0.382218
0.
-0.00457317
-0.00548191
0.265902
0.
-0.00422862
-0.00774763
0.277458
0.
0.0237924
0.0362188
0.376607
0.
0.00564222
-0.00983529
0.266498
0.
0.0166861
-0.00316116
0.292566
0.
-0.00424138
0.0377104
0.273328
0.0239642
0.
0.0352941
0.383655
0.0173439
0.
-0.00312248
0.252643
0.0173128
0.
-0.0115789
0.254682
0.00723945
0.
0.0347814
0.382479
0.0165247
0.
-0.00360013
0.261097
0.0184699
0.
-0.00794644
0.251792
0.0262066
-0.0543258
-0.000752066
0.248924
-0.0243037
0.0220208
-0.00571461
0.37193
-0.0211831
-0.0923549
-0.00221508
0.433799
-0.168607
-0.171171
0.0915278
0.36177
0.159516
-0.178077
0.0564296
0.335156
-0.0545766
0.0234125
0.0155362
0.36898
0.134458
0.118751
0.0659201
0.295487
-0.016026
-0.0309727
-0.00735633
0.411998
0.00213305
-0.0579181
0.000517697
0.254418
0.0192935
0.0332537
0.0135127
0.401357
0.0208059
0.0644177
0.000474434
0.329067
-0.137311
0.153411
0.071134
0.423897
-0.0111593
-0.0009121
0.00838355
0.313397
0.0515464
0.0873274
-0.0809274
0.357263
0.0479815
0.154441
0.0577371
