Vec Object: 1 MPI process
  type: seq
0.
0.
0.
-0.122691
0.
0.
0.
0.0767994
0.156598
-0.167732
0.
-0.099439
0.16917
-0.177566
0.
-0.0858004
0.191721
0.201239
0.
-0.0670919
0.171164
0.168806
0.
-0.100985
0.385512
0.0118826
0.
0.0105773
0.374564
0.0105817
0.
0.00558369
0.388931
-0.0190677
0.
0.00576071
0.393076
-0.0214994
0.
0.0185432
0.
0.
0.
-0.04689
0.
0.
0.
-0.115139
0.300859
-0.0543326
0.
-0.0179591
0.322182
0.0860885
0.
0.000976764
0.306334
-0.0500477
0.
-0.00171228
0.324888
0.116817
0.
0.0199926
0.331617
0.0660495
0.
0.0103616
0.324316
-0.104489
0.
0.0141809
0.302239
0.0447137
0.
-0.0269686
0.321451
-0.0624044
0.
-0.00509021
0.
0.
0.
-0.126627
0.
0.
0.
-0.0448543
0.
0.
0.
0.046775
0.
0.
0.
0.0666272
0.
0.
0.
-0.0974785
0.
0.
0.
-0.133611
0.
0.
0.
-0.125794
0.
0.
0.
0.123333
0.
0.
0.
0.0802246
0.
0.
0.
0.0371464
0.
0.
0.
-0.124607
0.
0.
0.
0.0387912
0.
0.
0.
-0.0166906
0.
0.
0.
-0.0121002
0.
0.
0.
0.259137
0.
0.
0.
0.149805
0.
0.
0.
0.0642449
0.
0.
0.
-0.00137803
1.
0.
0.
0.050611
0.401784
-0.00853529
-0.00102525
-0.00199277
0.37603
0.
-0.00220567
-0.00259623
0.275942
0.
-0.000611419
-0.0238213
0.332474
0.
0.013758
0.0668115
0.379538
0.
0.00293953
-0.0106944
0.278539
0.
0.0101236
-0.0280903
0.338008
0.
-0.00757911
0.0878191
0.340248
0.0135156
0.
0.0930638
0.37884
0.0202976
0.
-0.000343891
0.263409
0.0243411
0.
-0.0288767
0.315851
-0.00230195
0.
0.0846036
0.38345
0.0118037
0.
-0.00293376
0.270393
0.0130264
0.
-0.033346
0.244162
0.0144607
-0.0489887
-0.0235636
0.248225
-0.0213474
0.0215696
-0.04524
0.349962
-0.0303293
-0.0427237
0.0239905
0.425284
-0.103106
-0.124656
0.166787
0.361155
0.0980943
-0.125757
0.122087
0.319636
0.0114794
0.0270613
0.0554026
0.352311
0.0954212
0.0747468
0.142951
0.255468
-0.0107507
-0.0272016
-0.0103372
0.376538
0.0010224
-0.0310039
0.0261711
0.257992
0.0157685
0.0279089
-0.0231395
0.337944
-0.00831883
0.027463
0.031555
0.309725
-0.0862255
0.117419
0.128829
0.36775
-0.00340756
-0.0117837
0.0478915
0.291142
-0.0402455
0.0462326
-0.032563
0.335303
0.0233885
0.120865
0.132527
