Vec Object: 1 MPI process
  type: seq
0.
0.
0.
-0.0742276
0.
0.
0.
0.0202814
0.171036
-0.168451
0.
-0.0444775
0.176744
-0.180593
0.
-0.0482274
0.190323
0.208199
0.
-0.0402706
0.183801
0.163582
0.
-0.0343979
0.390202
0.00844713
0.
-0.00122836
0.377359
0.00656357
0.
0.0100062
0.393519
-0.0223223
0.
0.00911812
0.399938
-0.0159031
0.
0.00220104
0.
0.
0.
-0.0171752
0.
0.
0.
-0.0539896
0.328203
-0.0584213
0.
-0.0108018
0.315449
0.0904932
0.
0.00273519
0.333563
-0.0496855
0.
-0.0155093
0.320814
0.107971
0.
0.0143359
0.360661
0.0763451
0.
-0.00539148
0.321454
-0.10084
0.
0.0112136
0.326359
0.0348838
0.
-0.00841493
0.320923
-0.0614957
0.
-0.00376467
0.
0.
0.
-0.09764
0.
0.
0.
0.0294443
0.
0.
0.
-0.0107627
0.
0.
0.
0.154777
0.
0.
0.
-0.0388452
0.
0.
0.
-0.130754
0.
0.
0.
-0.232525
0.
0.
0.
-0.0180109
0.
0.
0.
-0.0716251
0.
0.
0.
-0.0372044
0.
0.
0.
-0.131692
0.
0.
0.
0.0407004
0.
0.
0.
-0.0923909
0.
0.
0.
0.0169377
0.
0.
0.
0.0474106
0.
0.
0.
-0.0471531
0.
0.
0.
-0.00961985
0.
0.
0.
0.0100251
1.
0.
0.
0.0297152
0.388113
-0.0075867
0.000486151
-0.000409422
0.383869
0.
-0.00494746
-0.00596831
0.264145
0.
-0.00511131
-0.00559792
0.264873
0.
0.0260014
0.0311886
0.375097
0.
0.00589216
-0.00928465
0.263414
0.
0.0181612
0.000546379
0.281662
0.
-0.00294315
0.0295708
0.25751
0.0257351
0.
0.0271827
0.38511
0.0168337
0.
-0.00358274
0.251336
0.0146791
0.
-0.00954323
0.23915
0.0105533
0.
0.0283782
0.381582
0.0170286
0.
-0.00366569
0.259438
0.0185421
0.
-0.00464465
0.253562
0.0280764
-0.0523636
0.000564647
0.248665
-0.0219035
0.0200524
-0.00106962
0.371718
-0.0202145
-0.103078
-0.00585943
0.439786
-0.178938
-0.180764
0.0797647
0.369045
0.16959
-0.188132
0.047677
0.325189
-0.0656577
0.020901
0.010491
0.374076
0.138419
0.127282
0.055933
0.304242
-0.0158116
-0.0316491
-0.00818385
0.41198
0.00216996
-0.0602707
-0.00303924
0.251719
0.0154
0.0335694
0.018032
0.415059
0.0276177
0.0744236
-0.0028646
0.338586
-0.145834
0.159289
0.0634337
0.43139
-0.0113012
0.0013804
0.00424306
0.304336
0.0712514
0.0914737
-0.0777725
0.366118
0.0509406
0.157196
0.0490807
