Vec Object: 1 MPI process
  type: seq
0.
0.
0.
-0.118616
0.
0.
0.
0.0528663
0.159703
-0.167384
0.
-0.0873649
0.170823
-0.177684
0.
-0.0776589
0.190598
0.20261
0.
-0.0631157
0.174039
0.167416
0.
-0.087078
0.386637
0.0106486
0.
0.00668974
0.374961
0.00987726
0.
0.00521715
0.389406
-0.0195587
0.
0.00615703
0.394627
-0.019945
0.
0.0138751
0.
0.
0.
-0.0402189
0.
0.
0.
-0.0985432
0.305837
-0.055473
0.
-0.0179078
0.321228
0.0873238
0.
0.0029649
0.311008
-0.0507876
0.
-0.00572168
0.324077
0.116172
0.
0.0210039
0.336691
0.0686467
0.
0.0056592
0.323688
-0.104704
0.
0.0157598
0.307062
0.0430834
0.
-0.023939
0.32089
-0.0628648
0.
-0.00265185
0.
0.
0.
-0.134567
0.
0.
0.
-0.0289704
0.
0.
0.
0.020846
0.
0.
0.
0.0868915
0.
0.
0.
-0.082441
0.
0.
0.
-0.148059
0.
0.
0.
-0.166013
0.
0.
0.
0.0805267
0.
0.
0.
0.0338379
0.
0.
0.
0.00724841
0.
0.
0.
-0.150014
0.
0.
0.
0.0315746
0.
0.
0.
-0.0497447
0.
0.
0.
-0.00930414
0.
0.
0.
0.207865
0.
0.
0.
0.0958371
0.
0.
0.
0.031132
0.
0.
0.
0.00235637
1.
0.
0.
0.0483237
0.400306
-0.00846771
-0.000802488
-0.00352808
0.376991
0.
-0.00277135
-0.00278386
0.273677
0.
-0.0013528
-0.0189243
0.32033
0.
0.0158692
0.0587361
0.379006
0.
0.0036827
-0.0102425
0.276227
0.
0.0115428
-0.0213709
0.32851
0.
-0.00703833
0.0753758
0.326052
0.015906
0.
0.0780033
0.379447
0.0196947
0.
-0.000505583
0.260813
0.0233224
0.
-0.0236207
0.303164
-0.00091676
0.
0.0706037
0.383245
0.0130783
0.
-0.00266784
0.268232
0.0146396
0.
-0.0260536
0.245617
0.0176191
-0.0520088
-0.0166766
0.248411
-0.0233251
0.0228828
-0.0344672
0.357656
-0.0279727
-0.0526814
0.0166136
0.424349
-0.118983
-0.135362
0.147654
0.357653
0.1129
-0.137661
0.104554
0.33082
-0.00166988
0.0278318
0.0440819
0.354878
0.1067
0.083982
0.121686
0.264019
-0.0131657
-0.0282807
-0.00922535
0.389183
0.00142096
-0.0378701
0.018702
0.258142
0.0190562
0.0298642
-0.0138889
0.352188
-0.00272014
0.0339954
0.0218205
0.311023
-0.0986344
0.126531
0.112712
0.382217
-0.00566984
-0.0100385
0.0359796
0.305516
-0.0250638
0.0560599
-0.0552499
0.338124
0.0296334
0.130664
0.110839
