Vec Object: 1 MPI process
  type: seq
0.
0.
0.
-0.0986681
0.
0.
0.
0.0247933
0.165241
-0.167218
0.
-0.0655786
0.173431
-0.178514
0.
-0.0635906
0.189372
0.20517
0.
-0.0534117
0.179188
0.165008
0.
-0.0606112
0.38837
0.00900754
0.
0.00190991
0.37551
0.00879886
0.
0.00738208
0.39053
-0.0208081
0.
0.00842543
0.397197
-0.0175483
0.
0.0073134
0.
0.
0.
-0.026352
0.
0.
0.
-0.069683
0.315835
-0.0569185
0.
-0.0151498
0.319014
0.0889086
0.
0.00366597
0.320726
-0.0511933
0.
-0.0119264
0.322459
0.11319
0.
0.0189762
0.347188
0.0729971
0.
-0.00164557
0.322502
-0.103589
0.
0.0148568
0.316202
0.039242
0.
-0.0162041
0.320138
-0.0627575
0.
-0.00195984
0.
0.
0.
-0.127606
0.
0.
0.
0.00420371
0.
0.
0.
-0.00858465
0.
0.
0.
0.129373
0.
0.
0.
-0.0537542
0.
0.
0.
-0.152519
0.
0.
0.
-0.21712
0.
0.
0.
0.0176758
0.
0.
0.
-0.0342453
0.
0.
0.
-0.0294008
0.
0.
0.
-0.164451
0.
0.
0.
0.0302474
0.
0.
0.
-0.0887835
0.
0.
0.
0.00178778
0.
0.
0.
0.120463
0.
0.
0.
0.0107489
0.
0.
0.
-0.00675829
0.
0.
0.
0.00933672
1.
0.
0.
0.041417
0.396033
-0.00826543
-0.000327246
-0.00291702
0.379778
0.
-0.00387378
-0.00429861
0.269032
0.
-0.0029683
-0.0117589
0.295894
0.
0.0203698
0.0448115
0.377983
0.
0.0049791
-0.0100766
0.270897
0.
0.0144898
-0.0101081
0.308365
0.
-0.00565764
0.0524042
0.296379
0.0207177
0.
0.0511148
0.381607
0.0182936
0.
-0.0019773
0.255701
0.0203728
0.
-0.0158104
0.276287
0.00312707
0.
0.0474966
0.383082
0.0153245
0.
-0.00311628
0.263944
0.0173704
0.
-0.0144699
0.248949
0.0230589
-0.0551248
-0.00546419
0.248756
-0.0253857
0.023551
-0.0159328
0.368555
-0.0235483
-0.0751426
0.00467431
0.427373
-0.149285
-0.156258
0.112953
0.356317
0.141212
-0.161424
0.0739258
0.340845
-0.0325159
0.026522
0.0257632
0.362094
0.125189
0.104036
0.0858943
0.281917
-0.0158165
-0.0299838
-0.00723112
0.406738
0.00195394
-0.0509661
0.00709595
0.256913
0.0216903
0.0324339
0.00350782
0.380573
0.0103018
0.0502182
0.00755472
0.31857
-0.122109
0.143024
0.0860086
0.408505
-0.00954949
-0.00501344
0.0175061
0.318522
0.0168223
0.075902
-0.0789002
0.347085
0.0412112
0.146728
0.0759408
