Vec Object: 1 MPI process
  type: seq
0.
0.
0.
-0.114251
0.
0.
0.
0.0423583
0.161348
-0.167256
0.
-0.08089
0.171628
-0.177839
0.
-0.0734384
0.190109
0.203344
0.
-0.0605701
0.175575
0.166679
0.
-0.0794124
0.387171
0.0100868
0.
0.00504116
0.375114
0.00956323
0.
0.00556252
0.389661
-0.019895
0.
0.00674803
0.395402
-0.0191829
0.
0.0117356
0.
0.
0.
-0.0362162
0.
0.
0.
-0.0895794
0.308638
-0.0559688
0.
-0.0174358
0.320653
0.0878572
0.
0.00348692
0.31368
-0.0510454
0.
-0.00771955
0.323619
0.115519
0.
0.0208366
0.33959
0.0699935
0.
0.0032762
0.323342
-0.104558
0.
0.0159153
0.309701
0.0420526
0.
-0.0218974
0.320612
-0.0629513
0.
-0.00202902
0.
0.
0.
-0.135415
0.
0.
0.
-0.0194858
0.
0.
0.
0.0096026
0.
0.
0.
0.0990963
0.
0.
0.
-0.0738383
0.
0.
0.
-0.152389
0.
0.
0.
-0.184292
0.
0.
0.
0.0597504
0.
0.
0.
0.0113034
0.
0.
0.
-0.00615645
0.
0.
0.
-0.158859
0.
0.
0.
0.0295928
0.
0.
0.
-0.0643716
0.
0.
0.
-0.00677512
0.
0.
0.
0.181156
0.
0.
0.
0.0687332
0.
0.
0.
0.0166862
0.
0.
0.
0.00453882
1.
0.
0.
0.0467031
0.399285
-0.00842365
-0.000674656
-0.00370794
0.377677
0.
-0.00308888
-0.00310881
0.272368
0.
-0.00179122
-0.0166436
0.313506
0.
0.0170993
0.0545427
0.37875
0.
0.00407924
-0.0101339
0.274818
0.
0.0123601
-0.0179824
0.323013
0.
-0.00669344
0.0686599
0.317906
0.0172635
0.
0.0699575
0.379947
0.0193134
0.
-0.000819018
0.259339
0.022617
0.
-0.0211438
0.295845
4.52318e-05
0.
0.063459
0.383207
0.0137601
0.
-0.00269363
0.267006
0.0154969
0.
-0.0224569
0.24648
0.0192776
-0.0533183
-0.0131043
0.248502
-0.0242069
0.0233592
-0.0288395
0.361368
-0.026655
-0.0587027
0.0129146
0.424525
-0.12776
-0.141298
0.137383
0.356432
0.121084
-0.144366
0.0952928
0.335466
-0.00988679
0.0278537
0.0383915
0.356627
0.112494
0.0894451
0.110705
0.268937
-0.0142137
-0.0288171
-0.00854322
0.395232
0.00160717
-0.0417349
0.0150489
0.258009
0.0203821
0.030773
-0.00877548
0.360171
0.000710583
0.038135
0.0171677
0.312433
-0.105446
0.131408
0.104467
0.390034
-0.00688007
-0.00879771
0.030064
0.311429
-0.0146689
0.0617455
-0.064724
0.340156
0.0330479
0.135707
0.0998849
