Vec Object: 1 MPI process
  type: seq
0.
0.
0.
-0.10047
0.
0.
0.
0.0260323
0.164853
-0.1672
0.
-0.0670925
0.173251
-0.178425
0.
-0.0645726
0.189411
0.204981
0.
-0.0541952
0.178834
0.165165
0.
-0.0625073
0.388251
0.00909721
0.
0.00218221
0.375459
0.00888571
0.
0.00716089
0.390416
-0.0207125
0.
0.00826924
0.397018
-0.0176985
0.
0.00771877
0.
0.
0.
-0.0273008
0.
0.
0.
-0.071478
0.315079
-0.0568323
0.
-0.0154365
0.319198
0.0888119
0.
0.00369881
0.319972
-0.0512123
0.
-0.0115487
0.322578
0.113468
0.
0.0192339
0.34638
0.072715
0.
-0.00121709
0.322585
-0.103721
0.
0.0150345
0.315539
0.0395388
0.
-0.0168007
0.320165
-0.0628008
0.
-0.00189627
0.
0.
0.
-0.128986
0.
0.
0.
0.00187799
0.
0.
0.
-0.00736301
0.
0.
0.
0.126452
0.
0.
0.
-0.0556111
0.
0.
0.
-0.153152
0.
0.
0.
-0.214595
0.
0.
0.
0.0213275
0.
0.
0.
-0.030307
0.
0.
0.
-0.0276931
0.
0.
0.
-0.164945
0.
0.
0.
0.0298574
0.
0.
0.
-0.0870892
0.
0.
0.
0.000803097
0.
0.
0.
0.126266
0.
0.
0.
0.0160213
0.
0.
0.
-0.00518514
0.
0.
0.
0.00893712
1.
0.
0.
0.0420418
0.396418
-0.00828687
-0.000365992
-0.00305343
0.37954
0.
-0.00379483
-0.00416426
0.269375
0.
-0.00284201
-0.0122211
0.297756
0.
0.0200206
0.0457674
0.378081
0.
0.00489461
-0.0100801
0.271327
0.
0.0142651
-0.010887
0.309939
0.
-0.00577867
0.0540361
0.298683
0.0203619
0.
0.0529521
0.381413
0.0183994
0.
-0.00184661
0.256063
0.0206392
0.
-0.016313
0.278402
0.00276141
0.
0.0490097
0.383108
0.0151758
0.
-0.00305921
0.264255
0.0172035
0.
-0.0152327
0.248672
0.0226964
-0.0550506
-0.00613845
0.248728
-0.0253508
0.0236065
-0.0171687
0.367972
-0.0238453
-0.073373
0.00546524
0.426912
-0.14712
-0.154706
0.115371
0.356099
0.13918
-0.159655
0.0759868
0.340766
-0.0301055
0.026752
0.0269654
0.361457
0.124017
0.102486
0.0882621
0.280533
-0.0157208
-0.0298738
-0.00731336
0.40582
0.00192614
-0.050078
0.00785094
0.257083
0.0217103
0.0323043
0.00230702
0.378436
0.00925099
0.0488572
0.00842581
0.317744
-0.120429
0.141869
0.0877629
0.4067
-0.00930977
-0.00543721
0.0186502
0.318349
0.0132798
0.0744978
-0.0780468
0.34623
0.0404092
0.145718
0.0781689
