Vec Object: 1 MPI process
  type: seq
0.
0.
0.
-0.110026
0.
0.
0.
0.0356094
0.162582
-0.167198
0.
-0.0760229
0.172207
-0.178002
0.
-0.0703072
0.189801
0.203907
0.
-0.0584726
0.176729
0.166133
0.
-0.0735359
0.387556
0.00970476
0.
0.0039451
0.375222
0.00933568
0.
0.00601517
0.389882
-0.0201706
0.
0.00727548
0.395973
-0.0186373
0.
0.0102452
0.
0.
0.
-0.0330802
0.
0.
0.
-0.0829462
0.310828
-0.0562972
0.
-0.0168739
0.32018
0.0882159
0.
0.00368344
0.315794
-0.0511681
0.
-0.00914159
0.323262
0.114896
0.
0.0204439
0.341878
0.07098
0.
0.00158581
0.323077
-0.104341
0.
0.0157735
0.311722
0.0412107
0.
-0.0201948
0.320424
-0.062949
0.
-0.00181687
0.
0.
0.
-0.134432
0.
0.
0.
-0.0120352
0.
0.
0.
0.00247386
0.
0.
0.
0.10869
0.
0.
0.
-0.067281
0.
0.
0.
-0.153997
0.
0.
0.
-0.196402
0.
0.
0.
0.045218
0.
0.
0.
-0.00445461
0.
0.
0.
-0.0149133
0.
0.
0.
-0.163093
0.
0.
0.
0.0289915
0.
0.
0.
-0.0737889
0.
0.
0.
-0.00441998
0.
0.
0.
0.161438
0.
0.
0.
0.0492765
0.
0.
0.
0.00750146
0.
0.
0.
0.00618257
1.
0.
0.
0.0452594
0.398393
-0.00838429
-0.00057284
-0.00361702
0.378271
0.
-0.00333405
-0.00343505
0.271342
0.
-0.00214264
-0.01503
0.308167
0.
0.0180795
0.0514284
0.378546
0.
0.00437357
-0.0100977
0.273668
0.
0.0130049
-0.0154732
0.318637
0.
-0.00640306
0.0635543
0.311451
0.0183247
0.
0.0639239
0.380402
0.0190042
0.
-0.00113635
0.258198
0.022001
0.
-0.0193822
0.29002
0.00088929
0.
0.0582363
0.383187
0.0142683
0.
-0.00278144
0.266056
0.016126
0.
-0.0198489
0.24719
0.0205046
-0.0541184
-0.0105148
0.248575
-0.0247492
0.0235824
-0.0246604
0.363928
-0.0256544
-0.0635826
0.010229
0.425025
-0.134496
-0.145893
0.129633
0.355906
0.127369
-0.149594
0.0883987
0.338156
-0.0166168
0.0276576
0.0342599
0.358145
0.116708
0.0938217
0.102629
0.272836
-0.0148677
-0.0292025
-0.00804334
0.399371
0.00173257
-0.0446901
0.012432
0.257795
0.0211187
0.0313813
-0.00487099
0.366395
0.00352028
0.0415971
0.0139104
0.313904
-0.110659
0.135086
0.0984351
0.39593
-0.00777218
-0.00772136
0.0258443
0.314857
-0.00572195
0.0661805
-0.0705307
0.341991
0.0356407
0.139376
0.091956
