Vec Object: 1 MPI process
  type: seq
0.
0.
0.
-0.0890012
0.
0.
0.
0.0203103
0.167259
-0.167418
0.
-0.0578087
0.174415
-0.179067
0.
-0.0584159
0.189341
0.206182
0.
-0.0490967
0.18097
0.164272
0.
-0.0508192
0.388996
0.00862356
0.
0.000613743
0.375881
0.0082576
0.
0.00854715
0.391272
-0.0213156
0.
0.00908192
0.398139
-0.0168288
0.
0.00532201
0.
0.
0.
-0.021862
0.
0.
0.
-0.0615422
0.319917
-0.0573717
0.
-0.0135528
0.317957
0.0894092
0.
0.00338473
0.324861
-0.0509472
0.
-0.0136801
0.321837
0.111588
0.
0.0174674
0.351593
0.074373
0.
-0.00357318
0.322083
-0.102785
0.
0.0137493
0.319698
0.0376746
0.
-0.0131349
0.320113
-0.0624483
0.
-0.00246063
0.
0.
0.
-0.11861
0.
0.
0.
0.0155271
0.
0.
0.
-0.0126715
0.
0.
0.
0.143095
0.
0.
0.
-0.0453193
0.
0.
0.
-0.147119
0.
0.
0.
-0.227295
0.
0.
0.
0.00101209
0.
0.
0.
-0.0521053
0.
0.
0.
-0.0358722
0.
0.
0.
-0.158032
0.
0.
0.
0.0332324
0.
0.
0.
-0.0946438
0.
0.
0.
0.00717261
0.
0.
0.
0.0916367
0.
0.
0.
-0.0142987
0.
0.
0.
-0.0119977
0.
0.
0.
0.010853
1.
0.
0.
0.0378059
0.393756
-0.00811842
-0.000101783
-0.00208475
0.381109
0.
-0.00427856
-0.00499788
0.267243
0.
-0.00365879
-0.00943035
0.285763
0.
0.0222654
0.0398984
0.37733
0.
0.00538482
-0.0100062
0.268506
0.
0.015704
-0.0061033
0.299719
0.
-0.00493539
0.0439696
0.283751
0.0225768
0.
0.0418632
0.382712
0.0177456
0.
-0.00265569
0.253882
0.0187925
0.
-0.0133135
0.264569
0.00527746
0.
0.0400008
0.38284
0.0160487
0.
-0.00341677
0.262322
0.0181092
0.
-0.0106491
0.250506
0.0248797
-0.0550248
-0.00243059
0.248889
-0.02513
0.0229266
-0.00983856
0.370955
-0.0221109
-0.0847279
0.000675213
0.430509
-0.160435
-0.164564
0.100589
0.358553
0.151724
-0.170802
0.0636349
0.339155
-0.0452132
0.0249677
0.0197578
0.365764
0.13081
0.112327
0.0741267
0.289429
-0.0160728
-0.0305427
-0.00709211
0.410475
0.00207251
-0.0552484
0.00328581
0.255735
0.0208732
0.0329737
0.00946809
0.392085
0.0160851
0.0578902
0.00333193
0.323818
-0.130815
0.148976
0.07728
0.417562
-0.0106208
-0.0027061
0.0120104
0.317157
0.0362558
0.082835
-0.081297
0.352282
0.0452276
0.151497
0.0650802
