Vec Object: 1 MPI process
  type: seq
0.
0.
0.
-0.121704
0.
0.
0.
0.0665619
0.157848
-0.16758
0.
-0.094609
0.169859
-0.177589
0.
-0.0824942
0.19124
0.201793
0.
-0.0656285
0.172317
0.168248
0.
-0.0954721
0.385989
0.011356
0.
0.00886709
0.374747
0.010274
0.
0.005256
0.389131
-0.0192382
0.
0.00577106
0.393719
-0.0208529
0.
0.0165445
0.
0.
0.
-0.0443574
0.
0.
0.
-0.108546
0.302822
-0.0548247
0.
-0.0180598
0.321816
0.0866271
0.
0.00195396
0.308167
-0.0503819
0.
-0.00335502
0.324569
0.116652
0.
0.0206289
0.333607
0.0671009
0.
0.00845531
0.324067
-0.104657
0.
0.0150393
0.304161
0.0441073
0.
-0.0258797
0.321222
-0.0626385
0.
-0.00389019
0.
0.
0.
-0.130778
0.
0.
0.
-0.038805
0.
0.
0.
0.0356462
0.
0.
0.
0.0743048
0.
0.
0.
-0.0916532
0.
0.
0.
-0.140365
0.
0.
0.
-0.142824
0.
0.
0.
0.105577
0.
0.
0.
0.0609939
0.
0.
0.
0.0244408
0.
0.
0.
-0.136105
0.
0.
0.
0.0353617
0.
0.
0.
-0.0307848
0.
0.
0.
-0.0112821
0.
0.
0.
0.238367
0.
0.
0.
0.127673
0.
0.
0.
0.0500651
0.
0.
0.
4.62136e-05
1.
0.
0.
0.04979
0.401254
-0.00851003
-0.000938115
-0.00282618
0.376365
0.
-0.00242821
-0.00259894
0.275062
0.
-0.000897404
-0.0217338
0.327681
0.
0.0145782
0.0635281
0.379308
0.
0.0032369
-0.0104707
0.277659
0.
0.0106769
-0.0253099
0.334305
0.
-0.00737727
0.0828336
0.334692
0.0144533
0.
0.0870218
0.379031
0.0200745
0.
-0.000335033
0.262394
0.0239764
0.
-0.0266464
0.310894
-0.0018053
0.
0.0788812
0.383338
0.0123136
0.
-0.00277671
0.269547
0.0136716
0.
-0.0303116
0.244728
0.0157347
-0.0502765
-0.0207767
0.248306
-0.022181
0.022153
-0.0408682
0.353153
-0.0294057
-0.0465267
0.020957
0.424729
-0.109396
-0.128901
0.159116
0.359587
0.103961
-0.130445
0.115023
0.324457
0.00654293
0.0274733
0.0507503
0.35324
0.100006
0.078309
0.134302
0.258812
-0.0117831
-0.0276467
-0.00992891
0.381795
0.0011893
-0.0336921
0.0230684
0.25811
0.0171955
0.0287292
-0.0194739
0.343568
-0.00619077
0.0299114
0.0274877
0.310061
-0.0911568
0.121076
0.122251
0.373527
-0.00431002
-0.011172
0.0429891
0.297364
-0.0347859
0.0500419
-0.0424075
0.336301
0.0258701
0.124845
0.123639
