Vec Object: 1 MPI process
  type: seq
0.
0.
0.
-0.121432
0.
0.
0.
0.064791
0.158074
-0.167553
0.
-0.0937285
0.16998
-0.177597
0.
-0.081899
0.191156
0.201892
0.
-0.0653428
0.172527
0.168147
0.
-0.0944607
0.386071
0.0112651
0.
0.0085799
0.374776
0.0102221
0.
0.00522406
0.389166
-0.0192733
0.
0.00579707
0.393833
-0.020739
0.
0.0162011
0.
0.
0.
-0.043876
0.
0.
0.
-0.107337
0.303183
-0.0549091
0.
-0.0180617
0.321747
0.0867184
0.
0.00210417
0.308505
-0.0504375
0.
-0.00364942
0.32451
0.116608
0.
0.0207097
0.333974
0.0672908
0.
0.00811029
0.324021
-0.104675
0.
0.0151612
0.304512
0.0439903
0.
-0.0256638
0.321181
-0.0626737
0.
-0.00370564
0.
0.
0.
-0.131396
0.
0.
0.
-0.0376579
0.
0.
0.
0.033726
0.
0.
0.
0.0757672
0.
0.
0.
-0.0905628
0.
0.
0.
-0.141457
0.
0.
0.
-0.145793
0.
0.
0.
0.102432
0.
0.
0.
0.0575865
0.
0.
0.
0.0222317
0.
0.
0.
-0.138011
0.
0.
0.
0.0348142
0.
0.
0.
-0.0332294
0.
0.
0.
-0.01109
0.
0.
0.
0.234622
0.
0.
0.
0.123719
0.
0.
0.
0.0476139
0.
0.
0.
0.000316441
1.
0.
0.
0.0496285
0.401149
-0.00850519
-0.000921971
-0.00294407
0.376433
0.
-0.00246927
-0.00261028
0.274898
0.
-0.000950961
-0.021374
0.326799
0.
0.0147309
0.0629383
0.379269
0.
0.0032911
-0.0104363
0.277492
0.
0.0107797
-0.0248187
0.333617
0.
-0.00733848
0.0819276
0.333664
0.0146266
0.
0.0859239
0.379073
0.0200312
0.
-0.000344462
0.262206
0.0239039
0.
-0.0262605
0.309976
-0.00170689
0.
0.0778572
0.383322
0.0124065
0.
-0.0027554
0.269391
0.0137893
0.
-0.0297775
0.244833
0.0159653
-0.0505003
-0.0202736
0.248319
-0.0223273
0.0222514
-0.0400821
0.353718
-0.0292345
-0.0472445
0.0204163
0.424653
-0.11055
-0.129679
0.157722
0.359324
0.105037
-0.131308
0.113744
0.325288
0.00559793
0.027534
0.049921
0.353423
0.100831
0.0789761
0.132748
0.259432
-0.0119621
-0.0277258
-0.00984889
0.382725
0.00121868
-0.0341906
0.0225202
0.258124
0.0174403
0.0288734
-0.018802
0.344602
-0.00578772
0.0303801
0.0267717
0.310147
-0.0920592
0.12174
0.121072
0.374581
-0.004475
-0.0110482
0.0421153
0.298433
-0.0337055
0.0507535
-0.0440916
0.336501
0.0263245
0.125561
0.122051
