Vec Object: 1 MPI process
  type: seq
0.
0.
0.
-0.0754299
0.
0.
0.
0.0198262
0.170599
-0.168279
0.
-0.0458828
0.176428
-0.180378
0.
-0.0494385
0.190126
0.207959
0.
-0.0413096
0.18352
0.163594
0.
-0.0360587
0.390064
0.0084202
0.
-0.00106039
0.377119
0.00681867
0.
0.00992965
0.393196
-0.0221996
0.
0.00921397
0.399731
-0.0159734
0.
0.00251492
0.
0.
0.
-0.017396
0.
0.
0.
-0.0542862
0.327206
-0.0582782
0.
-0.0110624
0.315779
0.0903477
0.
0.00279571
0.3325
-0.0498895
0.
-0.0154218
0.320911
0.108427
0.
0.0146947
0.359568
0.0761657
0.
-0.00531739
0.321511
-0.101089
0.
0.0115169
0.325586
0.0351829
0.
-0.00884282
0.320755
-0.0616304
0.
-0.00361154
0.
0.
0.
-0.10003
0.
0.
0.
0.0285024
0.
0.
0.
-0.0114938
0.
0.
0.
0.154751
0.
0.
0.
-0.0388122
0.
0.
0.
-0.132792
0.
0.
0.
-0.232802
0.
0.
0.
-0.016662
0.
0.
0.
-0.0703523
0.
0.
0.
-0.0376781
0.
0.
0.
-0.135346
0.
0.
0.
0.0399006
0.
0.
0.
-0.0934166
0.
0.
0.
0.0159214
0.
0.
0.
0.0516529
0.
0.
0.
-0.0444469
0.
0.
0.
-0.0105229
0.
0.
0.
0.0103908
1.
0.
0.
0.0307024
0.38886
-0.00767053
0.000404003
-0.000586076
0.383545
0.
-0.00487962
-0.00589843
0.264467
0.
-0.00493151
-0.00598784
0.26739
0.
0.025573
0.0321451
0.375444
0.
0.00585583
-0.00942684
0.264032
0.
0.017866
-0.000112669
0.283848
0.
-0.00323118
0.0310595
0.260671
0.0254174
0.
0.0286272
0.384818
0.0169262
0.
-0.0035183
0.251536
0.0152489
0.
-0.00989044
0.242314
0.00985735
0.
0.0295219
0.381798
0.0169489
0.
-0.00367734
0.25975
0.0185746
0.
-0.00522524
0.253239
0.027704
-0.052829
0.000402358
0.24876
-0.0224955
0.020497
-0.00184354
0.37192
-0.0203683
-0.101036
-0.00520745
0.438507
-0.177088
-0.178891
0.0819257
0.367365
0.167757
-0.186227
0.0492225
0.327504
-0.0638068
0.0213981
0.0113587
0.373043
0.137769
0.125724
0.0577022
0.302547
-0.0158474
-0.0315069
-0.00799799
0.412182
0.00216777
-0.0599692
-0.00239459
0.252332
0.0163137
0.0335052
0.017285
0.412357
0.0263075
0.0724301
-0.00229285
0.336537
-0.144268
0.1582
0.0648277
0.430102
-0.0113412
0.000976976
0.00495161
0.306387
0.0677779
0.0909226
-0.0785733
0.364218
0.0504833
0.156807
0.0505917
