Vec Object: 1 MPI process
  type: seq
0.
0.
0.
-0.122281
0.
0.
0.
0.097597
0.154301
-0.168032
0.
-0.108137
0.167818
-0.177591
0.
-0.0919413
0.192716
0.200186
0.
-0.0692056
0.169058
0.169823
0.
-0.110818
0.384515
0.0129813
0.
0.0144166
0.374112
0.0112687
0.
0.00696314
0.388475
-0.0188827
0.
0.00651067
0.391792
-0.0227866
0.
0.0228107
0.
0.
0.
-0.0510262
0.
0.
0.
-0.126903
0.297354
-0.0533214
0.
-0.017477
0.322812
0.0849193
0.
-0.00157203
0.303086
-0.0493287
0.
0.00131039
0.325458
0.116765
0.
0.0178794
0.328097
0.0641135
0.
0.0137722
0.324765
-0.103864
0.
0.0116794
0.298743
0.0456658
0.
-0.0285733
0.321871
-0.0617857
0.
-0.00819876
0.
0.
0.
-0.115841
0.
0.
0.
-0.0547519
0.
0.
0.
0.0694944
0.
0.
0.
0.0542514
0.
0.
0.
-0.107328
0.
0.
0.
-0.118102
0.
0.
0.
-0.0916979
0.
0.
0.
0.157747
0.
0.
0.
0.11744
0.
0.
0.
0.0626878
0.
0.
0.
-0.0993854
0.
0.
0.
0.0468147
0.
0.
0.
0.011764
0.
0.
0.
-0.0125941
0.
0.
0.
0.297899
0.
0.
0.
0.191915
0.
0.
0.
0.0930778
0.
0.
0.
-0.00371373
1.
0.
0.
0.0519389
0.402549
-0.00857459
-0.00117702
0.00050405
0.375602
0.
-0.00181232
-0.00287064
0.277455
0.
-0.000123286
-0.0282459
0.341045
0.
0.0123361
0.0730187
0.380061
0.
0.00240174
-0.011251
0.280001
0.
0.00916146
-0.0336571
0.344485
0.
-0.00789842
0.0969993
0.350035
0.0118612
0.
0.104136
0.378687
0.0206341
0.
-0.000645405
0.265175
0.0248651
0.
-0.0335599
0.324559
-0.00302846
0.
0.0955087
0.383806
0.0108803
0.
-0.00338512
0.271862
0.0118645
0.
-0.0394377
0.243153
0.012111
-0.0464152
-0.0287923
0.248038
-0.0197218
0.0203427
-0.0535521
0.3438
-0.0319218
-0.0363627
0.029765
0.426851
-0.0918285
-0.116998
0.180889
0.364489
0.0875648
-0.11742
0.135135
0.309858
0.0194057
0.0259998
0.0642935
0.350909
0.0868485
0.0686627
0.159239
0.249575
-0.0086761
-0.0263421
-0.0109667
0.366359
0.000697185
-0.0263376
0.032217
0.257585
0.0128551
0.0263001
-0.0297991
0.327879
-0.0118496
0.0235037
0.0395198
0.309652
-0.0773266
0.110698
0.141292
0.357258
-0.00178925
-0.0126069
0.0572232
0.278413
-0.0482403
0.0397249
-0.012129
0.333855
0.0189267
0.113434
0.14947
