Vec Object: 1 MPI process
  type: seq
0.
0.
0.
-0.06492
0.
0.
0.
0.320249
0.155722
-0.153072
0.
0.00423019
0.171948
-0.163009
0.
0.0257941
0.224363
0.170738
0.
0.115463
0.171971
0.160577
0.
-0.00449171
0.354676
0.0429251
0.
0.15221
0.352681
0.0365967
0.
0.112007
0.360023
-0.0417463
0.
0.147461
0.361188
-0.0526
0.
0.157567
0.
0.
0.
-0.128171
0.
0.
0.
-0.271274
0.268132
-0.0642141
0.
-0.133807
0.328612
0.0552097
0.
-0.151755
0.276315
-0.0667846
0.
-0.114089
0.332071
0.0853262
0.
-0.144412
0.299801
0.0701352
0.
-0.0811455
0.330196
-0.0689184
0.
-0.1505
0.266902
0.0666529
0.
-0.125164
0.32489
-0.0394097
0.
-0.171017
0.
0.
0.
0.06801
0.
0.
0.
-0.136373
0.
0.
0.
0.320127
0.
0.
0.
-0.00583137
0.
0.
0.
-0.201416
0.
0.
0.
0.106145
0.
0.
0.
0.293268
0.
0.
0.
0.514446
0.
0.
0.
0.490599
0.
0.
0.
0.332509
0.
0.
0.
0.244316
0.
0.
0.
0.136217
0.
0.
0.
0.31673
0.
0.
0.
-0.0311071
0.
0.
0.
0.690622
0.
0.
0.
0.613364
0.
0.
0.
0.439463
0.
0.
0.
-0.0839177
1.
0.
0.
0.260075
0.392031
-0.00681753
-0.00121352
0.1574
0.388055
0.
0.00115175
-0.0500939
0.287169
0.
0.00244572
-0.222827
0.390541
0.
0.00333534
0.186419
0.402742
0.
-0.00067738
-0.0366755
0.28743
0.
0.0036444
-0.228168
0.373163
0.
-0.00761587
0.238334
0.403347
0.00145115
0.
0.249941
0.395802
0.0179458
0.
-0.0472199
0.277044
0.0208448
0.
-0.224108
0.36931
-0.000831039
0.
0.26988
0.410007
0.00548198
0.
-0.0276966
0.281022
0.00602704
0.
-0.238078
0.232133
-0.00329339
-0.0204306
-0.195905
0.242447
-0.0058019
0.00701498
-0.260254
0.277847
-0.0273576
-0.00602048
0.00519944
0.45042
-0.00674705
-0.0547547
0.39203
0.395669
0.00813198
-0.0546454
0.302475
0.200107
0.0355357
0.00870936
0.10306
0.339127
0.0129256
0.034062
0.355386
0.204627
0.00276257
-0.0166611
-0.107387
0.26138
-0.000796728
-0.00178485
0.0448656
0.246126
-0.00676738
0.0103688
-0.216739
0.246747
-0.0232883
0.00890769
0.0503532
0.316653
-0.00659707
0.0534755
0.29193
0.270694
0.00836237
-0.00632088
0.0965024
0.132172
-0.0431983
0.00742207
0.207243
0.323107
-0.0135839
0.0487937
0.354299
