Vec Object: 1 MPI process
  type: seq
0.
0.
0.
-0.0978847
0.
0.
0.
0.0242985
0.165407
-0.167227
0.
-0.0649305
0.173509
-0.178554
0.
-0.0631685
0.189358
0.205251
0.
-0.0530709
0.179338
0.164942
0.
-0.0597977
0.388421
0.00897047
0.
0.00179543
0.375534
0.00876025
0.
0.00747813
0.390582
-0.0208493
0.
0.00849017
0.397274
-0.0174849
0.
0.0071417
0.
0.
0.
-0.0259511
0.
0.
0.
-0.0689322
0.316162
-0.0569554
0.
-0.015024
0.318933
0.0889499
0.
0.00364935
0.321053
-0.0511825
0.
-0.0120849
0.322407
0.113067
0.
0.0188619
0.347539
0.0731166
0.
-0.00182423
0.322466
-0.10353
0.
0.0147766
0.316487
0.0391139
0.
-0.0159478
0.320128
-0.0627373
0.
-0.00199085
0.
0.
0.
-0.126976
0.
0.
0.
0.00519134
0.
0.
0.
-0.00906624
0.
0.
0.
0.130607
0.
0.
0.
-0.0529759
0.
0.
0.
-0.152206
0.
0.
0.
-0.218149
0.
0.
0.
0.0161509
0.
0.
0.
-0.0358882
0.
0.
0.
-0.0300888
0.
0.
0.
-0.164166
0.
0.
0.
0.0304348
0.
0.
0.
-0.0894559
0.
0.
0.
0.00221676
0.
0.
0.
0.117996
0.
0.
0.
0.00852819
0.
0.
0.
-0.00737796
0.
0.
0.
0.00949928
1.
0.
0.
0.0411421
0.395862
-0.00825566
-0.000310236
-0.00285564
0.379882
0.
-0.0039076
-0.00435664
0.268884
0.
-0.00302311
-0.011562
0.295087
0.
0.0205212
0.0444024
0.377938
0.
0.00501481
-0.0100745
0.270709
0.
0.0145871
-0.00977441
0.307681
0.
-0.00560417
0.0517042
0.295378
0.0208708
0.
0.0503312
0.381693
0.0182482
0.
-0.00203372
0.255546
0.0202552
0.
-0.0155968
0.275367
0.00328842
0.
0.0468538
0.383069
0.0153875
0.
-0.00314118
0.26381
0.01744
0.
-0.0141451
0.249071
0.0232133
-0.0551481
-0.00518293
0.248768
-0.0253933
0.0235212
-0.0154077
0.368794
-0.0234225
-0.0759099
0.00433698
0.427585
-0.150214
-0.156929
0.111919
0.35643
0.142084
-0.162186
0.0730484
0.340842
-0.0335564
0.0264164
0.0252517
0.362374
0.125684
0.104706
0.0848876
0.282517
-0.015853
-0.0300307
-0.00720074
0.407114
0.00196538
-0.0513424
0.00677425
0.256835
0.0216694
0.0324869
0.00401902
0.381497
0.010759
0.0508133
0.00718675
0.318942
-0.12283
0.143519
0.0852627
0.409275
-0.00964958
-0.00482913
0.0170234
0.318556
0.0183654
0.0765001
-0.0792274
0.347465
0.0415533
0.147153
0.0749976
