Vec Object: 1 MPI process
  type: seq
0.
0.
0.
-0.0936523
0.
0.
0.
0.214907
0.145944
-0.167515
0.
-0.130317
0.162074
-0.176887
0.
-0.108002
0.201017
0.192392
0.
-0.0544792
0.161462
0.172686
0.
-0.138349
0.375356
0.0224916
0.
0.0604645
0.368105
0.0187198
0.
0.0402962
0.381479
-0.0230608
0.
0.0437059
0.381775
-0.032594
0.
0.0686931
0.
0.
0.
-0.0714475
0.
0.
0.
-0.183148
0.281905
-0.0499149
0.
-0.0290691
0.325482
0.0748403
0.
-0.0352575
0.288942
-0.0478025
0.
-0.00315759
0.328225
0.108736
0.
-0.017754
0.312971
0.0580827
0.
0.010696
0.326997
-0.093646
0.
-0.025253
0.282436
0.0498511
0.
-0.0431758
0.323634
-0.0546657
0.
-0.0470368
0.
0.
0.
-0.0270462
0.
0.
0.
-0.088575
0.
0.
0.
0.199676
0.
0.
0.
0.0194964
0.
0.
0.
-0.145663
0.
0.
0.
-0.00839806
0.
0.
0.
0.100569
0.
0.
0.
0.337913
0.
0.
0.
0.310492
0.
0.
0.
0.204434
0.
0.
0.
0.0674231
0.
0.
0.
0.100399
0.
0.
0.
0.171314
0.
0.
0.
-0.00878465
0.
0.
0.
0.48678
0.
0.
0.
0.404223
0.
0.
0.
0.260384
0.
0.
0.
-0.0202196
1.
0.
0.
0.0737177
0.401821
-0.00839745
-0.00161921
0.0473897
0.377705
0.
-0.000178412
-0.0084547
0.282969
0.
0.00161774
-0.0738725
0.376594
0.
0.00688223
0.106118
0.386404
0.
0.000248175
-0.0132656
0.284671
0.
0.00557151
-0.0824082
0.368949
0.
-0.00843364
0.143026
0.388883
0.00516281
0.
0.155816
0.382524
0.020675
0.
-0.00635505
0.271932
0.0248274
0.
-0.0798243
0.358534
-0.00371701
0.
0.155729
0.390571
0.0071244
0.
-0.00486959
0.277287
0.00736341
0.
-0.090644
0.238005
0.00177893
-0.0324715
-0.0693008
0.246001
-0.0117108
0.0132162
-0.11215
0.311175
-0.0357946
-0.0154879
0.0473558
0.440204
-0.0433057
-0.0827178
0.251848
0.383858
0.0420359
-0.0818776
0.197733
0.254631
0.0390358
0.017657
0.102038
0.347163
0.0459099
0.0466391
0.241614
0.224629
0.00155898
-0.0216069
-0.0247794
0.312886
-0.000792235
-0.00967936
0.0571659
0.252867
-0.0021798
0.017818
-0.0767378
0.28373
-0.0225889
0.0122039
0.0720762
0.314767
-0.0380162
0.0794011
0.204305
0.310258
0.00462601
-0.0118095
0.0950893
0.204861
-0.0580101
0.0174252
0.107292
0.330533
-9.03615e-05
0.0779943
0.237508
