Vec Object: 1 MPI process
  type: seq
0.
0.
0.
-0.0844122
0.
0.
0.
0.0193203
0.168247
-0.167594
0.
-0.054116
0.174946
-0.179399
0.
-0.0558221
0.189451
0.206696
0.
-0.0468552
0.181789
0.163982
0.
-0.0461724
0.389309
0.00849744
0.
5.32465e-05
0.376149
0.00791679
0.
0.00906884
0.391742
-0.0215699
0.
0.00926777
0.398608
-0.0165243
0.
0.00442305
0.
0.
0.
-0.0200734
0.
0.
0.
-0.0584906
0.322006
-0.0576104
0.
-0.0127576
0.317374
0.0896636
0.
0.00320655
0.32702
-0.0507253
0.
-0.0143734
0.32154
0.110716
0.
0.0166604
0.353869
0.0749757
0.
-0.00429761
0.321893
-0.102327
0.
0.0131224
0.321431
0.0369112
0.
-0.0117169
0.320197
-0.0622461
0.
-0.00277959
0.
0.
0.
-0.113343
0.
0.
0.
0.0203048
0.
0.
0.
-0.0132844
0.
0.
0.
0.148367
0.
0.
0.
-0.0422421
0.
0.
0.
-0.143371
0.
0.
0.
-0.230393
0.
0.
0.
-0.00556813
0.
0.
0.
-0.0590576
0.
0.
0.
-0.037524
0.
0.
0.
-0.152656
0.
0.
0.
0.0351315
0.
0.
0.
-0.0956514
0.
0.
0.
0.0098638
0.
0.
0.
0.0786095
0.
0.
0.
-0.0248478
0.
0.
0.
-0.0127713
0.
0.
0.
0.0111486
1.
0.
0.
0.0358287
0.392461
-0.00801771
2.74469e-05
-0.00163448
0.381808
0.
-0.00446861
-0.00531583
0.266382
0.
-0.00401755
-0.00834547
0.280526
0.
0.0232329
0.037543
0.376896
0.
0.00555549
-0.0099137
0.267243
0.
0.0163247
-0.00420759
0.295213
0.
-0.00451042
0.0399464
0.277182
0.0234692
0.
0.0376096
0.383304
0.0174865
0.
-0.00296272
0.25307
0.0178807
0.
-0.0121852
0.258366
0.00649396
0.
0.0366137
0.382632
0.0163619
0.
-0.00354261
0.261538
0.0183645
0.
-0.00889818
0.251321
0.0257306
-0.0546456
-0.00128964
0.248924
-0.0246773
0.0223949
-0.00714167
0.371674
-0.0214985
-0.0895756
-0.00118951
0.432515
-0.165702
-0.168753
0.0947569
0.360434
0.156735
-0.175442
0.0589585
0.336896
-0.051269
0.0240072
0.0170185
0.367774
0.13321
0.116434
0.0687994
0.293267
-0.0160625
-0.0308148
-0.00722314
0.41159
0.0021142
-0.05703
0.00150324
0.254944
0.0199723
0.0331628
0.0121142
0.397951
0.019073
0.0619899
0.00146904
0.32703
-0.134986
0.151821
0.0733011
0.42168
-0.0109993
-0.00155658
0.00963505
0.315034
0.0460361
0.0858149
-0.0812667
0.355345
0.0470292
0.153457
0.0602903
