Vec Object: 1 MPI process
  type: seq
0.
0.
0.
-0.104003
0.
0.
0.
0.0289134
0.164066
-0.16718
0.
-0.0701803
0.172889
-0.178259
0.
-0.0665622
0.189517
0.204602
0.
-0.0557394
0.178109
0.165492
0.
-0.0663535
0.388011
0.00929276
0.
0.0027599
0.375366
0.00905085
0.
0.00672883
0.390207
-0.0205207
0.
0.00793419
0.396655
-0.0180133
0.
0.00856507
0.
0.
0.
-0.0292772
0.
0.
0.
-0.0752958
0.313571
-0.0566541
0.
-0.0159863
0.319557
0.0886121
0.
0.00373699
0.318478
-0.0512259
0.
-0.010749
0.322819
0.114003
0.
0.0197158
0.344774
0.0721279
0.
-0.000298001
0.322755
-0.103967
0.
0.0153528
0.314202
0.0401333
0.
-0.0180037
0.320239
-0.0628729
0.
-0.00180818
0.
0.
0.
-0.131396
0.
0.
0.
-0.0029205
0.
0.
0.
-0.00446039
0.
0.
0.
0.120368
0.
0.
0.
-0.0595372
0.
0.
0.
-0.154004
0.
0.
0.
-0.208927
0.
0.
0.
0.0291494
0.
0.
0.
-0.0218557
0.
0.
0.
-0.0237846
0.
0.
0.
-0.16521
0.
0.
0.
0.0292754
0.
0.
0.
-0.0831121
0.
0.
0.
-0.00112277
0.
0.
0.
0.138256
0.
0.
0.
0.0271231
0.
0.
0.
-0.0014431
0.
0.
0.
0.00804861
1.
0.
0.
0.0432426
0.397156
-0.00832548
-0.000441245
-0.00329836
0.379075
0.
-0.00363432
-0.00389762
0.270066
0.
-0.00259167
-0.0131747
0.301459
0.
0.0193271
0.0477194
0.378261
0.
0.00471829
-0.0100841
0.272173
0.
0.0138172
-0.0124737
0.313056
0.
-0.00601042
0.0573491
0.30325
0.019645
0.
0.0567239
0.381038
0.0186129
0.
-0.00158702
0.256804
0.0211482
0.
-0.0173533
0.282575
0.00206167
0.
0.052144
0.383147
0.0148672
0.
-0.00294979
0.264885
0.0168466
0.
-0.016806
0.24813
0.0219484
-0.0548181
-0.00758169
0.248673
-0.0252128
0.0236623
-0.0197251
0.366683
-0.0244621
-0.0698629
0.00709209
0.426104
-0.142722
-0.151596
0.120305
0.355836
0.135059
-0.156105
0.0802343
0.340253
-0.0252897
0.0271503
0.0294479
0.360229
0.121562
0.0993969
0.0931566
0.277785
-0.0154803
-0.0296464
-0.00752457
0.403779
0.00186483
-0.0482354
0.00940802
0.257382
0.0216341
0.0320152
-0.000163738
0.37417
0.00718077
0.0462033
0.0102538
0.316228
-0.117022
0.139518
0.0913921
0.402994
-0.00879873
-0.00627022
0.0210536
0.317597
0.00633575
0.0716163
-0.0759225
0.344619
0.0387643
0.143594
0.082816
