Vec Object: 1 MPI process
  type: seq
0.
0.
0.
-0.108081
0.
0.
0.
0.0331496
0.163087
-0.167185
0.
-0.0740315
0.17244
-0.178082
0.
-0.0690311
0.189693
0.204142
0.
-0.0575679
0.1772
0.165912
0.
-0.071103
0.387712
0.00955847
0.
0.00352646
0.375268
0.00924123
0.
0.00624015
0.389985
-0.0202878
0.
0.00750021
0.396205
-0.0184207
0.
0.00966012
0.
0.
0.
-0.0317823
0.
0.
0.
-0.0802891
0.311748
-0.0564227
0.
-0.016596
0.319975
0.0883544
0.
0.00372212
0.31669
-0.0511994
0.
-0.00970232
0.323113
0.11461
0.
0.020225
0.342846
0.0713762
0.
0.000924299
0.322967
-0.104227
0.
0.0156588
0.312561
0.0408511
0.
-0.0194635
0.320355
-0.0629319
0.
-0.00178592
0.
0.
0.
-0.133624
0.
0.
0.
-0.00893776
0.
0.
0.
-9.50003e-05
0.
0.
0.
0.11267
0.
0.
0.
-0.0646121
0.
0.
0.
-0.154237
0.
0.
0.
-0.200926
0.
0.
0.
0.0395642
0.
0.
0.
-0.0105814
0.
0.
0.
-0.0181458
0.
0.
0.
-0.164189
0.
0.
0.
0.0289659
0.
0.
0.
-0.0772198
0.
0.
0.
-0.00335087
0.
0.
0.
0.153471
0.
0.
0.
0.0415686
0.
0.
0.
0.00418828
0.
0.
0.
0.00683817
1.
0.
0.
0.0446081
0.397993
-0.00836595
-0.000529321
-0.00353189
0.378534
0.
-0.00343576
-0.0035852
0.270912
0.
-0.00229223
-0.014389
0.305921
0.
0.0184957
0.0501612
0.378456
0.
0.00449238
-0.0100907
0.273173
0.
0.0132769
-0.0144505
0.316778
0.
-0.0062752
0.0614488
0.308716
0.0187691
0.
0.0614629
0.380608
0.018873
0.
-0.00128264
0.257725
0.0217252
0.
-0.0186812
0.287543
0.00126813
0.
0.0561372
0.383177
0.0144741
0.
-0.002832
0.26566
0.016377
0.
-0.0188017
0.247499
0.0210006
-0.0543917
-0.00948969
0.248607
-0.0249332
0.0236347
-0.0229664
0.36491
-0.0252458
-0.0656706
0.00915024
0.425331
-0.137283
-0.147812
0.126456
0.355807
0.129974
-0.151784
0.0856
0.339022
-0.0195032
0.0275195
0.0326025
0.358822
0.11839
0.0956822
0.0993717
0.274488
-0.0150986
-0.029356
-0.00785292
0.400948
0.00177997
-0.0459025
0.0113884
0.257674
0.0213438
0.0316097
-0.00326586
0.369005
0.00473143
0.0431092
0.012634
0.314622
-0.112815
0.136594
0.0960096
0.398342
-0.00812898
-0.00724584
0.0241767
0.315972
-0.00177368
0.0680243
-0.0725662
0.34283
0.0367053
0.140839
0.0887923
