Vec Object: 1 MPI process
  type: seq
0.
0.
0.
-0.0794034
0.
0.
0.
0.0191175
0.16944
-0.167891
0.
-0.0498219
0.175653
-0.179859
0.
-0.0526224
0.189714
0.20733
0.
-0.0440679
0.18271
0.163723
0.
-0.0408336
0.389691
0.00841445
0.
-0.000552894
0.376576
0.007416
0.
0.0095895
0.392418
-0.0218836
0.
0.00933526
0.399177
-0.0162109
0.
0.00341222
0.
0.
0.
-0.0184113
0.
0.
0.
-0.0558012
0.324604
-0.0579283
0.
-0.0118472
0.316603
0.0899923
0.
0.00298698
0.329741
-0.0503575
0.
-0.0150215
0.321203
0.109591
0.
0.0156629
0.356712
0.0756251
0.
-0.00494471
0.321685
-0.101723
0.
0.0123206
0.323533
0.036014
0.
-0.0101524
0.32041
-0.0619576
0.
-0.00319691
0.
0.
0.
-0.106603
0.
0.
0.
0.0250878
0.
0.
0.
-0.0128916
0.
0.
0.
0.152842
0.
0.
0.
-0.0397589
0.
0.
0.
-0.138187
0.
0.
0.
-0.232467
0.
0.
0.
-0.012007
0.
0.
0.
-0.0657251
0.
0.
0.
-0.0382243
0.
0.
0.
-0.144525
0.
0.
0.
0.037584
0.
0.
0.
-0.0952795
0.
0.
0.
0.0130321
0.
0.
0.
0.0641432
0.
0.
0.
-0.0358121
0.
0.
0.
-0.0122685
0.
0.
0.
0.0110286
1.
0.
0.
0.0332881
0.390728
-0.00786272
0.000204945
-0.00108928
0.382681
0.
-0.00468563
-0.00564962
0.26538
0.
-0.0044697
-0.00710294
0.273973
0.
0.0244193
0.0347626
0.376242
0.
0.00572855
-0.00972149
0.265647
0.
0.0170952
-0.00203576
0.289553
0.
-0.00391529
0.0352858
0.268947
0.0244985
0.
0.0328245
0.384056
0.0171906
0.
-0.00328307
0.252207
0.0166349
0.
-0.0109412
0.250452
0.00811575
0.
0.0328327
0.382276
0.0166907
0.
-0.00364768
0.260613
0.0185485
0.
-0.00693367
0.252315
0.0267323
-0.0538809
-0.000252028
0.248901
-0.0237794
0.0215426
-0.00423339
0.372073
-0.0208636
-0.0954435
-0.0033175
0.435348
-0.171731
-0.173882
0.0880307
0.363498
0.162527
-0.180989
0.0537464
0.332827
-0.0580753
0.0227195
0.0139674
0.370371
0.135737
0.121284
0.0628642
0.297974
-0.0159677
-0.0311533
-0.00754946
0.412255
0.00214972
-0.0587801
-0.000547782
0.25376
0.0183898
0.0333452
0.014961
0.405196
0.0227484
0.0671892
-0.000569701
0.331518
-0.13984
0.155145
0.0688144
0.426233
-0.011283
-0.000214449
0.007082
0.311227
0.0575297
0.0888171
-0.0803015
0.359554
0.0489613
0.155408
0.0550554
