Vec Object: 1 MPI process
  type: seq
0.
0.
0.
-0.104428
0.
0.
0.
0.0293046
0.163968
-0.167179
0.
-0.0705648
0.172844
-0.17824
0.
-0.066809
0.189532
0.204556
0.
-0.0559267
0.178019
0.165533
0.
-0.0668302
0.387981
0.00931823
0.
0.00283404
0.375356
0.0090705
0.
0.00667727
0.390183
-0.0204971
0.
0.00789137
0.39661
-0.0180533
0.
0.00867234
0.
0.
0.
-0.029526
0.
0.
0.
-0.0757839
0.313387
-0.0566315
0.
-0.0160512
0.3196
0.0885869
0.
0.00373879
0.318296
-0.0512254
0.
-0.0106469
0.322848
0.114067
0.
0.0197714
0.344578
0.0720537
0.
-0.000179604
0.322776
-0.103995
0.
0.015388
0.314037
0.0402062
0.
-0.0181517
0.320249
-0.0628803
0.
-0.00180139
0.
0.
0.
-0.131658
0.
0.
0.
-0.00352091
0.
0.
0.
-0.0040612
0.
0.
0.
0.119602
0.
0.
0.
-0.0600365
0.
0.
0.
-0.154069
0.
0.
0.
-0.208174
0.
0.
0.
0.0301571
0.
0.
0.
-0.0207657
0.
0.
0.
-0.0232591
0.
0.
0.
-0.165175
0.
0.
0.
0.0292235
0.
0.
0.
-0.0825694
0.
0.
0.
-0.00135422
0.
0.
0.
0.139763
0.
0.
0.
0.0285363
0.
0.
0.
-0.000928214
0.
0.
0.
0.00793218
1.
0.
0.
0.0433854
0.397244
-0.00832986
-0.000450301
-0.00332546
0.379019
0.
-0.0036144
-0.00386531
0.270151
0.
-0.00256116
-0.0132946
0.301912
0.
0.0192425
0.0479627
0.378282
0.
0.00469601
-0.0100846
0.272276
0.
0.0137624
-0.0126711
0.313435
0.
-0.00603799
0.05776
0.303807
0.0195566
0.
0.0571955
0.380993
0.0186392
0.
-0.00155555
0.256896
0.0212085
0.
-0.0174843
0.283082
0.00197865
0.
0.0525385
0.38315
0.0148283
0.
-0.00293699
0.264963
0.0168008
0.
-0.0170035
0.248065
0.0218546
-0.0547821
-0.00776717
0.248666
-0.0251899
0.0236642
-0.0200463
0.366514
-0.0245398
-0.0694352
0.00729602
0.426016
-0.142177
-0.151213
0.120919
0.355819
0.134549
-0.155668
0.0807668
0.340158
-0.0247005
0.0271934
0.0297599
0.360082
0.12125
0.0990192
0.0937718
0.27745
-0.0154462
-0.0296178
-0.00755445
0.40351
0.00185677
-0.0480038
0.00960367
0.257415
0.0216144
0.0319769
-0.000472765
0.373647
0.00692975
0.045884
0.0104863
0.316054
-0.1166
0.139226
0.0918486
0.402531
-0.00873331
-0.00637084
0.0213592
0.317468
0.0054984
0.071257
-0.0756223
0.344429
0.038559
0.143323
0.0834038
