Vec Object: 1 MPI process
  type: seq
0.
0.
0.
-0.079045
0.
0.
0.
0.019144
0.169533
-0.167919
0.
-0.049494
0.175712
-0.179898
0.
-0.0523677
0.189742
0.20738
0.
-0.0438463
0.182779
0.163708
0.
-0.0404307
0.389722
0.00841156
0.
-0.000597016
0.376615
0.00737198
0.
0.00962373
0.392476
-0.0219087
0.
0.00933254
0.399222
-0.0161891
0.
0.00333649
0.
0.
0.
-0.0183064
0.
0.
0.
-0.0556384
0.324811
-0.057955
0.
-0.0117795
0.31654
0.0900195
0.
0.00297033
0.32996
-0.0503238
0.
-0.0150626
0.321178
0.1095
0.
0.0155843
0.35694
0.0756722
0.
-0.00498435
0.32167
-0.101674
0.
0.0122562
0.323699
0.0359451
0.
-0.0100381
0.320433
-0.0619329
0.
-0.00323042
0.
0.
0.
-0.106067
0.
0.
0.
0.0254112
0.
0.
0.
-0.0128128
0.
0.
0.
0.153091
0.
0.
0.
-0.039627
0.
0.
0.
-0.137759
0.
0.
0.
-0.232554
0.
0.
0.
-0.0124417
0.
0.
0.
-0.0661669
0.
0.
0.
-0.0382226
0.
0.
0.
-0.143823
0.
0.
0.
0.0377772
0.
0.
0.
-0.0951807
0.
0.
0.
0.0132739
0.
0.
0.
0.0630729
0.
0.
0.
-0.0365858
0.
0.
0.
-0.0121691
0.
0.
0.
0.010996
1.
0.
0.
0.0330827
0.390583
-0.00784879
0.000220009
-0.00104725
0.38275
0.
-0.00470198
-0.00567281
0.265304
0.
-0.00450616
-0.0070091
0.273448
0.
0.0245129
0.0345477
0.376184
0.
0.00574042
-0.00970193
0.265518
0.
0.0171567
-0.00187247
0.289099
0.
-0.00386416
0.0349317
0.268287
0.0245761
0.
0.0324676
0.384117
0.0171683
0.
-0.00330519
0.252146
0.0165296
0.
-0.01085
0.24981
0.00825042
0.
0.0325513
0.382242
0.0167139
0.
-0.00365304
0.260542
0.0185565
0.
-0.00678759
0.252392
0.0268105
-0.0538068
-0.000186452
0.248894
-0.0236912
0.0214659
-0.00402334
0.372081
-0.020819
-0.0959015
-0.00347755
0.435589
-0.172185
-0.174287
0.0875201
0.363777
0.162966
-0.18142
0.0533598
0.332445
-0.058576
0.0226142
0.0137422
0.370582
0.135917
0.121656
0.0624237
0.298345
-0.015958
-0.0311808
-0.00758179
0.412275
0.0021518
-0.0588961
-0.000703093
0.253655
0.0182418
0.0333583
0.0151661
0.405771
0.0230379
0.0676072
-0.000719023
0.3319
-0.14021
0.155399
0.0684779
0.426568
-0.0112962
-0.000113042
0.00689677
0.310875
0.0584007
0.0890194
-0.0801877
0.35991
0.0490988
0.15554
0.0546712
