Vec Object: 1 MPI process
  type: seq
0.
0.
0.
-0.105602
0.
0.
0.
0.0304437
0.163693
-0.167178
0.
-0.0716466
0.172718
-0.178188
0.
-0.067503
0.189578
0.204426
0.
-0.056448
0.177764
0.16565
0.
-0.0681685
0.387897
0.00939117
0.
0.00304541
0.375327
0.00912492
0.
0.00653527
0.390118
-0.0204311
0.
0.00777004
0.396484
-0.0181666
0.
0.00897659
0.
0.
0.
-0.0302282
0.
0.
0.
-0.0771707
0.31287
-0.0565675
0.
-0.0162291
0.31972
0.0885154
0.
0.00374009
0.317788
-0.0512213
0.
-0.0103566
0.322931
0.114242
0.
0.0199223
0.344031
0.071844
0.
0.000158
0.322836
-0.104072
0.
0.0154818
0.313574
0.0404099
0.
-0.0185657
0.32028
-0.0628994
0.
-0.00178758
0.
0.
0.
-0.132347
0.
0.
0.
-0.00521179
0.
0.
0.
-0.00289389
0.
0.
0.
0.117443
0.
0.
0.
-0.0614514
0.
0.
0.
-0.154201
0.
0.
0.
-0.206
0.
0.
0.
0.0330313
0.
0.
0.
-0.0176556
0.
0.
0.
-0.0217353
0.
0.
0.
-0.164995
0.
0.
0.
0.0291023
0.
0.
0.
-0.0809873
0.
0.
0.
-0.00199503
0.
0.
0.
0.144017
0.
0.
0.
0.0325481
0.
0.
0.
0.000577581
0.
0.
0.
0.00759877
1.
0.
0.
0.0437793
0.397485
-0.00834177
-0.000475453
-0.00339735
0.378864
0.
-0.00355847
-0.00377562
0.270391
0.
-0.00247605
-0.0136335
0.303177
0.
0.0190063
0.0486479
0.378339
0.
0.00463296
-0.0100859
0.272561
0.
0.0136092
-0.0132264
0.314493
0.
-0.00611415
0.0589143
0.305359
0.019309
0.
0.0585244
0.380869
0.0187128
0.
-0.00146818
0.257156
0.021375
0.
-0.0178548
0.284495
0.00174967
0.
0.0536537
0.38316
0.0147184
0.
-0.00290214
0.265181
0.0166706
0.
-0.0175614
0.247885
0.0215895
-0.0546726
-0.00829535
0.248647
-0.0251192
0.0236638
-0.0209531
0.366028
-0.0247591
-0.0682426
0.00787161
0.42578
-0.140645
-0.150143
0.122647
0.355788
0.133116
-0.154446
0.0822692
0.339857
-0.023056
0.0273072
0.0306412
0.359677
0.120367
0.0979645
0.0955092
0.276513
-0.0153454
-0.0295368
-0.00764227
0.402737
0.0018336
-0.0473502
0.0101565
0.257503
0.0215475
0.0318666
-0.00134341
0.372184
0.00623123
0.044998
0.0111466
0.315581
-0.115415
0.138404
0.0931385
0.401226
-0.00854738
-0.0066502
0.0222266
0.317064
0.00317505
0.0702463
-0.074736
0.34391
0.0379808
0.142557
0.0850686
