Vec Object: 1 MPI process
  type: seq
0.
0.
0.
-0.112588
0.
0.
0.
0.0394267
0.161862
-0.167228
0.
-0.0788654
0.171871
-0.177901
0.
-0.072133
0.189974
0.203577
0.
-0.059717
0.176055
0.166451
0.
-0.0769801
0.387333
0.00992369
0.
0.00457191
0.375159
0.00946858
0.
0.00573277
0.389749
-0.0200076
0.
0.0069619
0.39564
-0.0189532
0.
0.0111046
0.
0.
0.
-0.0349209
0.
0.
0.
-0.0868016
0.30954
-0.0561095
0.
-0.017223
0.320461
0.0880102
0.
0.00358726
0.314547
-0.0511042
0.
-0.0083197
0.323472
0.115274
0.
0.020699
0.340529
0.0704069
0.
0.00256118
0.323232
-0.104478
0.
0.0158813
0.310537
0.041709
0.
-0.021205
0.320531
-0.0629572
0.
-0.0019161
0.
0.
0.
-0.135177
0.
0.
0.
-0.0164127
0.
0.
0.
0.00649407
0.
0.
0.
0.103055
0.
0.
0.
-0.0711112
0.
0.
0.
-0.153233
0.
0.
0.
-0.189506
0.
0.
0.
0.0535865
0.
0.
0.
0.00461845
0.
0.
0.
-0.00994267
0.
0.
0.
-0.160882
0.
0.
0.
0.0292496
0.
0.
0.
-0.0684615
0.
0.
0.
-0.00584121
0.
0.
0.
0.172914
0.
0.
0.
0.060538
0.
0.
0.
0.0126832
0.
0.
0.
0.00522665
1.
0.
0.
0.0461274
0.398928
-0.0084081
-0.000633008
-0.0036915
0.377916
0.
-0.00319023
-0.0032369
0.271946
0.
-0.00193501
-0.0159636
0.31131
0.
0.0175009
0.053244
0.378668
0.
0.00420224
-0.010115
0.274349
0.
0.0126249
-0.0169363
0.321221
0.
-0.00657622
0.0665429
0.315259
0.0177006
0.
0.0674453
0.380128
0.0191869
0.
-0.000943473
0.258868
0.0223703
0.
-0.020402
0.29346
0.000382811
0.
0.0612709
0.383199
0.0139722
0.
-0.00272358
0.266614
0.0157608
0.
-0.0213632
0.246769
0.0197903
-0.0536724
-0.0120145
0.248532
-0.024447
0.0234676
-0.0270952
0.362459
-0.0262391
-0.0606946
0.0117885
0.424692
-0.130548
-0.143194
0.134163
0.356167
0.123685
-0.14652
0.0924168
0.336677
-0.0126292
0.0277957
0.0366586
0.357236
0.114263
0.0912365
0.107327
0.270536
-0.0145006
-0.0289792
-0.00833116
0.397001
0.00166093
-0.0429612
0.0139482
0.257933
0.0207186
0.0310344
-0.00715598
0.362734
0.00185404
0.0395363
0.0157886
0.312998
-0.107605
0.132936
0.10194
0.392486
-0.00725394
-0.00836492
0.0282844
0.31297
-0.0110679
0.0635759
-0.0672804
0.340884
0.0341243
0.137248
0.0965539
