Vec Object: 1 MPI process
  type: seq
0.
0.
0.
-0.0784434
0.
0.
0.
0.019203
0.169694
-0.167967
0.
-0.0489343
0.175815
-0.179967
0.
-0.051929
0.189791
0.207467
0.
-0.0434647
0.182896
0.163683
0.
-0.0397449
0.389773
0.00840791
0.
-0.000671585
0.376684
0.00729466
0.
0.00967994
0.392579
-0.0219519
0.
0.00932502
0.399299
-0.0161527
0.
0.00320766
0.
0.
0.
-0.0181356
0.
0.
0.
-0.0553755
0.325169
-0.0580015
0.
-0.0116647
0.316429
0.0900668
0.
0.00294211
0.330337
-0.0502641
0.
-0.0151298
0.321136
0.109342
0.
0.0154493
0.357332
0.0757517
0.
-0.00504857
0.321644
-0.101588
0.
0.0121453
0.323984
0.0358275
0.
-0.00984499
0.320474
-0.0618897
0.
-0.00328809
0.
0.
0.
-0.105146
0.
0.
0.
0.0259479
0.
0.
0.
-0.0126624
0.
0.
0.
0.153481
0.
0.
0.
-0.0394228
0.
0.
0.
-0.137018
0.
0.
0.
-0.232679
0.
0.
0.
-0.0131644
0.
0.
0.
-0.0668981
0.
0.
0.
-0.0382014
0.
0.
0.
-0.142597
0.
0.
0.
0.0381077
0.
0.
0.
-0.0949888
0.
0.
0.
0.0136865
0.
0.
0.
0.0612581
0.
0.
0.
-0.0378844
0.
0.
0.
-0.0119798
0.
0.
0.
0.0109321
1.
0.
0.
0.0327279
0.390333
-0.00782422
0.0002463
-0.000975493
0.38287
0.
-0.00472981
-0.00571146
0.265174
0.
-0.00456915
-0.00684928
0.272543
0.
0.0246735
0.0341797
0.376082
0.
0.00576018
-0.00966665
0.265297
0.
0.0172627
-0.00159485
0.288316
0.
-0.00377468
0.0343281
0.26715
0.0247084
0.
0.0318612
0.384221
0.0171303
0.
-0.003342
0.252043
0.0163461
0.
-0.0106957
0.248701
0.0084843
0.
0.0320733
0.382183
0.0167529
0.
-0.00366112
0.26042
0.0185678
0.
-0.0065397
0.252523
0.0269448
-0.0536749
-7.91161e-05
0.248882
-0.0235334
0.0213308
-0.00366913
0.372087
-0.0207442
-0.0966865
-0.00374977
0.436009
-0.172956
-0.174983
0.0866494
0.364271
0.163715
-0.182157
0.0527039
0.331769
-0.0594224
0.0224324
0.0133607
0.370947
0.13622
0.122289
0.0616762
0.298983
-0.015941
-0.0312284
-0.00763926
0.412299
0.00215513
-0.0590875
-0.000967684
0.253471
0.0179792
0.0333805
0.0155115
0.406762
0.023535
0.068328
-0.000971643
0.332565
-0.140841
0.155833
0.0679056
0.427134
-0.0113154
5.9386e-05
0.00658383
0.310252
0.0598825
0.0893545
-0.0799807
0.36053
0.0493297
0.155759
0.0540207
