Vec Object: 1 MPI process
  type: seq
0.
0.
0.
-0.0948701
0.
0.
0.
0.0226235
0.166039
-0.167274
0.
-0.0624798
0.173809
-0.178714
0.
-0.0615596
0.189324
0.205564
0.
-0.0517517
0.179906
0.164699
0.
-0.0567138
0.388615
0.00883798
0.
0.00137335
0.375634
0.00860507
0.
0.0078462
0.390792
-0.0210069
0.
0.00872112
0.397567
-0.0172503
0.
0.00650196
0.
0.
0.
-0.0244712
0.
0.
0.
-0.0661992
0.317419
-0.0570953
0.
-0.0145339
0.318616
0.0891059
0.
0.00357388
0.322318
-0.0511268
0.
-0.0126661
0.322212
0.112586
0.
0.0184092
0.34889
0.0735613
0.
-0.00247233
0.322332
-0.103293
0.
0.0144524
0.317576
0.0386248
0.
-0.0149763
0.320102
-0.0626519
0.
-0.00212724
0.
0.
0.
-0.124389
0.
0.
0.
0.00886994
0.
0.
0.
-0.0106594
0.
0.
0.
0.135155
0.
0.
0.
-0.0501384
0.
0.
0.
-0.15079
0.
0.
0.
-0.221749
0.
0.
0.
0.0105989
0.
0.
0.
-0.0418583
0.
0.
0.
-0.0324519
0.
0.
0.
-0.162678
0.
0.
0.
0.0312499
0.
0.
0.
-0.0917039
0.
0.
0.
0.00387601
0.
0.
0.
0.108763
0.
0.
0.
0.000336039
0.
0.
0.
-0.009425
0.
0.
0.
0.0100616
1.
0.
0.
0.0400605
0.395188
-0.00821514
-0.000243315
-0.00260884
0.380287
0.
-0.00403554
-0.00457778
0.268324
0.
-0.00323467
-0.0108222
0.291978
0.
0.0211044
0.042855
0.377756
0.
0.00514713
-0.0100621
0.269982
0.
0.0149611
-0.00851155
0.305037
0.
-0.00539205
0.0490503
0.291513
0.0214535
0.
0.0473851
0.382026
0.0180755
0.
-0.00224854
0.254965
0.0197888
0.
-0.0147974
0.2718
0.00392635
0.
0.0444508
0.38301
0.015622
0.
-0.00323689
0.263301
0.0176915
0.
-0.0129265
0.249544
0.0237926
-0.0551871
-0.00416247
0.248813
-0.0253789
0.0233741
-0.0134465
0.369639
-0.0229553
-0.0788646
0.00306769
0.428463
-0.15373
-0.159498
0.108011
0.356967
0.145391
-0.165103
0.0697588
0.340617
-0.0375311
0.0259779
0.0233339
0.363474
0.127514
0.107278
0.0811195
0.284827
-0.0159659
-0.030207
-0.00711449
0.408434
0.00200612
-0.0527392
0.00556489
0.256509
0.0215178
0.032674
0.00593313
0.385046
0.0125287
0.0531347
0.00582148
0.320448
-0.125566
0.145392
0.082471
0.412166
-0.0100126
-0.00411738
0.015237
0.318449
0.0243387
0.078738
-0.080256
0.348983
0.0428378
0.14872
0.0714899
