Vec Object: 1 MPI process
  type: seq
0.
0.
0.
-0.0743987
0.
0.
0.
0.0202068
0.170969
-0.168424
0.
-0.0446876
0.176695
-0.18056
0.
-0.0484114
0.190291
0.208162
0.
-0.040428
0.18376
0.163583
0.
-0.0346445
0.390181
0.00844213
0.
-0.00120373
0.377322
0.00660334
0.
0.0099965
0.393469
-0.0223035
0.
0.00913443
0.399907
-0.015913
0.
0.00224777
0.
0.
0.
-0.017203
0.
0.
0.
-0.0540254
0.328051
-0.0583992
0.
-0.01084
0.3155
0.0904707
0.
0.00274386
0.333401
-0.0497174
0.
-0.0154983
0.320829
0.108041
0.
0.0143901
0.360495
0.0763187
0.
-0.00538251
0.321462
-0.100878
0.
0.0112596
0.326242
0.0349286
0.
-0.00847737
0.320896
-0.0615165
0.
-0.00374164
0.
0.
0.
-0.097998
0.
0.
0.
0.0293137
0.
0.
0.
-0.0108795
0.
0.
0.
0.154798
0.
0.
0.
-0.0388266
0.
0.
0.
-0.131062
0.
0.
0.
-0.232581
0.
0.
0.
-0.0178201
0.
0.
0.
-0.0714482
0.
0.
0.
-0.0372845
0.
0.
0.
-0.13225
0.
0.
0.
0.0405826
0.
0.
0.
-0.0925564
0.
0.
0.
0.0167864
0.
0.
0.
0.048037
0.
0.
0.
-0.046762
0.
0.
0.
-0.00976377
0.
0.
0.
0.0100847
1.
0.
0.
0.0298651
0.388227
-0.00759983
0.000473435
-0.000435666
0.38382
0.
-0.00493737
-0.00595861
0.264193
0.
-0.00508382
-0.0056559
0.265256
0.
0.0259367
0.0313325
0.375152
0.
0.00588707
-0.00930737
0.263508
0.
0.0181162
0.000449013
0.281994
0.
-0.00298797
0.0297926
0.25799
0.025688
0.
0.0273967
0.385066
0.0168474
0.
-0.00357389
0.251364
0.0147673
0.
-0.00959407
0.239633
0.0104464
0.
0.0285479
0.381616
0.0170172
0.
-0.00366833
0.259485
0.0185486
0.
-0.00473032
0.253514
0.0280195
-0.0524364
0.000542762
0.248681
-0.0219971
0.0201215
-0.0011824
0.371754
-0.0202367
-0.102771
-0.0057629
0.439589
-0.178664
-0.180481
0.0800872
0.368782
0.169317
-0.187846
0.0479056
0.32555
-0.0653892
0.020976
0.0106181
0.373918
0.138324
0.12705
0.056195
0.303986
-0.0158163
-0.0316271
-0.00815547
0.412017
0.0021698
-0.0602302
-0.00294351
0.251814
0.015543
0.0335593
0.0179233
0.414649
0.0274206
0.0741212
-0.00278079
0.33827
-0.145601
0.159126
0.0636412
0.431201
-0.0113095
0.0013211
0.00434723
0.304653
0.0707409
0.091399
-0.0778982
0.365825
0.0508758
0.157142
0.0493038
