Vec Object: 1 MPI process
  type: seq
0.
0.
0.
-0.104114
0.
0.
0.
0.180299
0.147474
-0.168367
0.
-0.129944
0.163185
-0.177599
0.
-0.108302
0.197684
0.195473
0.
-0.0655352
0.162826
0.172539
0.
-0.136366
0.379101
0.0186876
0.
0.0398825
0.370764
0.0155487
0.
0.0239469
0.384785
-0.0205638
0.
0.0240889
0.385667
-0.0288028
0.
0.0485437
0.
0.
0.
-0.0633078
0.
0.
0.
-0.164987
0.286229
-0.0500337
0.
-0.0198686
0.324706
0.0786874
0.
-0.0206426
0.292895
-0.0472163
0.
0.004919
0.327359
0.112572
0.
-0.00180627
0.317153
0.0587289
0.
0.0178953
0.326289
-0.0980367
0.
-0.00907388
0.287143
0.0481699
0.
-0.0349814
0.323179
-0.0575422
0.
-0.0305453
0.
0.
0.
-0.0562691
0.
0.
0.
-0.0790005
0.
0.
0.
0.160847
0.
0.
0.
0.0272841
0.
0.
0.
-0.134182
0.
0.
0.
-0.0434477
0.
0.
0.
0.0424227
0.
0.
0.
0.285002
0.
0.
0.
0.254199
0.
0.
0.
0.162591
0.
0.
0.
0.014538
0.
0.
0.
0.0847549
0.
0.
0.
0.123895
0.
0.
0.
-0.00871713
0.
0.
0.
0.432044
0.
0.
0.
0.342454
0.
0.
0.
0.209276
0.
0.
0.
-0.0122915
1.
0.
0.
0.0614514
0.402927
-0.00855107
-0.00155934
0.0249706
0.376264
0.
-0.000619367
-0.00636179
0.281602
0.
0.0012051
-0.0541598
0.36752
0.
0.00825798
0.0958915
0.383639
0.
0.000775803
-0.0134368
0.28363
0.
0.00644216
-0.0621925
0.363188
0.
-0.00845215
0.129007
0.379198
0.00688863
0.
0.14092
0.380468
0.0209506
0.
-0.00425865
0.270206
0.0252719
0.
-0.0601605
0.350217
-0.00394901
0.
0.13665
0.387421
0.00805706
0.
-0.00522765
0.275955
0.00842588
0.
-0.0698239
0.239615
0.0044853
-0.03661
-0.0520871
0.246807
-0.0139555
0.0153616
-0.0894075
0.32104
-0.035589
-0.0201416
0.0465382
0.435812
-0.0564887
-0.0922883
0.229849
0.378168
0.0544327
-0.0915298
0.179438
0.271476
0.0361589
0.0204214
0.0938981
0.348109
0.0575445
0.0519723
0.217261
0.23144
-0.00106571
-0.0230747
-0.016253
0.328875
-0.000425443
-0.0135532
0.0525733
0.254629
0.0018574
0.020318
-0.0573952
0.295982
-0.0204854
0.014404
0.0661701
0.312853
-0.0488877
0.0882553
0.185963
0.323353
0.00302299
-0.0127521
0.0873103
0.22747
-0.0590618
0.0224883
0.0718769
0.331302
0.00501591
0.0880713
0.211274
