Vec Object: 1 MPI process
  type: seq
0.
0.
0.
-0.079449
0.
0.
0.
0.0191146
0.169428
-0.167888
0.
-0.0498633
0.175646
-0.179854
0.
-0.0526545
0.189711
0.207324
0.
-0.0440958
0.182701
0.163725
0.
-0.0408845
0.389688
0.00841486
0.
-0.000547299
0.376571
0.00742149
0.
0.00958511
0.392411
-0.0218805
0.
0.00933552
0.399172
-0.0162137
0.
0.0034218
0.
0.
0.
-0.0184247
0.
0.
0.
-0.0558222
0.324578
-0.057925
0.
-0.0118557
0.316611
0.0899889
0.
0.00298909
0.329713
-0.0503617
0.
-0.0150162
0.321206
0.109603
0.
0.0156728
0.356684
0.0756191
0.
-0.0049396
0.321687
-0.10173
0.
0.0123287
0.323513
0.0360227
0.
-0.0101669
0.320408
-0.0619607
0.
-0.00319269
0.
0.
0.
-0.10667
0.
0.
0.
0.0250465
0.
0.
0.
-0.0129011
0.
0.
0.
0.152809
0.
0.
0.
-0.0397762
0.
0.
0.
-0.13824
0.
0.
0.
-0.232455
0.
0.
0.
-0.0119515
0.
0.
0.
-0.0656686
0.
0.
0.
-0.0382239
0.
0.
0.
-0.144613
0.
0.
0.
0.0375596
0.
0.
0.
-0.0952912
0.
0.
0.
0.0130015
0.
0.
0.
0.0642787
0.
0.
0.
-0.0357137
0.
0.
0.
-0.0122804
0.
0.
0.
0.0110324
1.
0.
0.
0.033314
0.390746
-0.00786445
0.00020306
-0.00109458
0.382672
0.
-0.00468357
-0.00564667
0.26539
0.
-0.00446512
-0.00711481
0.274039
0.
0.0244076
0.0347897
0.37625
0.
0.00572704
-0.0097239
0.265663
0.
0.0170875
-0.00205641
0.289611
0.
-0.00392168
0.0353305
0.26903
0.0244886
0.
0.0328697
0.384048
0.0171934
0.
-0.00328025
0.252214
0.0166481
0.
-0.0109528
0.250532
0.00809887
0.
0.0328683
0.38228
0.0166877
0.
-0.00364697
0.260622
0.0185474
0.
-0.00695216
0.252305
0.0267225
-0.0538901
-0.00026045
0.248901
-0.0237903
0.0215522
-0.00426005
0.372072
-0.0208693
-0.0953858
-0.00329726
0.435318
-0.171674
-0.173831
0.0880953
0.363463
0.162472
-0.180935
0.0537953
0.332874
-0.0580119
0.0227328
0.013996
0.370344
0.135714
0.121237
0.06292
0.297928
-0.0159689
-0.0311499
-0.00754544
0.412252
0.00214945
-0.0587653
-0.000528153
0.253773
0.0184082
0.0333436
0.014935
0.405124
0.022712
0.0671366
-0.000550775
0.331471
-0.139793
0.155112
0.0688569
0.426191
-0.0112813
-0.000227274
0.0071055
0.311271
0.0574195
0.0887912
-0.0803154
0.35951
0.0489438
0.155391
0.055104
