Vec Object: 1 MPI process
  type: seq
0.
0.
0.
-0.075549
0.
0.
0.
0.019789
0.170559
-0.168263
0.
-0.0460142
0.176399
-0.180358
0.
-0.0495496
0.190109
0.207938
0.
-0.0414052
0.183494
0.163596
0.
-0.0362153
0.390051
0.00841843
0.
-0.0010443
0.377098
0.00684127
0.
0.00992113
0.393167
-0.0221885
0.
0.0092214
0.399712
-0.0159804
0.
0.00254443
0.
0.
0.
-0.0174207
0.
0.
0.
-0.0543207
0.327115
-0.0582654
0.
-0.0110874
0.315809
0.0903347
0.
0.00280165
0.332403
-0.0499075
0.
-0.015412
0.320921
0.108468
0.
0.0147279
0.359468
0.0761485
0.
-0.00530879
0.321517
-0.101112
0.
0.0115448
0.325515
0.0352108
0.
-0.00888401
0.320741
-0.0616425
0.
-0.00359733
0.
0.
0.
-0.100253
0.
0.
0.
0.0284063
0.
0.
0.
-0.0115561
0.
0.
0.
0.154729
0.
0.
0.
-0.0388198
0.
0.
0.
-0.13298
0.
0.
0.
-0.232817
0.
0.
0.
-0.0165272
0.
0.
0.
-0.0702227
0.
0.
0.
-0.0377149
0.
0.
0.
-0.135677
0.
0.
0.
0.0398245
0.
0.
0.
-0.0935028
0.
0.
0.
0.0158259
0.
0.
0.
0.0520558
0.
0.
0.
-0.0441832
0.
0.
0.
-0.0106001
0.
0.
0.
0.0104211
1.
0.
0.
0.030793
0.388927
-0.00767791
0.000396655
-0.000602715
0.383515
0.
-0.00487323
-0.00589132
0.264498
0.
-0.00491516
-0.00602455
0.26762
0.
0.0255334
0.0322338
0.375474
0.
0.00585217
-0.00943902
0.264088
0.
0.017839
-0.000175181
0.284048
0.
-0.00325678
0.0311994
0.26096
0.0253873
0.
0.0287638
0.384791
0.0169349
0.
-0.00351167
0.251556
0.0152999
0.
-0.00992374
0.242602
0.00979448
0.
0.0296299
0.381817
0.0169411
0.
-0.00367775
0.259779
0.0185764
0.
-0.00528041
0.253209
0.0276701
-0.05287
0.000385263
0.248768
-0.022547
0.0205365
-0.0019182
0.371935
-0.0203833
-0.100847
-0.00514576
0.438392
-0.176913
-0.178719
0.0821283
0.367216
0.167584
-0.18605
0.0493689
0.327709
-0.0636275
0.021444
0.0114418
0.372949
0.137706
0.125577
0.0578696
0.30239
-0.0158512
-0.0314941
-0.00798116
0.412196
0.00216744
-0.0599374
-0.00233382
0.252386
0.0163942
0.0334995
0.0172127
0.412108
0.026186
0.0722471
-0.00223809
0.336353
-0.144121
0.158098
0.0649588
0.429979
-0.0113431
0.000938495
0.00501929
0.30657
0.0674466
0.0908651
-0.0786434
0.364047
0.0504378
0.156767
0.0507352
