Vec Object: 1 MPI process
  type: seq
0.
0.
0.
-0.119691
0.
0.
0.
0.117756
0.152312
-0.168279
0.
-0.115378
0.166559
-0.177657
0.
-0.0972453
0.193729
0.199182
0.
-0.0702391
0.167242
0.170686
0.
-0.118998
0.383463
0.014123
0.
0.0188049
0.373554
0.0120438
0.
0.00922707
0.387912
-0.0189072
0.
0.00834814
0.390513
-0.0240584
0.
0.0274523
0.
0.
0.
-0.0542056
0.
0.
0.
-0.136888
0.294356
-0.0523552
0.
-0.0169949
0.32333
0.0836645
0.
-0.00478767
0.300328
-0.0486314
0.
0.00373696
0.325949
0.116305
0.
0.0148291
0.325116
0.0624511
0.
0.0164107
0.325154
-0.102936
0.
0.00830871
0.295692
0.0463561
0.
-0.0297201
0.322234
-0.061019
0.
-0.0120688
0.
0.
0.
-0.10326
0.
0.
0.
-0.0622009
0.
0.
0.
0.0916199
0.
0.
0.
0.0452147
0.
0.
0.
-0.115084
0.
0.
0.
-0.101447
0.
0.
0.
-0.0590244
0.
0.
0.
0.1897
0.
0.
0.
0.151919
0.
0.
0.
0.0872018
0.
0.
0.
-0.0732931
0.
0.
0.
0.0554983
0.
0.
0.
0.0391711
0.
0.
0.
-0.0120909
0.
0.
0.
0.332583
0.
0.
0.
0.230306
0.
0.
0.
0.121076
0.
0.
0.
-0.00555823
1.
0.
0.
0.0531861
0.402995
-0.00859823
-0.00129981
0.00404329
0.37544
0.
-0.00148187
-0.00342395
0.278676
0.
0.000269274
-0.0330141
0.348361
0.
0.0111677
0.0786957
0.380675
0.
0.00194302
-0.0118651
0.281132
0.
0.00837198
-0.0392931
0.34986
0.
-0.00812327
0.105158
0.358245
0.010472
0.
0.113838
0.378782
0.0208446
0.
-0.00122927
0.266623
0.0251739
0.
-0.0385493
0.331835
-0.00348566
0.
0.10557
0.38433
0.0100898
0.
-0.0039154
0.27306
0.0108807
0.
-0.0455708
0.242268
0.0100495
-0.0439772
-0.0336588
0.247816
-0.0182275
0.0191344
-0.0613805
0.338105
-0.0331798
-0.0313861
0.0349106
0.428734
-0.0821914
-0.110383
0.19337
0.367803
0.0785512
-0.11034
0.146679
0.300471
0.0252148
0.0247915
0.0723709
0.349951
0.0791939
0.0637603
0.173992
0.244607
-0.00671024
-0.0255412
-0.0115194
0.356943
0.000398129
-0.0225458
0.0378099
0.257036
0.0100614
0.0247975
-0.0357979
0.319262
-0.0145804
0.0205381
0.0468892
0.310072
-0.0696583
0.104782
0.152646
0.348165
-0.000423826
-0.0130213
0.065611
0.266075
-0.0532847
0.0345262
0.00805973
0.332918
0.0151127
0.106806
0.16501
