Vec Object: 1 MPI process
  type: seq
0.
0.
0.
-0.101185
0.
0.
0.
0.0265646
0.164697
-0.167194
0.
-0.067703
0.173179
-0.17839
0.
-0.0649672
0.189429
0.204905
0.
-0.0545061
0.178691
0.165228
0.
-0.0632701
0.388203
0.00913456
0.
0.002294
0.375439
0.00891953
0.
0.00707321
0.390372
-0.0206743
0.
0.00820454
0.396946
-0.0177599
0.
0.00788399
0.
0.
0.
-0.0276878
0.
0.
0.
-0.0722171
0.314777
-0.0567974
0.
-0.0155491
0.319271
0.0887728
0.
0.00370955
0.319672
-0.0512176
0.
-0.0113936
0.322626
0.113577
0.
0.0193339
0.346058
0.0726001
0.
-0.00104004
0.322618
-0.103772
0.
0.0151022
0.315273
0.0396576
0.
-0.0170403
0.320178
-0.0628168
0.
-0.00187429
0.
0.
0.
-0.129506
0.
0.
0.
0.000934016
0.
0.
0.
-0.00683248
0.
0.
0.
0.12526
0.
0.
0.
-0.0563739
0.
0.
0.
-0.153367
0.
0.
0.
-0.213529
0.
0.
0.
0.0228349
0.
0.
0.
-0.0286798
0.
0.
0.
-0.0269651
0.
0.
0.
-0.165075
0.
0.
0.
0.0297194
0.
0.
0.
-0.0863576
0.
0.
0.
0.000413253
0.
0.
0.
0.12862
0.
0.
0.
0.0181801
0.
0.
0.
-0.00450153
0.
0.
0.
0.00876873
1.
0.
0.
0.042287
0.396569
-0.00829502
-0.000381252
-0.00310553
0.379446
0.
-0.00376303
-0.00411066
0.269512
0.
-0.00279176
-0.0124084
0.298498
0.
0.0198815
0.046153
0.378119
0.
0.00486016
-0.0100811
0.271497
0.
0.0141755
-0.0112009
0.310565
0.
-0.00582603
0.0546929
0.2996
0.0202192
0.
0.0536954
0.381337
0.0184419
0.
-0.00179445
0.25621
0.0207434
0.
-0.016517
0.279241
0.00261828
0.
0.0496244
0.383117
0.0151154
0.
-0.00303675
0.26438
0.0171346
0.
-0.0155419
0.248562
0.0225494
-0.055013
-0.00641685
0.248717
-0.0253304
0.0236235
-0.0176706
0.367727
-0.0239661
-0.0726685
0.0057854
0.426738
-0.146248
-0.154085
0.116346
0.356029
0.138362
-0.158947
0.0768221
0.340701
-0.0291421
0.0268382
0.0274529
0.361207
0.123539
0.101868
0.0892231
0.279982
-0.015678
-0.0298292
-0.00735073
0.405434
0.0019145
-0.0497166
0.00815689
0.257147
0.0217073
0.0322497
0.0018205
0.377584
0.00883396
0.0483197
0.00878172
0.317427
-0.119753
0.141404
0.0884751
0.40597
-0.00921094
-0.00560532
0.0191181
0.318241
0.0118765
0.0739294
-0.0776674
0.345898
0.0400848
0.145305
0.0790769
