Vec Object: 1 MPI process
  type: seq
0.
0.
0.
-0.122837
0.
0.
0.
0.0869707
0.155439
-0.167882
0.
-0.103861
0.168502
-0.177569
0.
-0.0888912
0.192204
0.200717
0.
-0.0682608
0.1701
0.169321
0.
-0.105994
0.385032
0.0124129
0.
0.0123836
0.374357
0.0109056
0.
0.0061404
0.38872
-0.0189509
0.
0.00599344
0.392448
-0.0221299
0.
0.0205827
0.
0.
0.
-0.0490542
0.
0.
0.
-0.121125
0.299079
-0.0538388
0.
-0.017751
0.322506
0.0855307
0.
-0.000175197
0.30468
-0.0497001
0.
-0.000178533
0.325178
0.11685
0.
0.0190918
0.329824
0.0650725
0.
0.0121089
0.324543
-0.104228
0.
0.0130813
0.300473
0.0452184
0.
-0.0278339
0.321663
-0.0621245
0.
-0.00649968
0.
0.
0.
-0.121688
0.
0.
0.
-0.0500378
0.
0.
0.
0.0578704
0.
0.
0.
0.0601091
0.
0.
0.
-0.102581
0.
0.
0.
-0.126281
0.
0.
0.
-0.109051
0.
0.
0.
0.140395
0.
0.
0.
0.0986849
0.
0.
0.
0.0496766
0.
0.
0.
-0.112533
0.
0.
0.
0.0425665
0.
0.
0.
-0.00274749
0.
0.
0.
-0.0125055
0.
0.
0.
0.27857
0.
0.
0.
0.170797
0.
0.
0.
0.078342
0.
0.
0.
-0.0025975
1.
0.
0.
0.0512945
0.402203
-0.00855638
-0.00110313
-0.000908887
0.375784
0.
-0.00200506
-0.00268793
0.276721
0.
-0.000359698
-0.0259408
0.336827
0.
0.0130286
0.0699081
0.379782
0.
0.00266688
-0.0109524
0.2793
0.
0.00963021
-0.0308062
0.341322
0.
-0.0077483
0.0924365
0.345242
0.0126716
0.
0.0986471
0.37873
0.0204795
0.
-0.00044822
0.264315
0.0246283
0.
-0.0311271
0.320298
-0.00269675
0.
0.0900309
0.383602
0.0113359
0.
-0.00313666
0.271146
0.0124363
0.
-0.0363187
0.243651
0.0132775
-0.0477224
-0.0261738
0.248138
-0.020541
0.020974
-0.0493706
0.346903
-0.0311504
-0.0394214
0.0268738
0.42599
-0.0973805
-0.120777
0.173886
0.362769
0.0927508
-0.121516
0.12865
0.314845
0.0156534
0.0265723
0.0598308
0.351558
0.0911236
0.0716104
0.151092
0.252463
-0.0097313
-0.0267754
-0.010669
0.371487
0.000861151
-0.0286073
0.0291647
0.257817
0.0143426
0.0271135
-0.0264956
0.332834
-0.0101565
0.0253855
0.0354956
0.309607
-0.0817174
0.114033
0.135046
0.362444
-0.00258472
-0.0122463
0.052549
0.284922
-0.0445897
0.0428744
-0.0226311
0.334516
0.0211246
0.117138
0.140964
