Vec Object: 1 MPI process
  type: seq
0.
0.
0.
-0.122864
0.
0.
0.
0.0826287
0.155925
-0.167819
0.
-0.102015
0.168785
-0.177565
0.
-0.0875933
0.191997
0.200937
0.
-0.0677944
0.170546
0.169106
0.
-0.103906
0.385238
0.0121852
0.
0.0115975
0.374448
0.0107648
0.
0.00587511
0.388812
-0.0189945
0.
0.00586369
0.392716
-0.0218615
0.
0.019703
0.
0.
0.
-0.0481677
0.
0.
0.
-0.11863
0.299821
-0.0540501
0.
-0.0178494
0.322372
0.0857719
0.
0.000338565
0.305369
-0.0498498
0.
-0.000821022
0.325057
0.116851
0.
0.019508
0.330571
0.0654821
0.
0.011381
0.324448
-0.10435
0.
0.0135801
0.301212
0.0450133
0.
-0.0274867
0.321574
-0.0622495
0.
-0.00587194
0.
0.
0.
-0.123883
0.
0.
0.
-0.047914
0.
0.
0.
0.0531298
0.
0.
0.
0.0627715
0.
0.
0.
-0.100477
0.
0.
0.
-0.129476
0.
0.
0.
-0.11618
0.
0.
0.
0.133172
0.
0.
0.
0.0908726
0.
0.
0.
0.0443376
0.
0.
0.
-0.117756
0.
0.
0.
0.0409158
0.
0.
0.
-0.00869285
0.
0.
0.
-0.0123757
0.
0.
0.
0.2704
0.
0.
0.
0.161941
0.
0.
0.
0.0723233
0.
0.
0.
-0.00209766
1.
0.
0.
0.0510143
0.402036
-0.00854783
-0.00107082
-0.00140305
0.375879
0.
-0.00208854
-0.00263816
0.276399
0.
-0.000463743
-0.0250278
0.335011
0.
0.013331
0.0686029
0.379676
0.
0.0027808
-0.0108385
0.278987
0.
0.00983485
-0.0296485
0.339946
0.
-0.00767943
0.0904998
0.343165
0.0130227
0.
0.0963079
0.378768
0.0204062
0.
-0.000392915
0.263939
0.0245137
0.
-0.0301594
0.31845
-0.00253857
0.
0.08774
0.383532
0.0115314
0.
-0.00304517
0.270834
0.0126827
0.
-0.0350511
0.243864
0.0137737
-0.0482612
-0.0250752
0.248176
-0.0208826
0.0212296
-0.0476272
0.348197
-0.0308105
-0.0407809
0.0256574
0.425673
-0.0997693
-0.122398
0.17091
0.362075
0.0949809
-0.123283
0.125896
0.316888
0.0139492
0.0267892
0.057961
0.351862
0.0929308
0.072907
0.147663
0.253713
-0.0101655
-0.0269557
-0.0105347
0.373625
0.000929457
-0.0296008
0.0278961
0.257897
0.0149516
0.0274509
-0.0250912
0.334966
-0.00940114
0.0262351
0.0338244
0.309636
-0.0836008
0.115453
0.132425
0.364664
-0.00292794
-0.0120643
0.0505842
0.28758
-0.0428491
0.0442624
-0.026887
0.334831
0.0220697
0.118705
0.137403
