Vec Object: 1 MPI process
  type: seq
0.
0.
0.
-0.100166
0.
0.
0.
0.0258131
0.164919
-0.167202
0.
-0.0668346
0.173282
-0.178439
0.
-0.0644057
0.189404
0.205013
0.
-0.054063
0.178894
0.165138
0.
-0.0621848
0.388271
0.00908164
0.
0.00213534
0.375467
0.00887123
0.
0.0071982
0.390435
-0.0207287
0.
0.00829629
0.397048
-0.0176727
0.
0.0076493
0.
0.
0.
-0.0271381
0.
0.
0.
-0.0711684
0.315207
-0.056847
0.
-0.0153884
0.319167
0.0888284
0.
0.00369384
0.320099
-0.0512097
0.
-0.0116138
0.322558
0.113421
0.
0.0191909
0.346517
0.0727633
0.
-0.00129114
0.322571
-0.103699
0.
0.0150052
0.315651
0.0394885
0.
-0.0166993
0.32016
-0.0627938
0.
-0.00190619
0.
0.
0.
-0.12876
0.
0.
0.
0.00227571
0.
0.
0.
-0.00758057
0.
0.
0.
0.126953
0.
0.
0.
-0.0552913
0.
0.
0.
-0.153054
0.
0.
0.
-0.215037
0.
0.
0.
0.0206969
0.
0.
0.
-0.0309875
0.
0.
0.
-0.0279938
0.
0.
0.
-0.164878
0.
0.
0.
0.0299191
0.
0.
0.
-0.0873899
0.
0.
0.
0.000969019
0.
0.
0.
0.125274
0.
0.
0.
0.0151151
0.
0.
0.
-0.0054654
0.
0.
0.
0.00900703
1.
0.
0.
0.0419371
0.396354
-0.00828335
-0.000359487
-0.00303091
0.37958
0.
-0.00380827
-0.004187
0.269316
0.
-0.00286335
-0.0121421
0.297441
0.
0.0200796
0.0456045
0.378065
0.
0.0049091
-0.0100796
0.271254
0.
0.0143032
-0.0107544
0.309673
0.
-0.00575843
0.0537585
0.298294
0.0204223
0.
0.0526386
0.381446
0.0183814
0.
-0.00186874
0.256001
0.0205946
0.
-0.016227
0.278045
0.0028226
0.
0.0487509
0.383104
0.0152013
0.
-0.0030688
0.264202
0.0172324
0.
-0.0151023
0.248718
0.0227583
-0.0550651
-0.00602197
0.248733
-0.0253584
0.0235984
-0.0169573
0.368073
-0.0237944
-0.0736722
0.00533024
0.426987
-0.147488
-0.154969
0.114959
0.356132
0.139525
-0.159955
0.0756347
0.340788
-0.0305139
0.0267144
0.0267599
0.361564
0.124218
0.102748
0.0878573
0.280767
-0.0157381
-0.0298926
-0.00729828
0.40598
0.00193098
-0.0502301
0.007722
0.257055
0.0217097
0.0323269
0.00251213
0.378798
0.00942827
0.0490861
0.0082763
0.317881
-0.120715
0.142066
0.0874629
0.407008
-0.00935115
-0.00536573
0.0184537
0.318388
0.0138769
0.0747375
-0.078201
0.346372
0.0405461
0.145892
0.077787
