Vec Object: 1 MPI process
  type: seq
0.
0.
0.
-0.0767881
0.
0.
0.
0.0194696
0.170166
-0.168122
0.
-0.0473203
0.176128
-0.180175
0.
-0.0506337
0.189953
0.207723
0.
-0.0423411
0.183229
0.163626
0.
-0.037783
0.389925
0.0084072
0.
-0.000881116
0.376901
0.00705509
0.
0.00982492
0.392892
-0.0220802
0.
0.00928177
0.399525
-0.0160536
0.
0.00283926
0.
0.
0.
-0.0177022
0.
0.
0.
-0.0547252
0.326227
-0.0581426
0.
-0.0113407
0.316096
0.0902101
0.
0.00286271
0.331458
-0.0500769
0.
-0.0153006
0.321015
0.108869
0.
0.0150541
0.358493
0.0759748
0.
-0.00520843
0.321572
-0.101331
0.
0.0118179
0.324819
0.0354873
0.
-0.00930349
0.32061
-0.0617578
0.
-0.00345742
0.
0.
0.
-0.102458
0.
0.
0.
0.0273809
0.
0.
0.
-0.012117
0.
0.
0.
0.154345
0.
0.
0.
-0.0389895
0.
0.
0.
-0.134821
0.
0.
0.
-0.232864
0.
0.
0.
-0.0151092
0.
0.
0.
-0.0688395
0.
0.
0.
-0.0380107
0.
0.
0.
-0.13888
0.
0.
0.
0.039061
0.
0.
0.
-0.0942684
0.
0.
0.
0.0148724
0.
0.
0.
0.0561141
0.
0.
0.
-0.0414679
0.
0.
0.
-0.0112973
0.
0.
0.
0.0106875
1.
0.
0.
0.0316762
0.389577
-0.00774736
0.000326489
-0.000768879
0.383222
0.
-0.00480946
-0.00581577
0.264799
0.
-0.00475651
-0.00639138
0.269866
0.
0.0251442
0.03311
0.375762
0.
0.00581345
-0.00955052
0.26464
0.
0.017576
-0.000803424
0.285997
0.
-0.00349981
0.0325939
0.263784
0.0250862
0.
0.0301349
0.384531
0.0170218
0.
-0.00344082
0.251763
0.0157875
0.
-0.0102617
0.245399
0.00918877
0.
0.0307122
0.381993
0.0168602
0.
-0.00367606
0.260067
0.0185837
0.
-0.00583609
0.252903
0.0273396
-0.0532547
0.000197524
0.24883
-0.0230237
0.0209111
-0.00268024
0.372042
-0.0205385
-0.0989728
-0.00452697
0.437285
-0.175159
-0.177025
0.0841457
0.365819
0.165862
-0.184299
0.0508419
0.329639
-0.0617955
0.0218938
0.0122839
0.372032
0.137061
0.124112
0.0595523
0.300849
-0.0158906
-0.0313712
-0.00782014
0.41229
0.00216305
-0.0595899
-0.00172621
0.252899
0.0171497
0.033445
0.0164738
0.409678
0.0249886
0.0704605
-0.00168297
0.33459
-0.142657
0.157085
0.0662687
0.428731
-0.0113467
0.000550393
0.00570473
0.308307
0.0641057
0.0902421
-0.0792941
0.362412
0.049964
0.156346
0.0521819
