Vec Object: 1 MPI process
  type: seq
0.
0.
0.
-0.10098
0.
0.
0.
0.0264095
0.164742
-0.167196
0.
-0.0675273
0.1732
-0.1784
0.
-0.0648537
0.189424
0.204927
0.
-0.0544169
0.178732
0.16521
0.
-0.0630507
0.388217
0.00912375
0.
0.0022617
0.375445
0.00890986
0.
0.00709835
0.390385
-0.0206853
0.
0.00822325
0.396967
-0.0177422
0.
0.00783633
0.
0.
0.
-0.0275762
0.
0.
0.
-0.0720036
0.314864
-0.0568075
0.
-0.0155168
0.31925
0.0887841
0.
0.00370661
0.319758
-0.0512162
0.
-0.0114384
0.322612
0.113546
0.
0.0193054
0.34615
0.0726333
0.
-0.00109124
0.322609
-0.103758
0.
0.0150829
0.315349
0.0396235
0.
-0.0169714
0.320174
-0.0628123
0.
-0.00188039
0.
0.
0.
-0.129358
0.
0.
0.
0.00120601
0.
0.
0.
-0.00698739
0.
0.
0.
0.125604
0.
0.
0.
-0.0561536
0.
0.
0.
-0.153308
0.
0.
0.
-0.213838
0.
0.
0.
0.022399
0.
0.
0.
-0.0291504
0.
0.
0.
-0.0271769
0.
0.
0.
-0.165042
0.
0.
0.
0.029758
0.
0.
0.
-0.086571
0.
0.
0.
0.000525016
0.
0.
0.
0.127942
0.
0.
0.
0.0175568
0.
0.
0.
-0.00470116
0.
0.
0.
0.00881759
1.
0.
0.
0.0422168
0.396526
-0.0082927
-0.00037688
-0.00309071
0.379473
0.
-0.00377218
-0.00412605
0.269473
0.
-0.00280618
-0.0123544
0.298285
0.
0.0199214
0.046042
0.378108
0.
0.0048701
-0.0100809
0.271449
0.
0.0142012
-0.0111106
0.310386
0.
-0.00581248
0.0545039
0.299337
0.0202602
0.
0.0534813
0.381359
0.0184297
0.
-0.00180942
0.256167
0.0207136
0.
-0.0164582
0.279
0.00265922
0.
0.0494472
0.383114
0.0151328
0.
-0.00304318
0.264344
0.0171546
0.
-0.0154528
0.248593
0.0225918
-0.0550242
-0.00633636
0.24872
-0.0253366
0.0236189
-0.017526
0.367798
-0.0239313
-0.0728707
0.00569318
0.426787
-0.146499
-0.154264
0.116065
0.356048
0.138598
-0.15915
0.0765815
0.340721
-0.0294188
0.0268138
0.0273124
0.361279
0.123677
0.102045
0.0889461
0.28014
-0.0156906
-0.029842
-0.00733973
0.405546
0.00191787
-0.0498208
0.00806874
0.257129
0.0217088
0.0322656
0.00196065
0.377829
0.0089536
0.0484737
0.00867901
0.317518
-0.119948
0.141538
0.0882698
0.40618
-0.00923951
-0.0055571
0.018983
0.318274
0.0122789
0.0740931
-0.0777787
0.345993
0.0401782
0.145424
0.078815
