Vec Object: 1 MPI process
  type: seq
0.
0.
0.
-0.0814669
0.
0.
0.
0.0190786
0.168926
-0.167751
0.
-0.0516453
0.175338
-0.179652
0.
-0.0540101
0.189582
0.207055
0.
-0.0452771
0.182324
0.163821
0.
-0.0430882
0.389526
0.00844002
0.
-0.000301763
0.376377
0.00764482
0.
0.00938338
0.392112
-0.0217474
0.
0.0093289
0.398932
-0.0163379
0.
0.0038371
0.
0.
0.
-0.0190543
0.
0.
0.
-0.0568201
0.323475
-0.0577867
0.
-0.0122294
0.316944
0.089847
0.
0.00308043
0.328554
-0.0505298
0.
-0.0147699
0.321345
0.110085
0.
0.0160938
0.355476
0.0753566
0.
-0.00469802
0.321771
-0.10199
0.
0.0126704
0.322627
0.036396
0.
-0.0108026
0.320302
-0.0620878
0.
-0.0030145
0.
0.
0.
-0.109533
0.
0.
0.
0.0231748
0.
0.
0.
-0.0132039
0.
0.
0.
0.1512
0.
0.
0.
-0.0406495
0.
0.
0.
-0.140487
0.
0.
0.
-0.231794
0.
0.
0.
-0.0094393
0.
0.
0.
-0.06309
0.
0.
0.
-0.0380901
0.
0.
0.
-0.148222
0.
0.
0.
0.0365206
0.
0.
0.
-0.095645
0.
0.
0.
0.0116854
0.
0.
0.
0.0701878
0.
0.
0.
-0.0313398
0.
0.
0.
-0.0126646
0.
0.
0.
0.0111469
1.
0.
0.
0.0344005
0.391498
-0.00793439
0.00012535
-0.00132242
0.382302
0.
-0.00459411
-0.00551411
0.265806
0.
-0.00427231
-0.00762773
0.276825
0.
0.023907
0.0359504
0.376543
0.
0.00565888
-0.00981664
0.266343
0.
0.0167606
-0.00295149
0.292019
0.
-0.0041838
0.0372604
0.272532
0.0240636
0.
0.0348325
0.383728
0.0173154
0.
-0.00315338
0.25256
0.0171923
0.
-0.011459
0.253917
0.00739636
0.
0.0344168
0.382445
0.0165564
0.
-0.00361025
0.261008
0.0184875
0.
-0.00775694
0.251888
0.0263031
-0.0542512
-0.000652649
0.248922
-0.0242163
0.021938
-0.00543432
0.371968
-0.021122
-0.0929219
-0.00242045
0.434073
-0.169189
-0.171666
0.0908787
0.362067
0.160075
-0.178613
0.055927
0.33476
-0.0552339
0.0232876
0.0152418
0.369232
0.134701
0.119219
0.0653478
0.295942
-0.0160164
-0.0310053
-0.00738837
0.412061
0.00213645
-0.0580865
0.000319742
0.254303
0.0191397
0.0332711
0.0137871
0.402057
0.0211612
0.0649205
0.000277918
0.329502
-0.13778
0.153732
0.0707013
0.424336
-0.0111865
-0.000782384
0.00813767
0.313026
0.0526575
0.0876166
-0.0808315
0.35767
0.0481679
0.154628
0.0572327
