Vec Object: 1 MPI process
  type: seq
0.
0.
0.
-0.0913903
0.
0.
0.
0.021108
0.166761
-0.16735
0.
-0.0597046
0.174162
-0.178916
0.
-0.0597068
0.189319
0.205927
0.
-0.0501974
0.180541
0.164439
0.
-0.0532122
0.388839
0.00870399
0.
0.000915155
0.37577
0.00840816
0.
0.0082652
0.391063
-0.0211889
0.
0.00895007
0.397905
-0.0169955
0.
0.00579493
0.
0.
0.
-0.0228815
0.
0.
0.
-0.0633356
0.318886
-0.0572571
0.
-0.0139565
0.318234
0.0892845
0.
0.00346759
0.323806
-0.0510325
0.
-0.0132849
0.321989
0.112006
0.
0.0178612
0.350475
0.0740497
0.
-0.00314924
0.322183
-0.103001
0.
0.0140474
0.318828
0.0380627
0.
-0.0138785
0.320097
-0.0625376
0.
-0.00231478
0.
0.
0.
-0.121083
0.
0.
0.
0.0128933
0.
0.
0.
-0.0120194
0.
0.
0.
0.140012
0.
0.
0.
-0.0471677
0.
0.
0.
-0.148759
0.
0.
0.
-0.225258
0.
0.
0.
0.0047397
0.
0.
0.
-0.0481331
0.
0.
0.
-0.0346593
0.
0.
0.
-0.160207
0.
0.
0.
0.0323646
0.
0.
0.
-0.0936689
0.
0.
0.
0.00581652
0.
0.
0.
0.0985075
0.
0.
0.
-0.00852242
0.
0.
0.
-0.0111665
0.
0.
0.
0.0105817
1.
0.
0.
0.0387527
0.394362
-0.00816121
-0.000161754
-0.00230482
0.380767
0.
-0.00418016
-0.00482859
0.267683
0.
-0.00348307
-0.00999258
0.288335
0.
0.0217861
0.0411004
0.377517
0.
0.00529093
-0.0100353
0.26912
0.
0.0153973
-0.0070804
0.301925
0.
-0.0051301
0.0460343
0.286968
0.0221195
0.
0.0440877
0.382425
0.0178794
0.
-0.00249178
0.254316
0.0192156
0.
-0.013909
0.267579
0.00470604
0.
0.0417855
0.38292
0.0158791
0.
-0.00334522
0.262721
0.0179508
0.
-0.0115658
0.250106
0.0244407
-0.0551306
-0.00309726
0.248861
-0.0252698
0.0231364
-0.0112797
0.370471
-0.0224454
-0.0823117
0.00164203
0.429617
-0.157716
-0.162479
0.103596
0.357813
0.149151
-0.168467
0.0660951
0.339923
-0.0420866
0.0254055
0.0211959
0.364802
0.129505
0.110256
0.0769331
0.287529
-0.0160463
-0.0304061
-0.00707713
0.409726
0.00204737
-0.0542588
0.00420725
0.256076
0.0211957
0.0328608
0.00805463
0.389181
0.0146121
0.0559052
0.00432467
0.322365
-0.12868
0.147519
0.079366
0.415393
-0.010389
-0.00328635
0.013291
0.317861
0.0313439
0.0812064
-0.0810202
0.350873
0.0442693
0.150406
0.0676364
