Vec Object: 1 MPI process
  type: seq
0.
0.
0.
-0.0955126
0.
0.
0.
0.0229512
0.165905
-0.167263
0.
-0.0629973
0.173745
-0.178679
0.
-0.0619012
0.189329
0.205497
0.
-0.0520343
0.179786
0.16475
0.
-0.057366
0.388574
0.00886491
0.
0.00146109
0.375611
0.00863916
0.
0.00776804
0.390745
-0.0209734
0.
0.00867436
0.397505
-0.0172992
0.
0.00663583
0.
0.
0.
-0.0247785
0.
0.
0.
-0.0667615
0.317151
-0.0570656
0.
-0.0146391
0.318684
0.0890729
0.
0.00359138
0.322047
-0.0511406
0.
-0.0125459
0.322254
0.11269
0.
0.0185074
0.348602
0.0734684
0.
-0.00233922
0.32236
-0.103345
0.
0.0145235
0.317344
0.0387287
0.
-0.0151816
0.320105
-0.0626711
0.
-0.00209602
0.
0.
0.
-0.124962
0.
0.
0.
0.00810152
0.
0.
0.
-0.0103533
0.
0.
0.
0.134212
0.
0.
0.
-0.0507225
0.
0.
0.
-0.151119
0.
0.
0.
-0.221028
0.
0.
0.
0.0117425
0.
0.
0.
-0.0406302
0.
0.
0.
-0.0319847
0.
0.
0.
-0.163047
0.
0.
0.
0.031064
0.
0.
0.
-0.0912685
0.
0.
0.
0.003521
0.
0.
0.
0.1107
0.
0.
0.
0.0020382
0.
0.
0.
-0.00903209
0.
0.
0.
0.00995021
1.
0.
0.
0.0402945
0.395334
-0.00822421
-0.000257812
-0.00266279
0.3802
0.
-0.00400852
-0.00453094
0.268443
0.
-0.00318941
-0.0109778
0.292643
0.
0.0209798
0.0431819
0.377796
0.
0.00511957
-0.0100654
0.270138
0.
0.0148813
-0.00877836
0.305603
0.
-0.00543823
0.0496116
0.29234
0.02133
0.
0.0480048
0.381954
0.0181121
0.
-0.00220306
0.255087
0.0198903
0.
-0.0149651
0.272565
0.00378785
0.
0.0449545
0.383024
0.015573
0.
-0.00321656
0.263409
0.01764
0.
-0.0131825
0.249442
0.0236708
-0.0551855
-0.00437204
0.248804
-0.0253879
0.0234098
-0.0138573
0.369469
-0.0230528
-0.0782337
0.00333492
0.428267
-0.152987
-0.158951
0.108836
0.356838
0.144692
-0.164483
0.0704495
0.340693
-0.036687
0.0260757
0.0237366
0.363236
0.127133
0.10673
0.0819099
0.284334
-0.0159454
-0.0301699
-0.00712876
0.408169
0.00199785
-0.052448
0.0058194
0.256582
0.0215597
0.0326363
0.0055317
0.384289
0.0121495
0.0526349
0.00610638
0.320116
-0.124987
0.144996
0.0830568
0.411558
-0.00993812
-0.00426954
0.015609
0.318503
0.0230597
0.0782691
-0.0800663
0.348651
0.0425679
0.148394
0.0722227
