Vec Object: 1 MPI process
  type: seq
0.
0.
0.
-0.0732088
0.
0.
0.
0.300788
0.15221
-0.156776
0.
-0.0431821
0.168465
-0.166732
0.
-0.0214536
0.219505
0.175256
0.
0.0645821
0.168299
0.164171
0.
-0.0523899
0.35761
0.0401145
0.
0.152088
0.354825
0.0341411
0.
0.11473
0.363248
-0.0389304
0.
0.144537
0.364075
-0.0498764
0.
0.157893
0.
0.
0.
-0.122438
0.
0.
0.
-0.260916
0.269958
-0.0609738
0.
-0.116111
0.328162
0.0585727
0.
-0.122499
0.277988
-0.0627273
0.
-0.0946184
0.331498
0.0895811
0.
-0.113158
0.301534
0.0673079
0.
-0.0657797
0.329716
-0.0732937
0.
-0.1197
0.268978
0.0634109
0.
-0.112552
0.324715
-0.042058
0.
-0.140703
0.
0.
0.
0.0502516
0.
0.
0.
-0.133181
0.
0.
0.
0.298558
0.
0.
0.
-0.0076552
0.
0.
0.
-0.196788
0.
0.
0.
0.0856553
0.
0.
0.
0.261309
0.
0.
0.
0.483364
0.
0.
0.
0.460334
0.
0.
0.
0.310307
0.
0.
0.
0.215242
0.
0.
0.
0.127431
0.
0.
0.
0.292592
0.
0.
0.
-0.0313278
0.
0.
0.
0.651658
0.
0.
0.
0.577094
0.
0.
0.
0.407079
0.
0.
0.
-0.0765776
1.
0.
0.
0.204485
0.39351
-0.00712538
-0.00131765
0.154132
0.386367
0.
0.000990953
-0.0309226
0.286655
0.
0.00238278
-0.190935
0.390779
0.
0.00372492
0.159188
0.400189
0.
-0.000629123
-0.0205797
0.287138
0.
0.00381969
-0.197724
0.374451
0.
-0.00776149
0.209351
0.40364
0.00173387
0.
0.221401
0.393705
0.0185035
0.
-0.0282089
0.276446
0.0216142
0.
-0.193375
0.369966
-0.00134024
0.
0.238541
0.406966
0.00556211
0.
-0.0115902
0.280609
0.00600044
0.
-0.207279
0.232991
-0.00301494
-0.0217835
-0.174506
0.243021
-0.00643868
0.00770288
-0.232683
0.282182
-0.029252
-0.00686151
0.00900342
0.449855
-0.0106373
-0.0580044
0.353868
0.395142
0.0116287
-0.0577427
0.272982
0.206884
0.0368998
0.0097686
0.0991449
0.34096
0.0164357
0.0353355
0.326789
0.207028
0.00332515
-0.017294
-0.0955215
0.267791
-0.000938671
-0.00246707
0.043358
0.247089
-0.00706129
0.0112343
-0.192335
0.25122
-0.0237088
0.0091086
0.0515078
0.317176
-0.0100459
0.0564865
0.267458
0.275529
0.00800377
-0.0071245
0.0917945
0.141101
-0.0456597
0.00823802
0.18984
0.324869
-0.0123429
0.0521281
0.326085
