Vec Object: 1 MPI process
  type: seq
0.
0.
0.
-0.121273
0.
0.
0.
0.107158
0.153332
-0.168156
0.
-0.11171
0.167214
-0.17762
0.
-0.0945368
0.193188
0.199712
0.
-0.0698213
0.168172
0.170247
0.
-0.114848
0.38403
0.0135106
0.
0.0164009
0.373863
0.0116208
0.
0.00791823
0.388226
-0.0188687
0.
0.00723402
0.391194
-0.0233831
0.
0.0249329
0.
0.
0.
-0.0526079
0.
0.
0.
-0.131773
0.295894
-0.0528589
0.
-0.0172267
0.323066
0.0843407
0.
-0.00300208
0.301741
-0.0489944
0.
0.00253456
0.325697
0.116593
0.
0.0165559
0.326642
0.0633
0.
0.0151144
0.324953
-0.103462
0.
0.0101982
0.297264
0.0460143
0.
-0.0291433
0.322048
-0.0614421
0.
-0.00992668
0.
0.
0.
-0.110089
0.
0.
0.
-0.0584965
0.
0.
0.
0.079977
0.
0.
0.
0.0496665
0.
0.
0.
-0.111183
0.
0.
0.
-0.110368
0.
0.
0.
-0.0761709
0.
0.
0.
0.173036
0.
0.
0.
0.133947
0.
0.
0.
0.0743383
0.
0.
0.
-0.0871773
0.
0.
0.
0.0508466
0.
0.
0.
0.0247799
0.
0.
0.
-0.0124464
0.
0.
0.
0.314624
0.
0.
0.
0.210356
0.
0.
0.
0.106347
0.
0.
0.
-0.00461985
1.
0.
0.
0.0525097
0.402792
-0.00858764
-0.0012379
0.00203501
0.375498
0.
-0.00165062
-0.00310191
0.278059
0.
7.08642e-05
-0.0304317
0.344613
0.
0.0117613
0.0757396
0.380337
0.
0.00217765
-0.0115372
0.280566
0.
0.00877269
-0.0362788
0.347124
0.
-0.00801395
0.100935
0.354054
0.0111814
0.
0.108838
0.378705
0.0207465
0.
-0.000890731
0.265888
0.0250322
0.
-0.0358538
0.328124
-0.00327009
0.
0.100321
0.384031
0.0104946
0.
-0.00363036
0.272453
0.0113829
0.
-0.0422976
0.242726
0.0111113
-0.0452524
-0.0311008
0.247938
-0.0190038
0.0197706
-0.0572622
0.341072
-0.0325499
-0.0338845
0.0322632
0.427709
-0.0871313
-0.113784
0.186916
0.366055
0.0831734
-0.113965
0.140716
0.305394
0.0223497
0.0254437
0.0681851
0.350416
0.0831533
0.0662396
0.166331
0.247148
-0.00773725
-0.0259597
-0.01122
0.361849
0.000553414
-0.0244644
0.0349027
0.257341
0.0115242
0.0255816
-0.0326657
0.323683
-0.0132138
0.0220113
0.0430607
0.309805
-0.0735966
0.107834
0.146744
0.35284
-0.0011206
-0.0128429
0.0612775
0.272559
-0.050902
0.0371472
-0.00259137
0.333367
0.0170671
0.110234
0.156921
