Vec Object: 1 MPI process
  type: seq
0.
0.
0.
-0.0937914
0.
0.
0.
0.0221076
0.166263
-0.167295
0.
-0.0616154
0.173917
-0.178774
0.
-0.0609866
0.189318
0.205676
0.
-0.0512746
0.180104
0.164617
0.
-0.0556239
0.388684
0.00879431
0.
0.00122844
0.375673
0.00854641
0.
0.00797692
0.390872
-0.0210632
0.
0.00879653
0.397672
-0.0171697
0.
0.00627981
0.
0.
0.
-0.0239651
0.
0.
0.
-0.0652792
0.317871
-0.0571451
0.
-0.0143562
0.3185
0.0891612
0.
0.00354293
0.322775
-0.0511011
0.
-0.0128636
0.322143
0.11241
0.
0.0182424
0.349378
0.0737153
0.
-0.00268996
0.322286
-0.103205
0.
0.0143304
0.317963
0.0384505
0.
-0.0146337
0.320097
-0.0626183
0.
-0.0021821
0.
0.
0.
-0.123401
0.
0.
0.
0.0101416
0.
0.
0.
-0.0111341
0.
0.
0.
0.136706
0.
0.
0.
-0.0491828
0.
0.
0.
-0.150206
0.
0.
0.
-0.222908
0.
0.
0.
0.00872405
0.
0.
0.
-0.0438695
0.
0.
0.
-0.0331935
0.
0.
0.
-0.161999
0.
0.
0.
0.0315761
0.
0.
0.
-0.0923832
0.
0.
0.
0.004474
0.
0.
0.
0.105545
0.
0.
0.
-0.00247233
0.
0.
0.
-0.0100337
0.
0.
0.
0.0102379
1.
0.
0.
0.0396629
0.394938
-0.00819935
-0.000218628
-0.00251672
0.380434
0.
-0.00408063
-0.00465605
0.268125
0.
-0.00331098
-0.0105629
0.290858
0.
0.0213143
0.042309
0.377685
0.
0.00519266
-0.0100554
0.269718
0.
0.0150954
-0.00806584
0.304081
0.
-0.00531313
0.0481119
0.290117
0.0216604
0.
0.0463533
0.382148
0.0180145
0.
-0.00232449
0.254761
0.0196158
0.
-0.0145187
0.270507
0.00416236
0.
0.0436142
0.382985
0.0157031
0.
-0.00327084
0.263121
0.0177754
0.
-0.0125004
0.249716
0.0239953
-0.0551814
-0.0038199
0.248829
-0.0253562
0.0233085
-0.012765
0.369913
-0.0227941
-0.0799268
0.00262234
0.428804
-0.154972
-0.160418
0.106635
0.357202
0.146561
-0.166144
0.0686103
0.340453
-0.0389452
0.0258083
0.022664
0.363878
0.128144
0.108198
0.0798061
0.285659
-0.0159964
-0.030269
-0.00709565
0.408861
0.00201953
-0.0532204
0.00514081
0.256382
0.0214355
0.032735
0.00659979
0.38632
0.0131684
0.053981
0.00534972
0.32102
-0.126534
0.146054
0.0814974
0.413177
-0.0101341
-0.00386118
0.0146219
0.318321
0.0264947
0.0795157
-0.0805397
0.349551
0.0432867
0.149255
0.0702759
