Vec Object: 1 MPI process
  type: seq
0.
0.
0.
-0.101907
0.
0.
0.
0.0271271
0.164538
-0.167189
0.
-0.0683262
0.173106
-0.178356
0.
-0.0653693
0.189449
0.204828
0.
-0.0548207
0.178545
0.165294
0.
-0.0640477
0.388155
0.00917337
0.
0.00240933
0.37542
0.00895341
0.
0.00698477
0.390329
-0.0206354
0.
0.00813761
0.396873
-0.017823
0.
0.0080537
0.
0.
0.
-0.028085
0.
0.
0.
-0.07298
0.314471
-0.0567616
0.
-0.0156621
0.319344
0.0887326
0.
0.00371894
0.319368
-0.0512217
0.
-0.0112337
0.322675
0.113687
0.
0.0194337
0.345732
0.0724822
0.
-0.000856873
0.322653
-0.103823
0.
0.015169
0.315002
0.0397782
0.
-0.017284
0.320192
-0.0628323
0.
-0.00185412
0.
0.
0.
-0.130015
0.
0.
0.
-3.25122e-05
0.
0.
0.
-0.00626868
0.
0.
0.
0.124037
0.
0.
0.
-0.0571599
0.
0.
0.
-0.153563
0.
0.
0.
-0.212412
0.
0.
0.
0.0243939
0.
0.
0.
-0.0269961
0.
0.
0.
-0.0261989
0.
0.
0.
-0.165169
0.
0.
0.
0.02959
0.
0.
0.
-0.0855827
0.
0.
0.
1.97744e-05
0.
0.
0.
0.131032
0.
0.
0.
0.0204026
0.
0.
0.
-0.00377484
0.
0.
0.
0.00859289
1.
0.
0.
0.0425332
0.396721
-0.00830306
-0.000396626
-0.00315691
0.379351
0.
-0.00373059
-0.00405635
0.269652
0.
-0.00274085
-0.0126002
0.29925
0.
0.0197405
0.0465468
0.378156
0.
0.00482476
-0.010082
0.27167
0.
0.0140846
-0.0115213
0.311199
0.
-0.00587357
0.0553624
0.300529
0.020074
0.
0.0544555
0.38126
0.0184851
0.
-0.00174159
0.256359
0.0208479
0.
-0.0167262
0.280091
0.00247464
0.
0.0502545
0.383125
0.0150533
0.
-0.0030142
0.264507
0.0170634
0.
-0.0158585
0.248451
0.0223989
-0.0549703
-0.00670472
0.248706
-0.0253059
0.0236377
-0.0181848
0.367472
-0.0240901
-0.0719546
0.00611296
0.426568
-0.145359
-0.153455
0.117342
0.355966
0.137529
-0.158227
0.0776772
0.340615
-0.0281641
0.0269224
0.0279523
0.360955
0.123046
0.10124
0.0902076
0.279424
-0.0156319
-0.0297835
-0.00739121
0.405031
0.00190237
-0.0493461
0.00847014
0.25721
0.021698
0.0321927
0.00132271
0.376718
0.0084122
0.0477776
0.00914782
0.317112
-0.119065
0.140929
0.0892048
0.405223
-0.00910887
-0.00577523
0.0195994
0.318111
0.0104592
0.0733482
-0.0772594
0.345566
0.0397532
0.144879
0.0800095
