Vec Object: 1 MPI process
  type: seq
0.
0.
0.
-0.0860692
0.
0.
0.
0.242582
0.145786
-0.165862
0.
-0.122874
0.162082
-0.175437
0.
-0.100527
0.20495
0.188755
0.
-0.0368839
0.161429
0.17187
0.
-0.132046
0.37103
0.0268352
0.
0.0857118
0.364917
0.0224582
0.
0.0611294
0.377303
-0.0265299
0.
0.0697585
0.377394
-0.0368739
0.
0.093349
0.
0.
0.
-0.082709
0.
0.
0.
-0.202732
0.278218
-0.0512059
0.
-0.0452498
0.326213
0.0707653
0.
-0.0525279
0.285566
-0.0499327
0.
-0.0193084
0.329083
0.104256
0.
-0.0367752
0.309426
0.058938
0.
-0.00332857
0.327705
-0.0887358
0.
-0.0442895
0.278343
0.0523457
0.
-0.0565552
0.323989
-0.0515508
0.
-0.0661318
0.
0.
0.
-0.00263612
0.
0.
0.
-0.0995134
0.
0.
0.
0.231208
0.
0.
0.
0.0117273
0.
0.
0.
-0.158439
0.
0.
0.
0.0210235
0.
0.
0.
0.149842
0.
0.
0.
0.382113
0.
0.
0.
0.357093
0.
0.
0.
0.238373
0.
0.
0.
0.112848
0.
0.
0.
0.111135
0.
0.
0.
0.210153
0.
0.
0.
-0.0123801
0.
0.
0.
0.533627
0.
0.
0.
0.456187
0.
0.
0.
0.303994
0.
0.
0.
-0.03211
1.
0.
0.
0.0928638
0.400073
-0.00815318
-0.00160569
0.07567
0.379638
0.
0.000190786
-0.0103721
0.284093
0.
0.00191634
-0.0980552
0.383109
0.
0.00580781
0.115624
0.389674
0.
-0.000123397
-0.0119819
0.285468
0.
0.00492637
-0.106715
0.37263
0.
-0.0083106
0.156175
0.395746
0.00385419
0.
0.169192
0.385106
0.0202362
0.
-0.00820103
0.273351
0.024153
0.
-0.103588
0.364265
-0.00324548
0.
0.173744
0.394403
0.00646184
0.
-0.00339308
0.27835
0.00666508
0.
-0.11537
0.236533
-0.00021067
-0.0289703
-0.0916236
0.245184
-0.00990158
0.0114026
-0.138814
0.302419
-0.035024
-0.0122038
0.0418906
0.443856
-0.0324787
-0.0747141
0.273199
0.388333
0.0318714
-0.0739442
0.214172
0.239855
0.0398841
0.0151878
0.104725
0.346031
0.0361891
0.042616
0.262795
0.218964
0.00315689
-0.0202934
-0.0387247
0.298928
-0.00100633
-0.00691394
0.056816
0.251179
-0.00491734
0.0156953
-0.101345
0.273413
-0.0237065
0.0108384
0.0715745
0.316222
-0.0289363
0.0719775
0.219686
0.299242
0.00583895
-0.0106245
0.0973313
0.185025
-0.0553485
0.0138572
0.135195
0.329567
-0.00424368
0.0695621
0.260238
