Vec Object: 1 MPI process
  type: seq
0.
0.
0.
-0.096071
0.
0.
0.
0.0232486
0.165788
-0.167253
0.
-0.063449
0.173689
-0.178649
0.
-0.0621985
0.189334
0.205439
0.
-0.0522792
0.179682
0.164794
0.
-0.0579348
0.388538
0.00888888
0.
0.00153827
0.375592
0.0086683
0.
0.00769996
0.390706
-0.0209443
0.
0.00863262
0.397451
-0.0173421
0.
0.00675319
0.
0.
0.
-0.0250491
0.
0.
0.
-0.067259
0.316918
-0.0570398
0.
-0.0147303
0.318743
0.0890441
0.
0.00360599
0.321813
-0.0511518
0.
-0.0124399
0.32229
0.11278
0.
0.018592
0.348351
0.0733869
0.
-0.00222137
0.322385
-0.103389
0.
0.0145845
0.317143
0.0388191
0.
-0.0153607
0.32011
-0.0626874
0.
-0.00206981
0.
0.
0.
-0.125451
0.
0.
0.
0.00742694
0.
0.
0.
-0.0100728
0.
0.
0.
0.133381
0.
0.
0.
-0.0512392
0.
0.
0.
-0.151393
0.
0.
0.
-0.220381
0.
0.
0.
0.0127534
0.
0.
0.
-0.0395438
0.
0.
0.
-0.0315629
0.
0.
0.
-0.163344
0.
0.
0.
0.0309078
0.
0.
0.
-0.0908712
0.
0.
0.
0.00321312
0.
0.
0.
0.112396
0.
0.
0.
0.00353612
0.
0.
0.
-0.00867187
0.
0.
0.
0.00984968
1.
0.
0.
0.0404963
0.39546
-0.00823189
-0.000270299
-0.0027091
0.380124
0.
-0.00398494
-0.00449011
0.268546
0.
-0.00315017
-0.0111139
0.293219
0.
0.0208717
0.0434671
0.377831
0.
0.00509534
-0.010068
0.270273
0.
0.014812
-0.00901117
0.306093
0.
-0.00547791
0.0501011
0.293057
0.0212224
0.
0.0485468
0.381892
0.0181439
0.
-0.0021634
0.255194
0.0199774
0.
-0.0151119
0.273227
0.00366867
0.
0.0453958
0.383036
0.01553
0.
-0.00319885
0.263503
0.0175943
0.
-0.0134066
0.249354
0.0235643
-0.0551812
-0.0045576
0.248796
-0.0253931
0.023439
-0.0142173
0.369317
-0.0231384
-0.077686
0.00356849
0.428101
-0.152339
-0.158475
0.109556
0.356733
0.144082
-0.163943
0.0710541
0.340747
-0.0359523
0.0261588
0.0240891
0.363031
0.126798
0.106254
0.0826021
0.283905
-0.015926
-0.0301374
-0.00714298
0.407931
0.00199049
-0.0521921
0.00604189
0.256644
0.0215918
0.0326025
0.00518006
0.383632
0.011821
0.052203
0.00635651
0.319832
-0.124482
0.144651
0.0835696
0.411027
-0.00987213
-0.00440155
0.015936
0.318536
0.0219509
0.0778581
-0.0798887
0.348367
0.0423317
0.148108
0.0728658
