Vec Object: 1 MPI process
  type: seq
0.
0.
0.
-0.0947791
0.
0.
0.
0.0225783
0.166058
-0.167276
0.
-0.0624066
0.173818
-0.178719
0.
-0.0615113
0.189323
0.205573
0.
-0.0517115
0.179923
0.164692
0.
-0.0566217
0.388621
0.00883422
0.
0.00136101
0.375637
0.0086002
0.
0.00785725
0.390798
-0.0210117
0.
0.00872763
0.397576
-0.0172435
0.
0.0064831
0.
0.
0.
-0.0244281
0.
0.
0.
-0.0661205
0.317457
-0.0570995
0.
-0.0145189
0.318606
0.0891106
0.
0.00357134
0.322356
-0.0511247
0.
-0.012683
0.322206
0.112571
0.
0.0183953
0.348931
0.0735744
0.
-0.00249097
0.322328
-0.103286
0.
0.0144422
0.317608
0.03861
0.
-0.0149473
0.320101
-0.0626491
0.
-0.00213175
0.
0.
0.
-0.124307
0.
0.
0.
0.0089781
0.
0.
0.
-0.0107013
0.
0.
0.
0.135287
0.
0.
0.
-0.0500566
0.
0.
0.
-0.150743
0.
0.
0.
-0.22185
0.
0.
0.
0.0104385
0.
0.
0.
-0.0420304
0.
0.
0.
-0.0325165
0.
0.
0.
-0.162624
0.
0.
0.
0.0312767
0.
0.
0.
-0.0917637
0.
0.
0.
0.00392636
0.
0.
0.
0.10849
0.
0.
0.
9.67818e-05
0.
0.
0.
-0.0094788
0.
0.
0.
0.0100769
1.
0.
0.
0.0400272
0.395167
-0.00821384
-0.00024125
-0.00260115
0.380299
0.
-0.00403935
-0.00458441
0.268307
0.
-0.00324109
-0.0108002
0.291884
0.
0.0211221
0.0428089
0.37775
0.
0.005151
-0.0100616
0.269959
0.
0.0149724
-0.00847385
0.304956
0.
-0.00538546
0.0489709
0.291395
0.021471
0.
0.0472976
0.382036
0.0180704
0.
-0.00225496
0.254947
0.0197744
0.
-0.0147737
0.271691
0.00394608
0.
0.0443798
0.383008
0.0156289
0.
-0.00323976
0.263286
0.0176987
0.
-0.0128903
0.249558
0.0238098
-0.055187
-0.00413312
0.248815
-0.0253773
0.0233688
-0.0133887
0.369663
-0.0229416
-0.0789541
0.00302996
0.428491
-0.153835
-0.159576
0.107895
0.356986
0.14549
-0.165191
0.0696614
0.340605
-0.0376505
0.0259639
0.0232771
0.363508
0.127568
0.107355
0.0810081
0.284897
-0.0159687
-0.0302123
-0.00711266
0.408471
0.00200727
-0.0527802
0.00552897
0.256499
0.0215115
0.0326793
0.00598972
0.385154
0.0125825
0.0532057
0.00578137
0.320495
-0.125648
0.145448
0.0823884
0.412252
-0.010023
-0.00409581
0.0151846
0.31844
0.0245201
0.078804
-0.0802816
0.34903
0.0428759
0.148765
0.0713868
