Vec Object: 1 MPI process
  type: seq
0.
0.
0.
-0.079001
0.
0.
0.
0.0191477
0.169545
-0.167922
0.
-0.0494535
0.17572
-0.179903
0.
-0.0523361
0.189745
0.207387
0.
-0.0438187
0.182787
0.163706
0.
-0.0403809
0.389725
0.00841124
0.
-0.000602452
0.37662
0.00736647
0.
0.0096279
0.392484
-0.0219118
0.
0.00933212
0.399228
-0.0161864
0.
0.00332713
0.
0.
0.
-0.0182937
0.
0.
0.
-0.0556187
0.324837
-0.0579583
0.
-0.0117711
0.316532
0.0900229
0.
0.00296828
0.329987
-0.0503195
0.
-0.0150676
0.321175
0.109489
0.
0.0155745
0.356968
0.075678
0.
-0.00498916
0.321668
-0.101668
0.
0.0122482
0.32372
0.0359366
0.
-0.010024
0.320436
-0.0619298
0.
-0.00323458
0.
0.
0.
-0.106
0.
0.
0.
0.0254507
0.
0.
0.
-0.0128026
0.
0.
0.
0.153121
0.
0.
0.
-0.0396113
0.
0.
0.
-0.137705
0.
0.
0.
-0.232564
0.
0.
0.
-0.0124949
0.
0.
0.
-0.0662209
0.
0.
0.
-0.0382218
0.
0.
0.
-0.143735
0.
0.
0.
0.0378011
0.
0.
0.
-0.0951678
0.
0.
0.
0.0133039
0.
0.
0.
0.0629409
0.
0.
0.
-0.0366808
0.
0.
0.
-0.0121562
0.
0.
0.
0.0109917
1.
0.
0.
0.0330571
0.390565
-0.00784704
0.00022189
-0.00104205
0.382759
0.
-0.004704
-0.00567565
0.265295
0.
-0.00451069
-0.0069975
0.273383
0.
0.0245245
0.034521
0.376177
0.
0.00574187
-0.00969945
0.265502
0.
0.0171643
-0.0018523
0.289043
0.
-0.00385776
0.0348879
0.268205
0.0245857
0.
0.0324235
0.384124
0.0171655
0.
-0.0033079
0.252138
0.0165165
0.
-0.0108388
0.24973
0.0082672
0.
0.0325165
0.382238
0.0167168
0.
-0.00365367
0.260533
0.0185574
0.
-0.00676956
0.252401
0.0268202
-0.0537975
-0.000178476
0.248894
-0.0236801
0.0214563
-0.00399748
0.372082
-0.0208135
-0.0959582
-0.00349732
0.435619
-0.172241
-0.174337
0.0874569
0.363812
0.163021
-0.181473
0.0533121
0.332397
-0.0586377
0.0226011
0.0137144
0.370608
0.135939
0.121702
0.0623694
0.298391
-0.0159568
-0.0311842
-0.00758586
0.412277
0.00215205
-0.0589102
-0.000722294
0.253642
0.0182232
0.0333599
0.0151913
0.405843
0.0230738
0.0676591
-0.000737431
0.331948
-0.140256
0.15543
0.0684364
0.426609
-0.0112977
-0.000100514
0.00687395
0.310831
0.0585084
0.0890442
-0.0801732
0.359954
0.0491157
0.155556
0.0546238
