Vec Object: 1 MPI process
  type: seq
0.
0.
0.
-0.114455
0.
0.
0.
0.0427485
0.161282
-0.167261
0.
-0.0811508
0.171596
-0.177831
0.
-0.073607
0.190127
0.203315
0.
-0.060678
0.175513
0.166709
0.
-0.0797245
0.38715
0.0101082
0.
0.00510309
0.375108
0.00957549
0.
0.0055426
0.38965
-0.0198807
0.
0.00672124
0.395371
-0.0192128
0.
0.0118181
0.
0.
0.
-0.0363819
0.
0.
0.
-0.0899386
0.308523
-0.0559502
0.
-0.017461
0.320677
0.0878371
0.
0.00347196
0.313569
-0.051037
0.
-0.00764137
0.323638
0.115549
0.
0.0208515
0.33947
0.06994
0.
0.00336945
0.323356
-0.104567
0.
0.015917
0.309593
0.0420962
0.
-0.0219848
0.320623
-0.0629498
0.
-0.00204625
0.
0.
0.
-0.135428
0.
0.
0.
-0.0198785
0.
0.
0.
0.0100175
0.
0.
0.
0.0985905
0.
0.
0.
-0.074189
0.
0.
0.
-0.152262
0.
0.
0.
-0.183602
0.
0.
0.
0.0605564
0.
0.
0.
0.0121776
0.
0.
0.
-0.00565422
0.
0.
0.
-0.158572
0.
0.
0.
0.0296466
0.
0.
0.
-0.0638274
0.
0.
0.
-0.00689057
0.
0.
0.
0.182222
0.
0.
0.
0.069799
0.
0.
0.
0.0172203
0.
0.
0.
0.00445009
1.
0.
0.
0.0467748
0.39933
-0.00842558
-0.000679956
-0.00370771
0.377647
0.
-0.00307589
-0.00309316
0.272422
0.
-0.00177293
-0.0167322
0.313787
0.
0.0170482
0.0547104
0.378761
0.
0.00406335
-0.0101368
0.274877
0.
0.0123263
-0.0181175
0.323241
0.
-0.00670819
0.0689319
0.318244
0.0172077
0.
0.0702813
0.379925
0.0193294
0.
-0.00080383
0.2594
0.0226478
0.
-0.0212404
0.296149
3.08346e-06
0.
0.0637425
0.383208
0.0137327
0.
-0.0026905
0.267057
0.0154627
0.
-0.0225988
0.246444
0.0192113
-0.0532706
-0.0132459
0.248498
-0.0241746
0.0233437
-0.0290647
0.361225
-0.0267085
-0.05845
0.0130606
0.424508
-0.127403
-0.141055
0.137798
0.35647
0.120751
-0.144091
0.095664
0.335301
-0.00953948
0.0278588
0.0386163
0.356551
0.112265
0.0892172
0.111143
0.268733
-0.0141752
-0.028796
-0.00857078
0.395
0.00160008
-0.0415774
0.0151921
0.258018
0.0203358
0.0307385
-0.0089835
0.359843
0.000565823
0.0379583
0.017348
0.312365
-0.105169
0.131211
0.104794
0.389718
-0.00683169
-0.00885191
0.0302957
0.311219
-0.0151204
0.0615113
-0.0643803
0.340066
0.0329095
0.135507
0.100317
