Vec Object: 1 MPI process
  type: seq
0.
0.
0.
-0.122438
0.
0.
0.
0.073051
0.157044
-0.167676
0.
-0.0977188
0.16942
-0.177571
0.
-0.0846147
0.191544
0.201438
0.
-0.0665916
0.171576
0.168607
0.
-0.099028
0.385687
0.0116894
0.
0.00994023
0.374633
0.0104672
0.
0.00543602
0.389005
-0.0191238
0.
0.00573658
0.393309
-0.0212647
0.
0.0178073
0.
0.
0.
-0.0460089
0.
0.
0.
-0.112798
0.301555
-0.0545135
0.
-0.0180117
0.322054
0.0862881
0.
0.0013559
0.306982
-0.0501723
0.
-0.00230227
0.324775
0.116773
0.
0.0202582
0.332321
0.0664259
0.
0.00968086
0.324227
-0.104562
0.
0.0145249
0.302923
0.0445045
0.
-0.0265989
0.321369
-0.0624959
0.
-0.00462493
0.
0.
0.
-0.128254
0.
0.
0.
-0.0427469
0.
0.
0.
0.0426952
0.
0.
0.
0.0692945
0.
0.
0.
-0.0954343
0.
0.
0.
-0.136165
0.
0.
0.
-0.132005
0.
0.
0.
0.116909
0.
0.
0.
0.0732688
0.
0.
0.
0.0325065
0.
0.
0.
-0.128903
0.
0.
0.
0.0374871
0.
0.
0.
-0.0218436
0.
0.
0.
-0.0118542
0.
0.
0.
0.251692
0.
0.
0.
0.141834
0.
0.
0.
0.0590518
0.
0.
0.
-0.000882137
1.
0.
0.
0.0503299
0.401604
-0.00852655
-0.000994477
-0.0023278
0.376142
0.
-0.00228445
-0.00258536
0.275632
0.
-0.000711833
-0.0230539
0.330773
0.
0.014047
0.0656319
0.379452
0.
0.00304546
-0.0106079
0.278232
0.
0.0103187
-0.0270814
0.336701
0.
-0.00750932
0.0860391
0.338284
0.0138472
0.
0.0909072
0.3789
0.020221
0.
-0.000328669
0.263051
0.0242174
0.
-0.0280585
0.3141
-0.00213321
0.
0.0825437
0.383405
0.0119854
0.
-0.00287004
0.270094
0.013256
0.
-0.0322432
0.244362
0.0149163
-0.0494589
-0.0225651
0.248255
-0.0216501
0.0217856
-0.0436696
0.351116
-0.0300035
-0.044053
0.0228967
0.42506
-0.105339
-0.126165
0.164049
0.360573
0.100178
-0.127418
0.119561
0.321403
0.00976818
0.027223
0.0537249
0.352628
0.097066
0.0759976
0.139845
0.25665
-0.0111282
-0.0273624
-0.0101977
0.37844
0.00108295
-0.0319525
0.025047
0.258043
0.0162927
0.0282068
-0.0218366
0.339939
-0.00757635
0.0283122
0.0300788
0.309819
-0.0879791
0.118725
0.126463
0.369808
-0.00372847
-0.0115787
0.046124
0.293427
-0.0383896
0.0475715
-0.0361873
0.335641
0.0242706
0.122292
0.129325
