Vec Object: 1 MPI process
  type: seq
0.
0.
0.
-0.0985695
0.
0.
0.
0.0247297
0.165262
-0.167219
0.
-0.0654967
0.173441
-0.178519
0.
-0.0635374
0.18937
0.20518
0.
-0.0533689
0.179207
0.165
0.
-0.0605085
0.388376
0.00900281
0.
0.00189539
0.375513
0.00879404
0.
0.00739416
0.390537
-0.0208133
0.
0.00843368
0.397207
-0.0175403
0.
0.00729166
0.
0.
0.
-0.0263012
0.
0.
0.
-0.0695876
0.315876
-0.0569232
0.
-0.015134
0.319004
0.0889138
0.
0.00366396
0.320767
-0.051192
0.
-0.0119465
0.322452
0.113174
0.
0.0189619
0.347232
0.0730123
0.
-0.00166829
0.322497
-0.103581
0.
0.0148468
0.316238
0.0392258
0.
-0.0161717
0.320136
-0.062755
0.
-0.00196363
0.
0.
0.
-0.127527
0.
0.
0.
0.00432869
0.
0.
0.
-0.00864683
0.
0.
0.
0.12953
0.
0.
0.
-0.0536554
0.
0.
0.
-0.152481
0.
0.
0.
-0.217252
0.
0.
0.
0.017482
0.
0.
0.
-0.0344542
0.
0.
0.
-0.0294891
0.
0.
0.
-0.164418
0.
0.
0.
0.0302704
0.
0.
0.
-0.0888702
0.
0.
0.
0.0018417
0.
0.
0.
0.120151
0.
0.
0.
0.0104673
0.
0.
0.
-0.00683831
0.
0.
0.
0.00935754
1.
0.
0.
0.0413825
0.396011
-0.00826421
-0.000325113
-0.00290936
0.379791
0.
-0.00387805
-0.00430593
0.269013
0.
-0.00297519
-0.011734
0.295793
0.
0.0203888
0.0447598
0.377977
0.
0.00498362
-0.0100764
0.270873
0.
0.0145021
-0.010066
0.308279
0.
-0.00565095
0.0523159
0.296253
0.020737
0.
0.0510158
0.381618
0.0182879
0.
-0.00198441
0.255681
0.0203581
0.
-0.0157834
0.276171
0.00314728
0.
0.0474153
0.38308
0.0153325
0.
-0.00311941
0.263927
0.0173793
0.
-0.0144288
0.248965
0.0230785
-0.0551281
-0.00542843
0.248758
-0.0253869
0.0235474
-0.0158664
0.368586
-0.0235324
-0.0752391
0.00463168
0.4274
-0.149403
-0.156343
0.112823
0.356331
0.141322
-0.16152
0.0738149
0.340846
-0.032647
0.0265089
0.0256985
0.362129
0.125252
0.10412
0.085767
0.281992
-0.0158213
-0.0299898
-0.00722712
0.406786
0.0019554
-0.0510138
0.00705529
0.256903
0.0216881
0.0324407
0.00357246
0.380689
0.0103593
0.0502929
0.0075081
0.318617
-0.1222
0.143086
0.0859142
0.408603
-0.00956221
-0.00499027
0.0174449
0.318528
0.0170162
0.0759776
-0.0789428
0.347132
0.0412544
0.146782
0.0758214
