Vec Object: 1 MPI process
  type: seq
0.
0.
0.
-0.116532
0.
0.
0.
0.0471933
0.160559
-0.167312
0.
-0.0839992
0.171247
-0.177756
0.
-0.0754552
0.190333
0.20299
0.
-0.0618272
0.174837
0.167032
0.
-0.0831144
0.386919
0.0103488
0.
0.00580277
0.375043
0.00971098
0.
0.0053566
0.389535
-0.0197286
0.
0.00644303
0.395033
-0.0195436
0.
0.0127383
0.
0.
0.
-0.0381688
0.
0.
0.
-0.0938759
0.307279
-0.0557399
0.
-0.0177025
0.320936
0.0876102
0.
0.00327655
0.312379
-0.0509345
0.
-0.00677479
0.323841
0.115858
0.
0.0209711
0.338179
0.0693513
0.
0.00440368
0.323509
-0.104649
0.
0.0158931
0.308427
0.0425609
0.
-0.0229122
0.320742
-0.0629228
0.
-0.0022761
0.
0.
0.
-0.135312
0.
0.
0.
-0.0241126
0.
0.
0.
0.0147595
0.
0.
0.
0.0931381
0.
0.
0.
-0.0780005
0.
0.
0.
-0.150616
0.
0.
0.
-0.175812
0.
0.
0.
0.0695305
0.
0.
0.
0.0219115
0.
0.
0.
4.02468e-05
0.
0.
0.
-0.155053
0.
0.
0.
0.030377
0.
0.
0.
-0.0576337
0.
0.
0.
-0.00807793
0.
0.
0.
0.193918
0.
0.
0.
0.0815839
0.
0.
0.
0.0233186
0.
0.
0.
0.00348327
1.
0.
0.
0.0475217
0.399798
-0.00844574
-0.000736964
-0.00366829
0.377333
0.
-0.00293512
-0.00293572
0.273005
0.
-0.00157673
-0.0177168
0.316818
0.
0.0164987
0.056548
0.378874
0.
0.00388927
-0.0101761
0.275511
0.
0.0119621
-0.0195994
0.325695
0.
-0.00686445
0.0718942
0.321875
0.0166041
0.
0.0738195
0.379692
0.0195011
0.
-0.000651412
0.260054
0.022971
0.
-0.0223114
0.299415
-0.000438159
0.
0.0668618
0.383222
0.0134331
0.
-0.00266743
0.267601
0.015087
0.
-0.0241637
0.246056
0.0184845
-0.052721
-0.0148057
0.248458
-0.0238031
0.0231537
-0.0315327
0.359625
-0.0272909
-0.0557464
0.0146712
0.424375
-0.12352
-0.138425
0.142321
0.356951
0.117129
-0.141113
0.099729
0.333372
-0.00583569
0.0278812
0.0410948
0.355751
0.109736
0.0867723
0.115945
0.26654
-0.0137342
-0.028563
-0.00887279
0.392399
0.00152037
-0.0398662
0.0167765
0.258094
0.0197899
0.03035
-0.0112448
0.356299
-0.000978506
0.0360846
0.0193551
0.311684
-0.102158
0.129064
0.108395
0.386275
-0.0063008
-0.00942072
0.0328627
0.308767
-0.0198704
0.0589811
-0.0604173
0.339127
0.0314025
0.133306
0.105089
