Vec Object: 1 MPI process
  type: seq
0.
0.
0.
-0.109084
0.
0.
0.
0.163204
0.148579
-0.168492
0.
-0.127359
0.163989
-0.177709
0.
-0.106354
0.196418
0.196646
0.
-0.0683089
0.163833
0.172185
0.
-0.132996
0.380522
0.0172233
0.
0.0325895
0.371727
0.0143742
0.
0.0184641
0.385918
-0.0198222
0.
0.0178501
0.387192
-0.0273173
0.
0.0413507
0.
0.
0.
-0.060522
0.
0.
0.
-0.15721
0.288357
-0.0504925
0.
-0.0179256
0.324342
0.0802492
0.
-0.0152381
0.294839
-0.0474004
0.
0.00600041
0.32697
0.113952
0.
0.00400104
0.319224
0.0594904
0.
0.0188543
0.325974
-0.0997069
0.
-0.00309804
0.28942
0.0476211
0.
-0.0328371
0.322941
-0.0586771
0.
-0.0243357
0.
0.
0.
-0.0700023
0.
0.
0.
-0.0748039
0.
0.
0.
0.141827
0.
0.
0.
0.031264
0.
0.
0.
-0.129198
0.
0.
0.
-0.0600517
0.
0.
0.
0.0144588
0.
0.
0.
0.259179
0.
0.
0.
0.226581
0.
0.
0.
0.142015
0.
0.
0.
-0.0103955
0.
0.
0.
0.0766681
0.
0.
0.
0.100701
0.
0.
0.
-0.00954157
0.
0.
0.
0.405412
0.
0.
0.
0.312281
0.
0.
0.
0.184823
0.
0.
0.
-0.00991331
1.
0.
0.
0.058026
0.403163
-0.00858686
-0.0015062
0.0173322
0.375837
0.
-0.000840553
-0.0054205
0.280888
0.
0.000979303
-0.047031
0.36268
0.
0.00898049
0.0911317
0.382626
0.
0.00106414
-0.0131475
0.283052
0.
0.00691315
-0.054698
0.359941
0.
-0.00841016
0.122483
0.373973
0.00779307
0.
0.13373
0.379786
0.0209968
0.
-0.00329729
0.269316
0.0253588
0.
-0.0529512
0.345669
-0.0039392
0.
0.127938
0.38631
0.00856276
0.
-0.00501543
0.275249
0.00902326
0.
-0.0619925
0.240355
0.00590953
-0.0386152
-0.0460376
0.247135
-0.0150832
0.0163981
-0.0806636
0.325711
-0.0351579
-0.0227667
0.0442756
0.433746
-0.0631261
-0.0970311
0.219816
0.37534
0.0606708
-0.0963856
0.170667
0.27947
0.0339878
0.0216917
0.088668
0.348533
0.0632843
0.0548396
0.205541
0.234845
-0.00252025
-0.0237603
-0.0140971
0.336519
-0.000217606
-0.0157025
0.049104
0.255383
0.00400879
0.0215313
-0.05045
0.302055
-0.0191685
0.0157486
0.0616708
0.311959
-0.0542999
0.0926227
0.176981
0.329843
0.00216873
-0.0130182
0.0821473
0.238168
-0.0585988
0.0253294
0.0543427
0.331649
0.00760733
0.0930392
0.198673
