Vec Object: 1 MPI process
  type: seq
0.
0.
0.
-0.0736613
0.
0.
0.
0.0205572
0.171267
-0.168549
0.
-0.0437511
0.176917
-0.180712
0.
-0.0475832
0.190437
0.208326
0.
-0.0397208
0.183945
0.163585
0.
-0.0335506
0.390275
0.00846723
0.
-0.00131214
0.377495
0.00642134
0.
0.0100344
0.393697
-0.0223884
0.
0.00905608
0.400047
-0.0158702
0.
0.00203995
0.
0.
0.
-0.0170935
0.
0.
0.
-0.053889
0.328735
-0.0584997
0.
-0.0106721
0.315269
0.0905735
0.
0.00270641
0.334132
-0.0495712
0.
-0.0155417
0.320766
0.107725
0.
0.0141474
0.361245
0.076435
0.
-0.00541657
0.321425
-0.100706
0.
0.0110533
0.32677
0.0347283
0.
-0.00820341
0.321021
-0.0614217
0.
-0.0038446
0.
0.
0.
-0.0964019
0.
0.
0.
0.029867
0.
0.
0.
-0.0103389
0.
0.
0.
0.154633
0.
0.
0.
-0.0389475
0.
0.
0.
-0.129682
0.
0.
0.
-0.232294
0.
0.
0.
-0.0186406
0.
0.
0.
-0.0722
0.
0.
0.
-0.036902
0.
0.
0.
-0.129729
0.
0.
0.
0.0411012
0.
0.
0.
-0.0917856
0.
0.
0.
0.0174584
0.
0.
0.
0.0452676
0.
0.
0.
-0.0484675
0.
0.
0.
-0.00909878
0.
0.
0.
0.00980586
1.
0.
0.
0.0291909
0.387707
-0.0075396
0.000531374
-0.000319231
0.384041
0.
-0.00498224
-0.00599964
0.263979
0.
-0.00520811
-0.0053984
0.263531
0.
0.0262265
0.0306884
0.374903
0.
0.00590877
-0.0092019
0.263085
0.
0.0183189
0.00087949
0.280494
0.
-0.00278304
0.0288065
0.255826
0.0258966
0.
0.0264482
0.385266
0.0167862
0.
-0.00361107
0.251243
0.0143656
0.
-0.00937055
0.23745
0.0109311
0.
0.0277948
0.381458
0.0170669
0.
-0.00365398
0.259276
0.0185153
0.
-0.00435179
0.253725
0.0282768
-0.0521034
0.000633909
0.248603
-0.0215653
0.0198061
-0.000688032
0.371578
-0.0201402
-0.104143
-0.00619028
0.440482
-0.179877
-0.181752
0.0786515
0.369985
0.170528
-0.189124
0.0468936
0.3239
-0.0665617
0.02064
0.010059
0.374628
0.138739
0.128077
0.0550344
0.305131
-0.0157974
-0.031727
-0.00828322
0.411837
0.00217002
-0.060397
-0.00336812
0.251376
0.0148876
0.0336056
0.0183988
0.416491
0.0283025
0.0754818
-0.00314952
0.339706
-0.14664
0.15985
0.0627187
0.432034
-0.0112655
0.00158221
0.00388772
0.303208
0.0729888
0.0917096
-0.0773226
0.367157
0.0511542
0.157371
0.0483167
