Vec Object: 1 MPI process
  type: seq
0.
0.
0.
-0.0896196
0.
0.
0.
0.0204983
0.167129
-0.167399
0.
-0.0582998
0.174349
-0.179027
0.
-0.0587526
0.189334
0.206115
0.
-0.0493849
0.180859
0.164315
0.
-0.051439
0.388955
0.00864346
0.
0.000690935
0.375851
0.00829801
0.
0.00847472
0.391216
-0.0212826
0.
0.0090499
0.398078
-0.0168714
0.
0.00544376
0.
0.
0.
-0.0221203
0.
0.
0.
-0.0619931
0.319647
-0.0573416
0.
-0.0136579
0.31803
0.0893766
0.
0.00340688
0.324585
-0.050971
0.
-0.0135801
0.321876
0.111698
0.
0.0175708
0.351301
0.0742901
0.
-0.00346654
0.322108
-0.102842
0.
0.0138281
0.319471
0.0377754
0.
-0.0133268
0.320107
-0.0624723
0.
-0.00242157
0.
0.
0.
-0.119267
0.
0.
0.
0.0148551
0.
0.
0.
-0.0125244
0.
0.
0.
0.142318
0.
0.
0.
-0.0457824
0.
0.
0.
-0.147563
0.
0.
0.
-0.226796
0.
0.
0.
0.00195568
0.
0.
0.
-0.0511016
0.
0.
0.
-0.0355814
0.
0.
0.
-0.158633
0.
0.
0.
0.0329999
0.
0.
0.
-0.0944205
0.
0.
0.
0.00681928
0.
0.
0.
0.0934055
0.
0.
0.
-0.0128248
0.
0.
0.
-0.0118105
0.
0.
0.
0.0107899
1.
0.
0.
0.0380555
0.393917
-0.00813002
-0.000117688
-0.0021426
0.381019
0.
-0.00425311
-0.00495429
0.267357
0.
-0.00361276
-0.00957566
0.286437
0.
0.0221402
0.0402102
0.37738
0.
0.00536087
-0.0100147
0.268667
0.
0.0156238
-0.00635629
0.300297
0.
-0.00498719
0.0445047
0.284594
0.0224582
0.
0.0424371
0.382636
0.0177802
0.
-0.00261351
0.253994
0.0189048
0.
-0.0134668
0.265359
0.00512621
0.
0.0404602
0.382862
0.0160052
0.
-0.00339855
0.262425
0.0180698
0.
-0.0108856
0.250401
0.0247662
-0.0550577
-0.00259828
0.248882
-0.0251718
0.0229848
-0.0102086
0.370837
-0.0221964
-0.0840972
0.000925101
0.43027
-0.159731
-0.16402
0.101367
0.358348
0.151057
-0.170194
0.0642687
0.339378
-0.0444031
0.0250847
0.0201284
0.36551
0.130476
0.111788
0.0748493
0.288933
-0.0160681
-0.0305072
-0.00708493
0.410292
0.00206624
-0.0549964
0.00352409
0.255827
0.0209652
0.0329455
0.00910509
0.391326
0.0156996
0.0573685
0.00358678
0.32343
-0.130262
0.148598
0.0778176
0.417004
-0.010563
-0.00285725
0.0123382
0.317364
0.0349747
0.0824185
-0.0812444
0.351907
0.0449812
0.151219
0.0657362
