Vec Object: 1 MPI process
  type: seq
0.
0.
0.
-0.121504
0.
0.
0.
0.105289
0.153517
-0.168133
0.
-0.111032
0.167331
-0.177614
0.
-0.0940406
0.193095
0.199805
0.
-0.0697185
0.168342
0.170166
0.
-0.114082
0.384126
0.0134055
0.
0.0160002
0.373914
0.0115499
0.
0.00771511
0.388277
-0.0188679
0.
0.0070724
0.391311
-0.0232658
0.
0.0245078
0.
0.
0.
-0.0523106
0.
0.
0.
-0.130842
0.296174
-0.0529489
0.
-0.0172739
0.323018
0.0844561
0.
-0.00270932
0.301998
-0.0490595
0.
0.00230484
0.325651
0.116634
0.
0.016832
0.32692
0.0634554
0.
0.0148643
0.324917
-0.103546
0.
0.0105042
0.297549
0.0459496
0.
-0.0290369
0.322014
-0.0615121
0.
-0.00957387
0.
0.
0.
-0.111246
0.
0.
0.
-0.0577971
0.
0.
0.
0.0779262
0.
0.
0.
0.0505172
0.
0.
0.
-0.110456
0.
0.
0.
-0.111905
0.
0.
0.
-0.079201
0.
0.
0.
0.170068
0.
0.
0.
0.130744
0.
0.
0.
0.0720645
0.
0.
0.
-0.0895889
0.
0.
0.
0.050045
0.
0.
0.
0.0222382
0.
0.
0.
-0.0124897
0.
0.
0.
0.311398
0.
0.
0.
0.206788
0.
0.
0.
0.103752
0.
0.
0.
-0.00444832
1.
0.
0.
0.0523966
0.402749
-0.00858534
-0.00122639
0.00171553
0.375514
0.
-0.00168147
-0.00305206
0.277945
0.
3.413e-05
-0.0299946
0.34393
0.
0.0118705
0.0752124
0.380281
0.
0.00222047
-0.0114803
0.28046
0.
0.00884651
-0.0357602
0.346622
0.
-0.00799269
0.100176
0.353288
0.011311
0.
0.107934
0.378697
0.0207264
0.
-0.000838074
0.265753
0.0250027
0.
-0.0353961
0.327445
-0.00322662
0.
0.0993868
0.383984
0.0105684
0.
-0.00358124
0.272341
0.0114748
0.
-0.0417328
0.242808
0.0113034
-0.0454788
-0.030651
0.247959
-0.0191428
0.0198827
-0.0565382
0.341601
-0.0324318
-0.0343509
0.0317827
0.427536
-0.08803
-0.1144
0.185755
0.365748
0.084014
-0.114626
0.139641
0.306265
0.0218029
0.025555
0.0674331
0.350507
0.0838657
0.0666983
0.16496
0.247611
-0.00791991
-0.026034
-0.0111702
0.362723
0.000581243
-0.0248193
0.0343823
0.257391
0.0117836
0.0257211
-0.0321102
0.324486
-0.0129576
0.0222899
0.0423747
0.309768
-0.0743114
0.108385
0.145689
0.353687
-0.00124813
-0.0128027
0.0604959
0.273703
-0.0504228
0.0376341
-0.0044616
0.333456
0.0174228
0.110851
0.155477
