Vec Object: 1 MPI process
  type: seq
0.
0.
0.
-0.0808453
0.
0.
0.
0.0190709
0.169077
-0.16779
0.
-0.0511061
0.175429
-0.179711
0.
-0.0536046
0.189618
0.207135
0.
-0.0449237
0.182439
0.16379
0.
-0.0424192
0.389575
0.00843086
0.
-0.000377014
0.376433
0.00757985
0.
0.00944694
0.392199
-0.0217872
0.
0.00933444
0.399004
-0.0162993
0.
0.0037108
0.
0.
0.
-0.0188539
0.
0.
0.
-0.0564991
0.323805
-0.0578275
0.
-0.0121155
0.316846
0.089889
0.
0.00305272
0.3289
-0.0504814
0.
-0.0148482
0.321303
0.109942
0.
0.0159675
0.355837
0.0754371
0.
-0.00477548
0.321745
-0.101913
0.
0.0125684
0.322893
0.0362832
0.
-0.0106079
0.320331
-0.0620505
0.
-0.00306771
0.
0.
0.
-0.108676
0.
0.
0.
0.0237599
0.
0.
0.
-0.0131339
0.
0.
0.
0.151729
0.
0.
0.
-0.0403593
0.
0.
0.
-0.139822
0.
0.
0.
-0.232026
0.
0.
0.
-0.0102247
0.
0.
0.
-0.0639001
0.
0.
0.
-0.038155
0.
0.
0.
-0.147166
0.
0.
0.
0.0368326
0.
0.
0.
-0.0955692
0.
0.
0.
0.0120837
0.
0.
0.
0.0683846
0.
0.
0.
-0.0326915
0.
0.
0.
-0.0125753
0.
0.
0.
0.0111227
1.
0.
0.
0.0340769
0.391275
-0.00791417
0.000148181
-0.00125364
0.382413
0.
-0.00462128
-0.00555527
0.26568
0.
-0.00432977
-0.00747207
0.275993
0.
0.0240572
0.0356004
0.376458
0.
0.00568011
-0.00979079
0.26614
0.
0.0168583
-0.0026795
0.2913
0.
-0.00410706
0.0366757
0.271486
0.0241926
0.
0.0342349
0.383823
0.0172783
0.
-0.00319284
0.252453
0.0170322
0.
-0.0113041
0.25291
0.00760405
0.
0.033945
0.382398
0.0165969
0.
-0.00362257
0.260891
0.0185083
0.
-0.00751168
0.252014
0.0264292
-0.054149
-0.000527908
0.248918
-0.0240963
0.0218264
-0.00507363
0.372009
-0.0210438
-0.093663
-0.00268685
0.434439
-0.169944
-0.172315
0.0900352
0.362469
0.160802
-0.179312
0.0552769
0.334221
-0.0560832
0.0231228
0.0148614
0.369563
0.135013
0.11983
0.0646076
0.296537
-0.0160031
-0.0310483
-0.00743262
0.412132
0.00214066
-0.0582998
6.26145e-05
0.254149
0.0189306
0.0332934
0.01414
0.402975
0.0216265
0.0655817
2.43495e-05
0.33008
-0.138389
0.154149
0.0701405
0.424903
-0.011219
-0.000613898
0.00782106
0.312523
0.0541017
0.0879842
-0.080693
0.358211
0.0484072
0.154867
0.0565817
