Vec Object: 1 MPI process
  type: seq
0.
0.
0.
-0.0831385
0.
0.
0.
0.0191758
0.168535
-0.167657
0.
-0.053062
0.175109
-0.179503
0.
-0.0550577
0.1895
0.206847
0.
-0.0461901
0.182018
0.16391
0.
-0.0448532
0.389401
0.00846999
0.
-0.000100218
0.376241
0.00780565
0.
0.00920731
0.391894
-0.0216448
0.
0.00930073
0.398745
-0.0164429
0.
0.0041716
0.
0.
0.
-0.0196192
0.
0.
0.
-0.0577389
0.322625
-0.0576837
0.
-0.0125313
0.317195
0.0897402
0.
0.00315308
0.327665
-0.0506469
0.
-0.0145498
0.321457
0.110452
0.
0.0164212
0.354546
0.0751405
0.
-0.00447729
0.32184
-0.102186
0.
0.0129327
0.321937
0.0366918
0.
-0.0113227
0.320237
-0.062181
0.
-0.00287794
0.
0.
0.
-0.111743
0.
0.
0.
0.0215653
0.
0.
0.
-0.0132983
0.
0.
0.
0.149654
0.
0.
0.
-0.041512
0.
0.
0.
-0.142175
0.
0.
0.
-0.231058
0.
0.
0.
-0.00727352
0.
0.
0.
-0.060841
0.
0.
0.
-0.0378191
0.
0.
0.
-0.150846
0.
0.
0.
0.0357149
0.
0.
0.
-0.0957167
0.
0.
0.
0.0106398
0.
0.
0.
0.0749857
0.
0.
0.
-0.0276759
0.
0.
0.
-0.0127867
0.
0.
0.
0.0111691
1.
0.
0.
0.0352302
0.392061
-0.00798394
6.79399e-05
-0.0015021
0.382016
0.
-0.00452234
-0.0054022
0.266136
0.
-0.00412461
-0.00803841
0.278968
0.
0.0235178
0.0368656
0.376753
0.
0.00560077
-0.00987631
0.266865
0.
0.0165084
-0.00367002
0.29387
0.
-0.00437582
0.0387995
0.275226
0.0237233
0.
0.0364174
0.383482
0.0174132
0.
-0.00304587
0.252848
0.0175956
0.
-0.0118722
0.2565
0.00686944
0.
0.0356695
0.382558
0.0164465
0.
-0.00357352
0.261312
0.0184222
0.
-0.00840799
0.251561
0.025974
-0.0544919
-0.00100496
0.248926
-0.0244978
0.0222105
-0.00640278
0.371819
-0.0213344
-0.0909932
-0.00171655
0.433157
-0.167195
-0.169984
0.0930998
0.36109
0.158162
-0.176788
0.0576549
0.336049
-0.0529732
0.0237075
0.0162542
0.368384
0.133858
0.117619
0.0673152
0.294397
-0.0160462
-0.0308949
-0.00728602
0.411819
0.00212427
-0.0574958
0.000997356
0.254683
0.0196415
0.0332105
0.0128386
0.399683
0.019955
0.0632208
0.000955188
0.32805
-0.136178
0.152636
0.0721859
0.422824
-0.0110864
-0.00122617
0.00898699
0.314236
0.0488589
0.0866056
-0.0811213
0.356307
0.0475228
0.153972
0.058971
