Vec Object: 1 MPI process
  type: seq
0.
0.
0.
-0.122826
0.
0.
0.
0.0803265
0.156187
-0.167785
0.
-0.101012
0.168936
-0.177564
0.
-0.0868923
0.191888
0.201056
0.
-0.0675276
0.170787
0.168989
0.
-0.10277
0.385347
0.0120654
0.
0.0111901
0.374495
0.0106917
0.
0.00575111
0.38886
-0.0190214
0.
0.00581339
0.392858
-0.0217189
0.
0.0192424
0.
0.
0.
-0.0476757
0.
0.
0.
-0.117272
0.300225
-0.0541618
0.
-0.0178962
0.322299
0.0858979
0.
0.000597662
0.305744
-0.0499285
0.
-0.00116914
0.324991
0.116842
0.
0.0197096
0.330977
0.0657037
0.
0.0109842
0.324397
-0.104409
0.
0.0138268
0.301612
0.0448985
0.
-0.0272897
0.321526
-0.0623125
0.
-0.00555481
0.
0.
0.
-0.124996
0.
0.
0.
-0.0467356
0.
0.
0.
0.0506187
0.
0.
0.
0.0642539
0.
0.
0.
-0.0993178
0.
0.
0.
-0.131131
0.
0.
0.
-0.119971
0.
0.
0.
0.129307
0.
0.
0.
0.0866905
0.
0.
0.
0.041501
0.
0.
0.
-0.120485
0.
0.
0.
0.0400635
0.
0.
0.
-0.0118491
0.
0.
0.
-0.0122815
0.
0.
0.
0.265995
0.
0.
0.
0.157184
0.
0.
0.
0.0691326
0.
0.
0.
-0.00182051
1.
0.
0.
0.0508593
0.40194
-0.00854303
-0.00105313
-0.00164598
0.375936
0.
-0.00213406
-0.00261809
0.276222
0.
-0.000520908
-0.024549
0.334023
0.
0.0134966
0.0679012
0.379621
0.
0.00284266
-0.0107803
0.278814
0.
0.00994686
-0.0290341
0.339194
0.
-0.00764094
0.0894529
0.342031
0.0132142
0.
0.0950417
0.378794
0.0203647
0.
-0.000369994
0.263734
0.0244482
0.
-0.0296509
0.31744
-0.00244863
0.
0.0865103
0.383498
0.0116376
0.
-0.0029995
0.270663
0.0128165
0.
-0.0343786
0.24398
0.0140421
-0.048548
-0.0244837
0.248196
-0.0210653
0.0213644
-0.0466916
0.34889
-0.030624
-0.0415312
0.0250039
0.425514
-0.101068
-0.123277
0.1693
0.36171
0.0961932
-0.124245
0.124408
0.317973
0.013
0.0268994
0.0569575
0.352033
0.093905
0.0736192
0.145818
0.254395
-0.0103963
-0.0270523
-0.0104593
0.374769
0.000965991
-0.030145
0.027218
0.257937
0.0152744
0.0276311
-0.0243303
0.336125
-0.00898356
0.0267074
0.0329318
0.309664
-0.0846235
0.11622
0.131016
0.365867
-0.00311466
-0.0119587
0.0495285
0.288988
-0.0418594
0.0450251
-0.0291341
0.33501
0.0225833
0.11955
0.135491
