Vec Object: 1 MPI process
  type: seq
0.
0.
0.
-0.0778732
0.
0.
0.
0.0192767
0.169851
-0.168017
0.
-0.0483919
0.175918
-0.180035
0.
-0.0514988
0.189842
0.207552
0.
-0.043091
0.183008
0.163662
0.
-0.0390829
0.389824
0.008406
0.
-0.000742931
0.376754
0.00721698
0.
0.00973162
0.392681
-0.0219944
0.
0.00931415
0.399375
-0.0161184
0.
0.00308334
0.
0.
0.
-0.0179799
0.
0.
0.
-0.0551388
0.32552
-0.0580477
0.
-0.0115546
0.316319
0.0901138
0.
0.00291505
0.330709
-0.0502038
0.
-0.015191
0.321095
0.109186
0.
0.0153175
0.357717
0.0758277
0.
-0.00510656
0.32162
-0.101503
0.
0.0120365
0.324262
0.0357133
0.
-0.00966037
0.320516
-0.0618466
0.
-0.00334451
0.
0.
0.
-0.104248
0.
0.
0.
0.0264489
0.
0.
0.
-0.0124975
0.
0.
0.
0.153816
0.
0.
0.
-0.0392508
0.
0.
0.
-0.13629
0.
0.
0.
-0.23277
0.
0.
0.
-0.0138413
0.
0.
0.
-0.0675785
0.
0.
0.
-0.0381588
0.
0.
0.
-0.141378
0.
0.
0.
0.0384284
0.
0.
0.
-0.0947744
0.
0.
0.
0.0140858
0.
0.
0.
0.0595142
0.
0.
0.
-0.0391158
0.
0.
0.
-0.011773
0.
0.
0.
0.0108601
1.
0.
0.
0.0323793
0.390084
-0.00779942
0.0002725
-0.000905972
0.382987
0.
-0.00475668
-0.00574776
0.265048
0.
-0.00463113
-0.00669488
0.271655
0.
0.0248305
0.0338217
0.375978
0.
0.00577871
-0.0096301
0.265079
0.
0.0173666
-0.00132726
0.287547
0.
-0.0036852
0.0337441
0.266033
0.0248359
0.
0.0312773
0.384324
0.0170937
0.
-0.00337648
0.251947
0.0161634
0.
-0.010548
0.247609
0.00871594
0.
0.031613
0.382122
0.0167898
0.
-0.00366758
0.260302
0.018576
0.
-0.00630131
0.252651
0.0270761
-0.0535403
1.93243e-05
0.248867
-0.0233713
0.0211949
-0.00333128
0.372082
-0.0206734
-0.0974511
-0.00401233
0.436427
-0.1737
-0.175663
0.0858067
0.36477
0.164438
-0.182874
0.0520732
0.331084
-0.0602318
0.0222537
0.0129948
0.371306
0.136508
0.122903
0.0609571
0.299605
-0.0159242
-0.0312754
-0.00769761
0.412309
0.00215808
-0.0592648
-0.0012234
0.253286
0.0177127
0.033402
0.0158406
0.407731
0.0240202
0.0690357
-0.00121362
0.333228
-0.141452
0.156254
0.0673532
0.427677
-0.0113301
0.000225537
0.0062845
0.309623
0.061311
0.0896663
-0.0797647
0.361146
0.0495483
0.155964
0.0533965
