Vec Object: 1 MPI process
  type: seq
0.
0.
0.
-0.113633
0.
0.
0.
0.04122
0.161544
-0.167245
0.
-0.080118
0.171721
-0.177862
0.
-0.0729401
0.190056
0.203433
0.
-0.060248
0.175758
0.166592
0.
-0.078487
0.387233
0.0100239
0.
0.00485988
0.375131
0.00952707
0.
0.00562423
0.389694
-0.0199376
0.
0.0068284
0.395493
-0.0190949
0.
0.0114931
0.
0.
0.
-0.0357243
0.
0.
0.
-0.0885178
0.308981
-0.0560232
0.
-0.0173582
0.32058
0.0879163
0.
0.00352845
0.314009
-0.0510691
0.
-0.00794981
0.323563
0.115428
0.
0.0207886
0.339946
0.0701516
0.
0.00300168
0.3233
-0.104529
0.
0.0159067
0.310019
0.0419228
0.
-0.0216362
0.320581
-0.0629547
0.
-0.00198166
0.
0.
0.
-0.135353
0.
0.
0.
-0.0183191
0.
0.
0.
0.00839372
0.
0.
0.
0.100599
0.
0.
0.
-0.0727994
0.
0.
0.
-0.15274
0.
0.
0.
-0.186309
0.
0.
0.
0.0573807
0.
0.
0.
0.00873321
0.
0.
0.
-0.00762374
0.
0.
0.
-0.159674
0.
0.
0.
0.0294463
0.
0.
0.
-0.0659593
0.
0.
0.
-0.00642686
0.
0.
0.
0.178007
0.
0.
0.
0.0655918
0.
0.
0.
0.0151299
0.
0.
0.
0.00480137
1.
0.
0.
0.0464877
0.399151
-0.00841784
-0.000658884
-0.00370543
0.377767
0.
-0.00312741
-0.00315629
0.272208
0.
-0.00184565
-0.0163827
0.312673
0.
0.0172514
0.0540469
0.378719
0.
0.00412622
-0.010126
0.274641
0.
0.0124605
-0.017583
0.322334
0.
-0.00664931
0.0678537
0.316903
0.0174294
0.
0.0689993
0.380015
0.0192655
0.
-0.000865121
0.25916
0.0225245
0.
-0.0208594
0.294942
0.000171758
0.
0.0626221
0.383204
0.013841
0.
-0.0027039
0.266857
0.0155978
0.
-0.0220383
0.246589
0.0194735
-0.0534567
-0.0126869
0.248513
-0.0243007
0.023403
-0.0281734
0.361788
-0.0264965
-0.0594559
0.0124836
0.424582
-0.128821
-0.142018
0.136156
0.356324
0.122073
-0.145184
0.0941949
0.335942
-0.0109228
0.0278354
0.0377283
0.356855
0.113171
0.0901233
0.109414
0.269543
-0.0143255
-0.0288792
-0.00846191
0.395914
0.00162793
-0.0422018
0.0146271
0.257982
0.0205152
0.030874
-0.00815892
0.361144
0.00114243
0.0386629
0.0166377
0.312641
-0.106268
0.13199
0.1035
0.390968
-0.00702301
-0.00863521
0.0293814
0.312035
-0.0133159
0.0624408
-0.0657221
0.340428
0.033458
0.136297
0.0986094
