Vec Object: 1 MPI process
  type: seq
0.
0.
0.
-0.0765105
0.
0.
0.
0.0195311
0.170251
-0.168151
0.
-0.0470364
0.176185
-0.180214
0.
-0.0504009
0.189985
0.207769
0.
-0.0421398
0.183287
0.163618
0.
-0.0374406
0.389952
0.00840869
0.
-0.000917086
0.376942
0.00701022
0.
0.00984755
0.39295
-0.0221033
0.
0.00927066
0.399566
-0.0160371
0.
0.00277493
0.
0.
0.
-0.0176356
0.
0.
0.
-0.0546279
0.326417
-0.0581686
0.
-0.0112849
0.316035
0.0902365
0.
0.00284915
0.331661
-0.0500415
0.
-0.0153269
0.320994
0.108784
0.
0.0149837
0.358702
0.0760131
0.
-0.00523251
0.32156
-0.101284
0.
0.0117592
0.324969
0.0354273
0.
-0.00921081
0.320636
-0.0617334
0.
-0.00348763
0.
0.
0.
-0.10198
0.
0.
0.
0.0276144
0.
0.
0.
-0.0120041
0.
0.
0.
0.154453
0.
0.
0.
-0.0389383
0.
0.
0.
-0.134425
0.
0.
0.
-0.232869
0.
0.
0.
-0.0154295
0.
0.
0.
-0.0691547
0.
0.
0.
-0.0379572
0.
0.
0.
-0.138199
0.
0.
0.
0.0392279
0.
0.
0.
-0.0941159
0.
0.
0.
0.0150802
0.
0.
0.
0.0552238
0.
0.
0.
-0.0420725
0.
0.
0.
-0.0111567
0.
0.
0.
0.0106349
1.
0.
0.
0.0314867
0.389439
-0.00773284
0.000341315
-0.000732655
0.383285
0.
-0.00482337
-0.00583292
0.264734
0.
-0.00479042
-0.00631135
0.269385
0.
0.0252281
0.0329204
0.375702
0.
0.00582221
-0.0095277
0.264522
0.
0.0176324
-0.000665847
0.285579
0.
-0.00344866
0.0322901
0.263178
0.025152
0.
0.0298348
0.384586
0.0170028
0.
-0.00345696
0.251717
0.0156844
0.
-0.0101872
0.244801
0.00931758
0.
0.0304755
0.381956
0.0168783
0.
-0.00367727
0.260005
0.0185837
0.
-0.0057142
0.25297
0.0274105
-0.0531745
0.000241088
0.248818
-0.0229252
0.0208324
-0.00251158
0.372024
-0.0205039
-0.0993783
-0.00466232
0.43752
-0.175543
-0.17739
0.0837066
0.366111
0.166237
-0.184678
0.0505191
0.329235
-0.0622011
0.021797
0.0120985
0.372228
0.137204
0.124432
0.0591837
0.301181
-0.0158818
-0.0313973
-0.00785411
0.412277
0.00216416
-0.0596701
-0.00185881
0.252791
0.0169921
0.0334566
0.0166376
0.4102
0.0252473
0.0708441
-0.00180527
0.334964
-0.142976
0.157305
0.0659829
0.429006
-0.0113483
0.00063556
0.00555376
0.307942
0.0648387
0.0903852
-0.0791598
0.362758
0.0500703
0.156442
0.0518643
