Vec Object: 1 MPI process
  type: seq
0.
0.
0.
-0.0757316
0.
0.
0.
0.0197343
0.170499
-0.168241
0.
-0.0462134
0.176357
-0.18033
0.
-0.0497172
0.190084
0.207904
0.
-0.0415496
0.183454
0.1636
0.
-0.0364532
0.390032
0.00841598
0.
-0.00101979
0.377067
0.00687514
0.
0.00990779
0.393124
-0.0221716
0.
0.00923217
0.399683
-0.0159911
0.
0.00258922
0.
0.
0.
-0.0174594
0.
0.
0.
-0.0543752
0.326977
-0.0582461
0.
-0.0111255
0.315854
0.0903151
0.
0.00281073
0.332256
-0.0499345
0.
-0.0153966
0.320935
0.10853
0.
0.014778
0.359317
0.0761224
0.
-0.00529522
0.321525
-0.101146
0.
0.011587
0.325407
0.0352531
0.
-0.00894683
0.32072
-0.0616606
0.
-0.00357584
0.
0.
0.
-0.100591
0.
0.
0.
0.0282581
0.
0.
0.
-0.0116485
0.
0.
0.
0.15469
0.
0.
0.
-0.0388347
0.
0.
0.
-0.133264
0.
0.
0.
-0.232836
0.
0.
0.
-0.0163201
0.
0.
0.
-0.0700229
0.
0.
0.
-0.0377682
0.
0.
0.
-0.136177
0.
0.
0.
0.0397089
0.
0.
0.
-0.0936302
0.
0.
0.
0.0156809
0.
0.
0.
0.0526686
0.
0.
0.
-0.0437801
0.
0.
0.
-0.0107146
0.
0.
0.
0.0104658
1.
0.
0.
0.0309296
0.389029
-0.00768896
0.00038562
-0.000627973
0.383469
0.
-0.00486354
-0.00588036
0.264544
0.
-0.00489051
-0.00608028
0.267968
0.
0.0254735
0.0323682
0.37552
0.
0.00584653
-0.00945713
0.264174
0.
0.0177983
-0.000270208
0.28435
0.
-0.00329516
0.0314115
0.261397
0.0253417
0.
0.0289714
0.384751
0.0169481
0.
-0.00350144
0.251586
0.0153765
0.
-0.00997448
0.243037
0.00969987
0.
0.0297939
0.381845
0.0169291
0.
-0.00367816
0.259823
0.0185788
0.
-0.00536432
0.253162
0.0276189
-0.0529313
0.00035872
0.248778
-0.0226237
0.0205958
-0.00203212
0.371956
-0.0204063
-0.100559
-0.00505203
0.438219
-0.176647
-0.178458
0.0824356
0.366994
0.167322
-0.185782
0.0495916
0.328016
-0.0633539
0.0215133
0.0115684
0.372807
0.13761
0.125355
0.0581242
0.302153
-0.015857
-0.0314748
-0.00795585
0.412216
0.0021669
-0.059888
-0.00224156
0.252467
0.0165146
0.033491
0.0171024
0.411733
0.0260021
0.0719709
-0.00215468
0.336077
-0.143898
0.157944
0.0651578
0.429792
-0.0113455
0.000879944
0.00512233
0.306844
0.0669425
0.090776
-0.0787481
0.363791
0.0503681
0.156706
0.0509535
