Vec Object: 1 MPI process
  type: seq
0.
0.
0.
-0.121781
0.
0.
0.
0.102853
0.153762
-0.168102
0.
-0.110133
0.167485
-0.177606
0.
-0.0933855
0.192974
0.199925
0.
-0.0695716
0.168565
0.170059
0.
-0.113068
0.384251
0.0132698
0.
0.0154875
0.373978
0.011459
0.
0.00746243
0.388342
-0.0188694
0.
0.0068767
0.391464
-0.0231134
0.
0.0239615
0.
0.
0.
-0.051915
0.
0.
0.
-0.129614
0.296542
-0.0530665
0.
-0.0173371
0.322954
0.0846048
0.
-0.00233741
0.302337
-0.0491446
0.
0.00199816
0.325591
0.116681
0.
0.0171792
0.327287
0.0636607
0.
0.0145291
0.324869
-0.103652
0.
0.0108911
0.297922
0.0458628
0.
-0.028895
0.32197
-0.0616013
0.
-0.00912499
0.
0.
0.
-0.112731
0.
0.
0.
-0.0568625
0.
0.
0.
0.0752541
0.
0.
0.
0.0516583
0.
0.
0.
-0.10949
0.
0.
0.
-0.11389
0.
0.
0.
-0.0831544
0.
0.
0.
0.166184
0.
0.
0.
0.126552
0.
0.
0.
0.0690979
0.
0.
0.
-0.0927148
0.
0.
0.
0.0490094
0.
0.
0.
0.0189231
0.
0.
0.
-0.0125361
0.
0.
0.
0.307161
0.
0.
0.
0.20211
0.
0.
0.
0.10037
0.
0.
0.
-0.00422099
1.
0.
0.
0.0522508
0.40269
-0.00858216
-0.0012111
0.00131401
0.375538
0.
-0.00172221
-0.00299041
0.277793
0.
-1.46134e-05
-0.0294324
0.34303
0.
0.0120151
0.074522
0.38021
0.
0.00227699
-0.0114068
0.280319
0.
0.00894427
-0.035089
0.345958
0.
-0.00796404
0.0991796
0.352275
0.0114823
0.
0.106745
0.37869
0.0206988
0.
-0.000772792
0.265573
0.0249619
0.
-0.0348065
0.326547
-0.00316729
0.
0.0981649
0.383924
0.0106657
0.
-0.00351798
0.272192
0.0115962
0.
-0.0410011
0.242916
0.0115561
-0.0457745
-0.030064
0.247985
-0.019325
0.0200286
-0.0555941
0.342294
-0.0322744
-0.0349716
0.0311506
0.427314
-0.0892153
-0.115212
0.184229
0.365348
0.0851222
-0.115497
0.138229
0.307402
0.0210698
0.0256983
0.0664465
0.350629
0.0848014
0.0673067
0.163162
0.248223
-0.00815867
-0.0261312
-0.0111058
0.363869
0.00061772
-0.0252899
0.0337005
0.257455
0.0121224
0.0259037
-0.0313832
0.325546
-0.0126163
0.0226623
0.0414759
0.309725
-0.0752532
0.109109
0.144306
0.354803
-0.00141663
-0.0127461
0.0594691
0.275194
-0.0497691
0.0382807
-0.00689545
0.333576
0.0178921
0.111661
0.153586
