Vec Object: 1 MPI process
  type: seq
0.
0.
0.
-0.105817
0.
0.
0.
0.0306611
0.163642
-0.167179
0.
-0.0718473
0.172695
-0.178179
0.
-0.0676316
0.189587
0.204402
0.
-0.0565438
0.177716
0.165672
0.
-0.0684162
0.387881
0.00940491
0.
0.00308507
0.375322
0.00913489
0.
0.00650946
0.390106
-0.020419
0.
0.00774742
0.39646
-0.0181877
0.
0.00903341
0.
0.
0.
-0.0303587
0.
0.
0.
-0.07743
0.312775
-0.0565555
0.
-0.0162613
0.319742
0.088502
0.
0.0037397
0.317694
-0.0512201
0.
-0.0103023
0.322947
0.114274
0.
0.0199494
0.34393
0.071805
0.
0.000221326
0.322847
-0.104086
0.
0.0154983
0.313488
0.0404474
0.
-0.0186421
0.320286
-0.0629026
0.
-0.00178589
0.
0.
0.
-0.132468
0.
0.
0.
-0.00552552
0.
0.
0.
-0.00267029
0.
0.
0.
0.117042
0.
0.
0.
-0.0617153
0.
0.
0.
-0.154218
0.
0.
0.
-0.205588
0.
0.
0.
0.0335707
0.
0.
0.
-0.0170718
0.
0.
0.
-0.0214454
0.
0.
0.
-0.164949
0.
0.
0.
0.0290839
0.
0.
0.
-0.080685
0.
0.
0.
-0.00211216
0.
0.
0.
0.144809
0.
0.
0.
0.0332979
0.
0.
0.
0.000866045
0.
0.
0.
0.00753605
1.
0.
0.
0.0438511
0.397529
-0.00834391
-0.000480066
-0.00340996
0.378836
0.
-0.00354811
-0.0037592
0.270435
0.
-0.00246038
-0.0136966
0.30341
0.
0.0189628
0.0487751
0.378349
0.
0.00462121
-0.0100862
0.272613
0.
0.013581
-0.0133294
0.314688
0.
-0.00612806
0.0591281
0.305645
0.0192633
0.
0.0587712
0.380847
0.0187264
0.
-0.00145218
0.257204
0.0214053
0.
-0.0179238
0.284755
0.00170794
0.
0.0538614
0.383162
0.014698
0.
-0.00289587
0.265222
0.0166462
0.
-0.0176652
0.247851
0.0215401
-0.054651
-0.00839429
0.248644
-0.0251051
0.0236628
-0.0211218
0.365937
-0.0247998
-0.0680232
0.00797866
0.425739
-0.140361
-0.149946
0.122968
0.355785
0.13285
-0.15422
0.0825484
0.339796
-0.0227532
0.0273271
0.0308053
0.359604
0.120203
0.0977702
0.0958325
0.276341
-0.0153259
-0.0295217
-0.00765913
0.402591
0.00182922
-0.0472287
0.0102595
0.257519
0.0215333
0.0318457
-0.00150504
0.371914
0.00610293
0.0448357
0.01127
0.315496
-0.115196
0.138251
0.0933786
0.400983
-0.00851261
-0.0067014
0.0223886
0.316983
0.00274947
0.070059
-0.0745648
0.343816
0.0378735
0.142414
0.0853791
