Vec Object: 1 MPI process
  type: seq
0.
0.
0.
-0.0877322
0.
0.
0.
0.0199649
0.167527
-0.16746
0.
-0.056798
0.174555
-0.179153
0.
-0.0577174
0.189362
0.20632
0.
-0.0484964
0.181196
0.164188
0.
-0.0495447
0.38908
0.00858478
0.
0.000456845
0.375947
0.00817108
0.
0.0086944
0.391391
-0.0213842
0.
0.00914277
0.398266
-0.0167427
0.
0.00507311
0.
0.
0.
-0.0213446
0.
0.
0.
-0.0606461
0.320478
-0.0574347
0.
-0.0133356
0.317804
0.089477
0.
0.00333784
0.325438
-0.0508941
0.
-0.0138805
0.321755
0.111357
0.
0.0172516
0.352203
0.0745417
0.
-0.00378533
0.32203
-0.102665
0.
0.0135837
0.320167
0.0374665
0.
-0.0127421
0.320129
-0.0623968
0.
-0.00254363
0.
0.
0.
-0.117225
0.
0.
0.
0.0168851
0.
0.
0.
-0.0129261
0.
0.
0.
0.144643
0.
0.
0.
-0.0444035
0.
0.
0.
-0.146164
0.
0.
0.
-0.228259
0.
0.
0.
-0.000880075
0.
0.
0.
-0.0541136
0.
0.
0.
-0.0364186
0.
0.
0.
-0.15671
0.
0.
0.
0.0337267
0.
0.
0.
-0.0950382
0.
0.
0.
0.00790362
0.
0.
0.
0.0880226
0.
0.
0.
-0.0172811
0.
0.
0.
-0.0123207
0.
0.
0.
0.0109662
1.
0.
0.
0.0372826
0.393417
-0.00809331
-6.8174e-05
-0.00196403
0.381296
0.
-0.00433082
-0.00508679
0.267008
0.
-0.00375468
-0.00913207
0.284361
0.
0.0225257
0.039256
0.377221
0.
0.00543325
-0.00998607
0.268169
0.
0.0158706
-0.00558312
0.298515
0.
-0.00482556
0.0428683
0.281994
0.0228211
0.
0.040688
0.382869
0.0176744
0.
-0.00274166
0.253655
0.0185552
0.
-0.0130002
0.262919
0.00559613
0.
0.0390618
0.382791
0.0161368
0.
-0.00345338
0.262108
0.0181866
0.
-0.0101651
0.250725
0.0251128
-0.0549445
-0.00209694
0.248902
-0.0250313
0.0227978
-0.00908502
0.371183
-0.0219379
-0.0860362
0.000162295
0.431022
-0.161881
-0.165693
0.0989887
0.359007
0.153096
-0.17206
0.0623391
0.33864
-0.0468785
0.0247189
0.0189994
0.366295
0.131486
0.113443
0.0726498
0.290461
-0.0160778
-0.0306162
-0.00711434
0.410826
0.00208489
-0.0557569
0.00279638
0.255536
0.0206641
0.0330293
0.0102075
0.393661
0.0168871
0.0589807
0.00281265
0.324645
-0.131956
0.149754
0.0761799
0.418705
-0.0107347
-0.00239351
0.0113444
0.316677
0.0389089
0.0836788
-0.0813633
0.353076
0.0457303
0.152056
0.0637439
