Vec Object: 1 MPI process
  type: seq
0.
0.
0.
-0.0927423
0.
0.
0.
0.021646
0.16648
-0.167317
0.
-0.0607788
0.174023
-0.178835
0.
-0.0604286
0.189316
0.205785
0.
-0.0508068
0.180296
0.164538
0.
-0.0545683
0.388752
0.00875369
0.
0.00109009
0.375714
0.00848741
0.
0.00810338
0.390953
-0.021118
0.
0.0088661
0.397773
-0.0170927
0.
0.00606649
0.
0.
0.
-0.0234844
0.
0.
0.
-0.0644124
0.318312
-0.0571938
0.
-0.0141823
0.318385
0.0892149
0.
0.00351106
0.323223
-0.0510732
0.
-0.0130507
0.322076
0.112235
0.
0.0180775
0.349854
0.0738627
0.
-0.00289482
0.32224
-0.103117
0.
0.0142087
0.318341
0.0382812
0.
-0.0143026
0.320095
-0.0625841
0.
-0.00223832
0.
0.
0.
-0.122409
0.
0.
0.
0.0113571
0.
0.
0.
-0.0115496
0.
0.
0.
0.138175
0.
0.
0.
-0.0482832
0.
0.
0.
-0.149598
0.
0.
0.
-0.223973
0.
0.
0.
0.00695219
0.
0.
0.
-0.0457675
0.
0.
0.
-0.0338649
0.
0.
0.
-0.161263
0.
0.
0.
0.0319102
0.
0.
0.
-0.092983
0.
0.
0.
0.00505845
0.
0.
0.
0.102451
0.
0.
0.
-0.00514841
0.
0.
0.
-0.0105658
0.
0.
0.
0.0103965
1.
0.
0.
0.0392697
0.39469
-0.00818322
-0.000194135
-0.00242528
0.380578
0.
-0.00412424
-0.00473172
0.267932
0.
-0.00338573
-0.0103128
0.289762
0.
0.0215195
0.0417801
0.377614
0.
0.0052361
-0.0100476
0.269458
0.
0.0152267
-0.0076344
0.303145
0.
-0.00523451
0.0472028
0.28875
0.0218611
0.
0.0453587
0.382268
0.0179554
0.
-0.00239789
0.254565
0.0194436
0.
-0.0142506
0.269237
0.00439658
0.
0.04281
0.382958
0.0157807
0.
-0.00330357
0.262946
0.017854
0.
-0.01209
0.249885
0.0241908
-0.0551658
-0.0034975
0.248843
-0.0253247
0.0232378
-0.012111
0.370166
-0.0226401
-0.0809647
0.00219244
0.429149
-0.156173
-0.161316
0.105304
0.357454
0.147694
-0.167157
0.0675049
0.34025
-0.0403184
0.0256367
0.022019
0.364277
0.128745
0.109095
0.0785429
0.286472
-0.0160212
-0.030329
-0.00708352
0.409253
0.00203202
-0.0536796
0.00473145
0.256253
0.0213406
0.0327916
0.00724012
0.387565
0.0137954
0.0548142
0.00489792
0.321595
-0.127473
0.146695
0.0805607
0.414151
-0.0102482
-0.00361088
0.0140343
0.31815
0.0286041
0.0802612
-0.080775
0.350118
0.0437187
0.149765
0.0691127
