Vec Object: 1 MPI process
  type: seq
0.
0.
0.
-0.0846332
0.
0.
0.
0.248713
0.145955
-0.165308
0.
-0.119643
0.162268
-0.174937
0.
-0.0973386
0.206063
0.187724
0.
-0.0312284
0.16163
0.171504
0.
-0.129013
0.369836
0.028029
0.
0.0927833
0.364025
0.0234985
0.
0.0670293
0.376107
-0.0275571
0.
0.077279
0.376197
-0.0380467
0.
0.100255
0.
0.
0.
-0.0861204
0.
0.
0.
-0.208074
0.277348
-0.0517616
0.
-0.050498
0.326398
0.069688
0.
-0.0574134
0.284768
-0.0507291
0.
-0.0247108
0.329306
0.103023
0.
-0.0421649
0.308591
0.0593816
0.
-0.00794896
0.327889
-0.0874086
0.
-0.0496497
0.277367
0.0531338
0.
-0.0608306
0.324069
-0.0507204
0.
-0.0714739
0.
0.
0.
0.00286642
0.
0.
0.
-0.102641
0.
0.
0.
0.238275
0.
0.
0.
0.00959763
0.
0.
0.
-0.162017
0.
0.
0.
0.0277232
0.
0.
0.
0.161276
0.
0.
0.
0.392316
0.
0.
0.
0.36777
0.
0.
0.
0.245987
0.
0.
0.
0.123416
0.
0.
0.
0.113147
0.
0.
0.
0.218926
0.
0.
0.
-0.0138712
0.
0.
0.
0.544725
0.
0.
0.
0.468279
0.
0.
0.
0.314176
0.
0.
0.
-0.0357969
1.
0.
0.
0.0990462
0.399539
-0.00807727
-0.00159243
0.0836808
0.380198
0.
0.000277267
-0.0109099
0.284359
0.
0.00197914
-0.105001
0.384429
0.
0.00556706
0.118086
0.390583
0.
-0.000198896
-0.0115649
0.28565
0.
0.00478741
-0.113639
0.373288
0.
-0.00826833
0.159572
0.397125
0.00357292
0.
0.172578
0.385839
0.0201043
0.
-0.00870769
0.273683
0.0239532
0.
-0.110363
0.365385
-0.00309705
0.
0.178347
0.39548
0.00632676
0.
-0.00292691
0.278596
0.0065334
0.
-0.122382
0.236175
-0.00062328
-0.0281589
-0.0982016
0.244977
-0.00949443
0.0109831
-0.14633
0.300312
-0.0346878
-0.0115145
0.0395545
0.444668
-0.0299906
-0.0728571
0.278795
0.389299
0.0295416
-0.0721203
0.218295
0.236337
0.0398748
0.0145993
0.104639
0.345689
0.0339424
0.0417358
0.267908
0.217649
0.00341376
-0.0199776
-0.0431601
0.295608
-0.0010387
-0.00633309
0.0559989
0.250764
-0.00542695
0.0152006
-0.108544
0.271
-0.0238718
0.0105768
0.0704983
0.316506
-0.0268261
0.0702547
0.223314
0.296667
0.0061039
-0.0103007
0.0971415
0.18031
-0.0545285
0.0131129
0.141268
0.329265
-0.00519274
0.0676098
0.265688
