Vec Object: 1 MPI process
  type: seq
0.
0.
0.
-0.0740388
0.
0.
0.
0.0203682
0.171111
-0.168482
0.
-0.044241
0.176799
-0.180631
0.
-0.0480191
0.190359
0.20824
0.
-0.0400926
0.183848
0.163582
0.
-0.0341212
0.390226
0.00845318
0.
-0.00125587
0.377402
0.00651808
0.
0.0100163
0.393576
-0.0223436
0.
0.0090989
0.399973
-0.0158921
0.
0.00214851
0.
0.
0.
-0.0171461
0.
0.
0.
-0.0539529
0.328375
-0.0584464
0.
-0.0107592
0.315391
0.090519
0.
0.00272561
0.333747
-0.049649
0.
-0.0155209
0.320798
0.107892
0.
0.0142748
0.36085
0.0763745
0.
-0.00540066
0.321444
-0.100797
0.
0.0111617
0.326492
0.0348332
0.
-0.00834531
0.320954
-0.0614719
0.
-0.00379064
0.
0.
0.
-0.097237
0.
0.
0.
0.0295869
0.
0.
0.
-0.0106281
0.
0.
0.
0.154743
0.
0.
0.
-0.0388719
0.
0.
0.
-0.130406
0.
0.
0.
-0.232456
0.
0.
0.
-0.018221
0.
0.
0.
-0.0718186
0.
0.
0.
-0.0371102
0.
0.
0.
-0.131059
0.
0.
0.
0.040832
0.
0.
0.
-0.0921995
0.
0.
0.
0.0171076
0.
0.
0.
0.0467091
0.
0.
0.
-0.0475874
0.
0.
0.
-0.0094542
0.
0.
0.
0.00995604
1.
0.
0.
0.0295456
0.387982
-0.00757166
0.000500655
-0.000379966
0.383925
0.
-0.00495881
-0.00597888
0.264091
0.
-0.00514251
-0.00553281
0.264439
0.
0.0260744
0.0310262
0.375035
0.
0.00589773
-0.00925845
0.263307
0.
0.0182121
0.000655431
0.281285
0.
-0.00289192
0.0293216
0.256965
0.0257879
0.
0.0269427
0.38516
0.0168182
0.
-0.00359236
0.251305
0.0145786
0.
-0.00948649
0.238601
0.0106749
0.
0.0281877
0.381542
0.0170413
0.
-0.00366233
0.259385
0.0185342
0.
-0.00454875
0.253615
0.028141
-0.0522804
0.000588282
0.248646
-0.0217959
0.0199735
-0.000943974
0.371675
-0.0201899
-0.103424
-0.00596763
0.44001
-0.179245
-0.181084
0.079402
0.369345
0.169896
-0.188454
0.0474208
0.324777
-0.0659563
0.0208163
0.010349
0.374254
0.138524
0.127541
0.0556393
0.30453
-0.0158066
-0.0316741
-0.00821601
0.411937
0.00217006
-0.0603141
-0.00314666
0.251609
0.0152363
0.0335809
0.0181529
0.415522
0.0278401
0.074766
-0.00295819
0.338945
-0.146097
0.159472
0.0632005
0.431602
-0.0112907
0.00144665
0.00412657
0.303973
0.0718218
0.0915543
-0.0776287
0.366452
0.051012
0.157255
0.0488307
