Vec Object: 1 MPI process
  type: seq
0.
0.
0.
-0.0945073
0.
0.
0.
0.0224452
0.166114
-0.167281
0.
-0.0621885
0.173845
-0.178734
0.
-0.0613669
0.189321
0.205602
0.
-0.0515916
0.179973
0.164671
0.
-0.0563466
0.388638
0.00882308
0.
0.00132429
0.375647
0.00858555
0.
0.00789023
0.390818
-0.0210259
0.
0.00874692
0.397602
-0.017223
0.
0.0064269
0.
0.
0.
-0.0242997
0.
0.
0.
-0.0658865
0.317571
-0.057112
0.
-0.0144743
0.318577
0.0891245
0.
0.00356368
0.322471
-0.0511185
0.
-0.0127331
0.322189
0.112527
0.
0.0183534
0.349054
0.0736134
0.
-0.00254634
0.322317
-0.103264
0.
0.0144117
0.317706
0.0385661
0.
-0.0148608
0.3201
-0.0626408
0.
-0.00214535
0.
0.
0.
-0.12406
0.
0.
0.
0.00930017
0.
0.
0.
-0.0108245
0.
0.
0.
0.135681
0.
0.
0.
-0.0498135
0.
0.
0.
-0.150598
0.
0.
0.
-0.222146
0.
0.
0.
0.00996211
0.
0.
0.
-0.0425417
0.
0.
0.
-0.0327072
0.
0.
0.
-0.162459
0.
0.
0.
0.0313576
0.
0.
0.
-0.0919395
0.
0.
0.
0.00407683
0.
0.
0.
0.107676
0.
0.
0.
-0.000615221
0.
0.
0.
-0.00963678
0.
0.
0.
0.0101224
1.
0.
0.
0.0399275
0.395105
-0.00820991
-0.000235063
-0.00257807
0.380336
0.
-0.00405074
-0.00460416
0.268257
0.
-0.00326028
-0.0107347
0.291602
0.
0.0211749
0.0426711
0.377732
0.
0.00516254
-0.01006
0.269893
0.
0.0150062
-0.00836136
0.304716
0.
-0.00536571
0.0487342
0.291044
0.0215232
0.
0.0470369
0.382067
0.018055
0.
-0.00227413
0.254896
0.019731
0.
-0.0147033
0.271366
0.00400521
0.
0.0441682
0.383002
0.0156494
0.
-0.00324834
0.263241
0.0177201
0.
-0.0127827
0.249601
0.023861
-0.0551864
-0.00404597
0.248819
-0.0253723
0.0233528
-0.0132162
0.369733
-0.0229008
-0.0792214
0.00291747
0.428576
-0.154149
-0.159807
0.107547
0.357044
0.145785
-0.165453
0.069371
0.340567
-0.038007
0.0259216
0.0231078
0.363609
0.127727
0.107587
0.080676
0.285107
-0.0159767
-0.0302279
-0.00710744
0.40858
0.00201069
-0.0529021
0.00542184
0.256467
0.0214918
0.0326949
0.00615834
0.385474
0.0127433
0.0534182
0.00566193
0.320638
-0.125892
0.145615
0.0821423
0.412507
-0.010054
-0.00403133
0.0150288
0.318411
0.0250625
0.0790009
-0.0803562
0.349172
0.0429894
0.148901
0.0710794
