Vec Object: 1 MPI process
  type: seq
0.
0.
0.
-0.0797925
0.
0.
0.
0.274078
0.147907
-0.161928
0.
-0.0951352
0.164221
-0.171775
0.
-0.0731142
0.21196
0.18226
0.
0.00377289
0.163753
0.168857
0.
-0.104862
0.363862
0.033973
0.
0.126858
0.359523
0.0287222
0.
0.0953984
0.369942
-0.032975
0.
0.11457
0.370252
-0.0438757
0.
0.133518
0.
0.
0.
-0.104302
0.
0.
0.
-0.234616
0.273541
-0.0555168
0.
-0.0803752
0.327271
0.0644255
0.
-0.0839476
0.281276
-0.0557618
0.
-0.0561235
0.330376
0.0967997
0.
-0.0713508
0.30495
0.0625599
0.
-0.0343523
0.32878
-0.0808059
0.
-0.0785192
0.273062
0.0576478
0.
-0.0848704
0.324402
-0.0466377
0.
-0.100096
0.
0.
0.
0.0258736
0.
0.
0.
-0.11864
0.
0.
0.
0.267814
0.
0.
0.
-0.000752806
0.
0.
0.
-0.180047
0.
0.
0.
0.0560647
0.
0.
0.
0.210724
0.
0.
0.
0.436547
0.
0.
0.
0.413483
0.
0.
0.
0.277786
0.
0.
0.
0.169008
0.
0.
0.
0.119826
0.
0.
0.
0.255719
0.
0.
0.
-0.0230546
0.
0.
0.
0.59479
0.
0.
0.
0.521176
0.
0.
0.
0.358846
0.
0.
0.
-0.0558069
1.
0.
0.
0.137562
0.396677
-0.00765489
-0.00148603
0.122884
0.383107
0.
0.000651657
-0.0153356
0.285543
0.
0.00221679
-0.142276
0.38894
0.
0.00457141
0.131909
0.39518
0.
-0.00046865
-0.010888
0.286438
0.
0.0042404
-0.15047
0.374998
0.
-0.0080339
0.177822
0.401797
0.00249315
0.
0.190512
0.389586
0.0193947
0.
-0.0129207
0.275131
0.0228958
0.
-0.146489
0.368989
-0.00228906
0.
0.202004
0.400966
0.00584428
0.
-0.0020342
0.27966
0.00612494
0.
-0.15958
0.234572
-0.00211626
-0.0247329
-0.133443
0.244019
-0.00782521
0.00921565
-0.185575
0.290975
-0.032448
-0.00885947
0.0247917
0.447809
-0.0195213
-0.0649534
0.308269
0.392929
0.0197871
-0.0644239
0.239437
0.220967
0.0389449
0.012047
0.10142
0.343724
0.0244684
0.0381974
0.292399
0.212037
0.00388152
-0.0185863
-0.0678682
0.2811
-0.00107813
-0.00410953
0.049414
0.248901
-0.00689221
0.0130902
-0.147005
0.260598
-0.0241321
0.00966932
0.0615974
0.317317
-0.0178328
0.0629252
0.240687
0.28557
0.00716387
-0.00873067
0.0936363
0.159777
-0.0502924
0.0102842
0.165628
0.327476
-0.00914663
0.0593344
0.29137
