Vec Object: 1 MPI process
  type: seq
0.
0.
0.
-0.0610903
0.
0.
0.
0.327743
0.157033
-0.151739
0.
0.0230425
0.173252
-0.161657
0.
0.0445459
0.226035
0.169182
0.
0.135124
0.173336
0.159257
0.
0.0144769
0.35387
0.0436792
0.
0.149145
0.352111
0.0372469
0.
0.108134
0.359123
-0.0425124
0.
0.145277
0.360395
-0.0533244
0.
0.154364
0.
0.
0.
-0.128918
0.
0.
0.
-0.273566
0.267567
-0.0652339
0.
-0.138714
0.328745
0.0541111
0.
-0.162704
0.275797
-0.0680529
0.
-0.11957
0.332243
0.083922
0.
-0.156032
0.299265
0.0710237
0.
-0.0853581
0.330339
-0.0674814
0.
-0.161962
0.266261
0.0676532
0.
-0.128368
0.324949
-0.0385418
0.
-0.182293
0.
0.
0.
0.0748505
0.
0.
0.
-0.136218
0.
0.
0.
0.328286
0.
0.
0.
-0.00394149
0.
0.
0.
-0.201779
0.
0.
0.
0.11384
0.
0.
0.
0.304664
0.
0.
0.
0.525786
0.
0.
0.
0.501535
0.
0.
0.
0.340808
0.
0.
0.
0.254682
0.
0.
0.
0.140229
0.
0.
0.
0.325572
0.
0.
0.
-0.0298301
0.
0.
0.
0.704899
0.
0.
0.
0.626408
0.
0.
0.
0.451314
0.
0.
0.
-0.0851853
1.
0.
0.
0.281467
0.391635
-0.00671896
-0.00117994
0.155268
0.388557
0.
0.00119896
-0.0584781
0.287313
0.
0.00246244
-0.233899
0.390282
0.
0.00322142
0.197717
0.403496
0.
-0.000688246
-0.044147
0.287504
0.
0.00359589
-0.238646
0.372609
0.
-0.00757112
0.250055
0.403064
0.00137748
0.
0.261508
0.39642
0.0177563
0.
-0.0555581
0.277211
0.0205894
0.
-0.234791
0.368926
-0.000675974
0.
0.282285
0.410899
0.0054651
0.
-0.0351892
0.281133
0.00604557
0.
-0.248694
0.231856
-0.00335943
-0.020036
-0.202217
0.242255
-0.00561317
0.00681562
-0.269206
0.276542
-0.0267585
-0.00578312
0.00530058
0.450518
-0.0056619
-0.0537991
0.406947
0.395738
0.00717188
-0.053738
0.314249
0.19809
0.0350843
0.00840096
0.105631
0.338495
0.0119469
0.0336936
0.366655
0.203909
0.00256917
-0.0164703
-0.110197
0.259473
-0.000743404
-0.00159251
0.0465953
0.245818
-0.00664211
0.0101149
-0.224141
0.245421
-0.0231379
0.00885474
0.0511962
0.31642
-0.00563275
0.0525897
0.301908
0.269249
0.00846271
-0.00608096
0.0994338
0.129524
-0.0424337
0.00719971
0.213976
0.322496
-0.0138912
0.0478191
0.365346
