Vec Object: 1 MPI process
  type: seq
0.
0.
0.
-0.122765
0.
0.
0.
0.0894974
0.155162
-0.167918
0.
-0.104908
0.168338
-0.177573
0.
-0.0896324
0.192324
0.20059
0.
-0.0685105
0.169847
0.169444
0.
-0.107176
0.384911
0.0125465
0.
0.0128523
0.374301
0.0109894
0.
0.00631365
0.388664
-0.0189297
0.
0.00609031
0.392293
-0.0222859
0.
0.021102
0.
0.
0.
-0.049547
0.
0.
0.
-0.122539
0.298657
-0.0537158
0.
-0.017689
0.322581
0.0853882
0.
-0.000489299
0.30429
-0.0496122
0.
0.000186572
0.325246
0.116841
0.
0.0188283
0.329401
0.064839
0.
0.0125198
0.324597
-0.10415
0.
0.0127713
0.300052
0.0453314
0.
-0.0280227
0.321714
-0.0620482
0.
-0.00688273
0.
0.
0.
-0.120355
0.
0.
0.
-0.0512179
0.
0.
0.
0.0606315
0.
0.
0.
0.0586354
0.
0.
0.
-0.10376
0.
0.
0.
-0.12438
0.
0.
0.
-0.104914
0.
0.
0.
0.14456
0.
0.
0.
0.103189
0.
0.
0.
0.052777
0.
0.
0.
-0.109452
0.
0.
0.
0.0435513
0.
0.
0.
0.000707748
0.
0.
0.
-0.0125544
0.
0.
0.
0.283247
0.
0.
0.
0.175886
0.
0.
0.
0.081845
0.
0.
0.
-0.00287572
1.
0.
0.
0.0514518
0.402293
-0.00856106
-0.00112135
-0.000599423
0.375734
0.
-0.00195782
-0.00272376
0.276902
0.
-0.000301262
-0.0264791
0.337857
0.
0.0128581
0.0706577
0.379846
0.
0.00260215
-0.0110211
0.279475
0.
0.00951483
-0.0314807
0.342099
0.
-0.00778627
0.0935426
0.346417
0.012473
0.
0.099981
0.378713
0.0205193
0.
-0.000487379
0.264527
0.02469
0.
-0.0316965
0.321344
-0.00278239
0.
0.0913486
0.383646
0.0112248
0.
-0.00319282
0.271323
0.0122965
0.
-0.0370571
0.24353
0.0129942
-0.0474101
-0.0268043
0.248115
-0.0203441
0.0208245
-0.0503742
0.346157
-0.0313413
-0.0386614
0.0275721
0.426185
-0.0960245
-0.119856
0.175585
0.363175
0.0914847
-0.120514
0.130223
0.313657
0.0165969
0.0264412
0.060906
0.351393
0.090089
0.070882
0.153058
0.251755
-0.0094794
-0.0266714
-0.0107431
0.370255
0.000821757
-0.0280477
0.0298971
0.257766
0.0139884
0.0269186
-0.0272965
0.331624
-0.0105781
0.024914
0.0364608
0.309604
-0.0806468
0.113224
0.136552
0.361181
-0.00239009
-0.0123424
0.0536772
0.283375
-0.0455321
0.0420952
-0.0201446
0.334346
0.0205879
0.116242
0.143012
