Vec Object: 1 MPI process
  type: seq
0.
0.
0.
-0.0760788
0.
0.
0.
0.019638
0.170386
-0.1682
0.
-0.0465854
0.176278
-0.180277
0.
-0.0500279
0.190038
0.207843
0.
-0.0418176
0.183378
0.163607
0.
-0.0368985
0.389996
0.00841213
0.
-0.000973665
0.377009
0.00693713
0.
0.00988157
0.393044
-0.0221405
0.
0.00925074
0.39963
-0.0160116
0.
0.00267302
0.
0.
0.
-0.0175359
0.
0.
0.
-0.0544839
0.326723
-0.0582107
0.
-0.0111971
0.315936
0.0902792
0.
0.00282792
0.331985
-0.0499837
0.
-0.0153664
0.320962
0.108646
0.
0.0148713
0.359037
0.0760733
0.
-0.0052682
0.321541
-0.101209
0.
0.0116652
0.325208
0.0353319
0.
-0.00906526
0.320681
-0.0616939
0.
-0.00353586
0.
0.
0.
-0.10122
0.
0.
0.
0.0279734
0.
0.
0.
-0.0118144
0.
0.
0.
0.154598
0.
0.
0.
-0.0388732
0.
0.
0.
-0.133792
0.
0.
0.
-0.23286
0.
0.
0.
-0.0159246
0.
0.
0.
-0.069639
0.
0.
0.
-0.0378598
0.
0.
0.
-0.137099
0.
0.
0.
0.0394921
0.
0.
0.
-0.0938578
0.
0.
0.
0.0154097
0.
0.
0.
0.0538186
0.
0.
0.
-0.0430167
0.
0.
0.
-0.0109207
0.
0.
0.
0.0105453
1.
0.
0.
0.0311829
0.389216
-0.00770913
0.000365346
-0.000675219
0.383386
0.
-0.00484542
-0.00585934
0.264629
0.
-0.00484493
-0.00618453
0.268612
0.
0.0253622
0.0326183
0.375604
0.
0.00583574
-0.00948985
0.264332
0.
0.0177229
-0.000448415
0.284909
0.
-0.00336552
0.0318082
0.262207
0.0252562
0.
0.0293605
0.384676
0.0169728
0.
-0.00348178
0.251644
0.0155173
0.
-0.01007
0.24384
0.00952542
0.
0.0301011
0.381896
0.0169064
0.
-0.00367826
0.259905
0.0185819
0.
-0.0055218
0.253076
0.0275241
-0.0530433
0.00030715
0.248797
-0.022763
0.0207043
-0.00224705
0.37199
-0.0204499
-0.100025
-0.00487639
0.437899
-0.176149
-0.177973
0.0830096
0.366588
0.166833
-0.185282
0.0500093
0.328576
-0.0628372
0.0216421
0.0118066
0.372544
0.137428
0.124938
0.0586014
0.301713
-0.0158681
-0.0314394
-0.00790929
0.412247
0.00216575
-0.0597923
-0.00206889
0.252616
0.0167343
0.0334753
0.0168942
0.411037
0.02566
0.0714589
-0.00199772
0.335568
-0.143482
0.157655
0.06553
0.429439
-0.0113481
0.000769978
0.00531617
0.307348
0.0659958
0.0906038
-0.0789383
0.363319
0.0502354
0.156589
0.0513633
