Vec Object: 1 MPI process
  type: seq
0.
0.
0.
-0.0836737
0.
0.
0.
0.0192293
0.168413
-0.16763
0.
-0.0535072
0.175039
-0.179459
0.
-0.0553821
0.189478
0.206783
0.
-0.0464725
0.181922
0.16394
0.
-0.0454098
0.389362
0.00848107
0.
-3.5762e-05
0.376201
0.00785343
0.
0.00914954
0.391828
-0.021613
0.
0.009288
0.398687
-0.016477
0.
0.00427753
0.
0.
0.
-0.0198077
0.
0.
0.
-0.0580495
0.322363
-0.0576524
0.
-0.0126267
0.317271
0.0897076
0.
0.00317575
0.327391
-0.0506809
0.
-0.0144766
0.321492
0.110564
0.
0.0165227
0.354258
0.0750713
0.
-0.00440296
0.321862
-0.102246
0.
0.0130134
0.321723
0.0367845
0.
-0.0114885
0.320219
-0.0622089
0.
-0.00283604
0.
0.
0.
-0.112423
0.
0.
0.
0.0210391
0.
0.
0.
-0.0133012
0.
0.
0.
0.149124
0.
0.
0.
-0.0418116
0.
0.
0.
-0.142687
0.
0.
0.
-0.230789
0.
0.
0.
-0.00656289
0.
0.
0.
-0.0600991
0.
0.
0.
-0.0377041
0.
0.
0.
-0.151625
0.
0.
0.
0.0354666
0.
0.
0.
-0.0957014
0.
0.
0.
0.0103118
0.
0.
0.
0.0765108
0.
0.
0.
-0.0264919
0.
0.
0.
-0.0127913
0.
0.
0.
0.0111642
1.
0.
0.
0.0354849
0.392232
-0.00799851
5.06182e-05
-0.00155817
0.381928
0.
-0.00449968
-0.00536601
0.26624
0.
-0.00407912
-0.00816794
0.27963
0.
0.023397
0.037152
0.376815
0.
0.00558185
-0.00989279
0.267026
0.
0.0164304
-0.00389679
0.29444
0.
-0.00443348
0.0392837
0.276057
0.0236161
0.
0.0369196
0.383406
0.0174442
0.
-0.00301105
0.252941
0.0177175
0.
-0.0120039
0.257294
0.0067092
0.
0.036067
0.38259
0.016411
0.
-0.0035608
0.261407
0.0183987
0.
-0.00861445
0.25146
0.0258711
-0.0545594
-0.00112288
0.248926
-0.0245766
0.0222903
-0.00671302
0.371762
-0.0214031
-0.0903927
-0.00149428
0.432882
-0.166565
-0.169462
0.0937992
0.360806
0.15756
-0.176218
0.0582037
0.336418
-0.0522554
0.0238354
0.0165759
0.368125
0.133586
0.117118
0.06794
0.293918
-0.0160537
-0.0308609
-0.00725808
0.411728
0.00212012
-0.0573016
0.00121085
0.254796
0.0197855
0.0331906
0.0125345
0.398948
0.0195809
0.0626974
0.00117121
0.327613
-0.135675
0.152292
0.0726558
0.422343
-0.0110509
-0.00136575
0.00925904
0.314584
0.0476658
0.0862754
-0.08119
0.355895
0.0473157
0.153757
0.0595256
