Vec Object: 1 MPI process
  type: seq
0.
0.
0.
0.0597201
0.
0.
0.
0.503628
0.182214
-0.127702
0.
0.452079
0.198515
-0.1368
0.
0.471884
0.253032
0.143984
0.
0.562566
0.199238
0.134549
0.
0.443851
0.351355
0.0448547
0.
-0.0645325
0.351598
0.0376085
0.
-0.110051
0.355669
-0.0439489
0.
-0.0597374
0.35795
-0.0540069
0.
-0.0609317
0.
0.
0.
-0.0731064
0.
0.
0.
-0.242661
0.260718
-0.0751324
0.
-0.149656
0.329913
0.0387539
0.
-0.387187
0.269544
-0.080105
0.
-0.136592
0.333763
0.0637974
0.
-0.390577
0.29284
0.0795083
0.
-0.091729
0.331601
-0.0471244
0.
-0.394105
0.258695
0.0767477
0.
-0.115094
0.325927
-0.0262875
0.
-0.410585
0.
0.
0.
0.23583
0.
0.
0.
-0.0647339
0.
0.
0.
0.512801
0.
0.
0.
0.0957787
0.
0.
0.
-0.140664
0.
0.
0.
0.285327
0.
0.
0.
0.527788
0.
0.
0.
0.759043
0.
0.
0.
0.723022
0.
0.
0.
0.524157
0.
0.
0.
0.4586
0.
0.
0.
0.265866
0.
0.
0.
0.512797
0.
0.
0.
0.0591728
0.
0.
0.
0.995554
0.
0.
0.
0.884424
0.
0.
0.
0.695856
0.
0.
0.
-0.0355293
1.
0.
0.
0.741108
0.391375
-0.00554777
-0.000801228
-0.0515777
0.392609
0.
0.00163101
-0.289357
0.28806
0.
0.00258792
-0.417489
0.380015
0.
0.00213283
0.484283
0.409364
0.
-0.000719761
-0.268182
0.287398
0.
0.00322666
-0.407843
0.360149
0.
-0.00709883
0.534157
0.392265
0.00088598
0.
0.543148
0.401065
0.0147805
0.
-0.286288
0.278188
0.0168821
0.
-0.413084
0.357428
0.000761154
0.
0.572405
0.417413
0.00546415
0.
-0.260434
0.28144
0.00646659
0.
-0.421064
0.227856
-0.00381376
-0.0162336
-0.245317
0.239208
-0.00353452
0.00496498
-0.385152
0.262992
-0.0206041
-0.00364895
0.088136
0.448817
0.00176618
-0.0444838
0.745051
0.393041
0.00132644
-0.0449798
0.593704
0.177978
0.0294993
0.00560695
0.218514
0.328678
0.0051759
0.0301467
0.630524
0.196293
0.00084199
-0.0144276
-0.0835365
0.240511
0.000159437
0.000218317
0.144632
0.241505
-0.00521703
0.00767466
-0.288116
0.232334
-0.0211484
0.00843599
0.137927
0.311046
0.000814653
0.0439248
0.550996
0.254378
0.00924912
-0.00382141
0.222235
0.103309
-0.0335503
0.0054979
0.375961
0.312841
-0.0137544
0.0385619
0.621692
