Vec Object: 1 MPI process
  type: seq
0.
0.
0.
-0.121576
0.
0.
0.
0.104674
0.153579
-0.168125
0.
-0.110806
0.16737
-0.177612
0.
-0.0938761
0.193064
0.199835
0.
-0.0696828
0.168398
0.170139
0.
-0.113828
0.384158
0.0133712
0.
0.0158698
0.37393
0.0115268
0.
0.00765004
0.388294
-0.018868
0.
0.00702141
0.39135
-0.0232273
0.
0.0243691
0.
0.
0.
-0.0522117
0.
0.
0.
-0.130534
0.296266
-0.0529785
0.
-0.0172897
0.323002
0.0844938
0.
-0.00261441
0.302083
-0.0490809
0.
0.00222818
0.325636
0.116646
0.
0.016921
0.327012
0.063507
0.
0.0147807
0.324905
-0.103573
0.
0.0106031
0.297643
0.0459279
0.
-0.0290014
0.322003
-0.0615349
0.
-0.00945939
0.
0.
0.
-0.111623
0.
0.
0.
-0.0575637
0.
0.
0.
0.0772515
0.
0.
0.
0.0508018
0.
0.
0.
-0.110214
0.
0.
0.
-0.112408
0.
0.
0.
-0.0801986
0.
0.
0.
0.169089
0.
0.
0.
0.129688
0.
0.
0.
0.0713159
0.
0.
0.
-0.0903799
0.
0.
0.
0.0497825
0.
0.
0.
0.0214016
0.
0.
0.
-0.0125025
0.
0.
0.
0.310331
0.
0.
0.
0.20561
0.
0.
0.
0.102898
0.
0.
0.
-0.00439135
1.
0.
0.
0.0523596
0.402734
-0.00858455
-0.00122256
0.00161259
0.37552
0.
-0.00169169
-0.00303614
0.277907
0.
2.19188e-05
-0.0298519
0.343704
0.
0.0119067
0.0750385
0.380263
0.
0.00223467
-0.0114617
0.280425
0.
0.00887102
-0.0355903
0.346455
0.
-0.00798556
0.0999253
0.353033
0.011354
0.
0.107635
0.378695
0.0207195
0.
-0.000821233
0.265708
0.0249926
0.
-0.0352465
0.327219
-0.00321193
0.
0.0990788
0.383968
0.0105928
0.
-0.00356518
0.272304
0.0115053
0.
-0.0415476
0.242836
0.0113669
-0.0455534
-0.0305029
0.247965
-0.0191887
0.0199195
-0.0562999
0.341776
-0.0323924
-0.0345062
0.0316238
0.427479
-0.0883278
-0.114604
0.185371
0.365647
0.0842924
-0.114844
0.139286
0.306552
0.02162
0.0255914
0.0671847
0.350537
0.0841012
0.0668507
0.164507
0.247765
-0.00798011
-0.0260585
-0.0111539
0.363012
0.00059043
-0.0249372
0.0342105
0.257407
0.0118691
0.0257672
-0.0319271
0.324753
-0.0128722
0.0223829
0.0421483
0.309756
-0.074548
0.108567
0.14534
0.353968
-0.00129042
-0.0127889
0.0602375
0.274079
-0.0502609
0.037796
-0.00507642
0.333486
0.0175407
0.111055
0.155001
