Vec Object: 1 MPI process
  type: seq
0.
0.
0.
-0.082848
0.
0.
0.
0.0191512
0.168602
-0.167672
0.
-0.0528188
0.175147
-0.179528
0.
-0.0548796
0.189513
0.206883
0.
-0.046035
0.182071
0.163894
0.
-0.0445495
0.389422
0.00846427
0.
-0.000135205
0.376263
0.00777901
0.
0.0092384
0.39193
-0.0216622
0.
0.00930691
0.398777
-0.0164245
0.
0.00411389
0.
0.
0.
-0.0195184
0.
0.
0.
-0.0575736
0.32277
-0.057701
0.
-0.0124792
0.317153
0.0897582
0.
0.00314065
0.327815
-0.0506278
0.
-0.0145891
0.321437
0.11039
0.
0.0163655
0.354703
0.075178
0.
-0.00451691
0.321828
-0.102153
0.
0.0128882
0.322055
0.0366411
0.
-0.0112326
0.320247
-0.0621654
0.
-0.00290103
0.
0.
0.
-0.111368
0.
0.
0.
0.0218487
0.
0.
0.
-0.0132913
0.
0.
0.
0.149935
0.
0.
0.
-0.041354
0.
0.
0.
-0.141892
0.
0.
0.
-0.231197
0.
0.
0.
-0.0076557
0.
0.
0.
-0.0612393
0.
0.
0.
-0.0378759
0.
0.
0.
-0.150411
0.
0.
0.
0.0358516
0.
0.
0.
-0.0957175
0.
0.
0.
0.0108191
0.
0.
0.
0.0741561
0.
0.
0.
-0.0283163
0.
0.
0.
-0.0127774
0.
0.
0.
0.0111694
1.
0.
0.
0.0350898
0.391966
-0.00797578
7.75428e-05
-0.00147139
0.382065
0.
-0.0045347
-0.00542177
0.26608
0.
-0.00414964
-0.00796774
0.278604
0.
0.023584
0.0367089
0.376718
0.
0.00561098
-0.00986687
0.266777
0.
0.0165512
-0.00354631
0.293556
0.
-0.00434379
0.038535
0.274769
0.0237818
0.
0.0361439
0.383524
0.0173964
0.
-0.00306469
0.252798
0.0175281
0.
-0.0118007
0.256063
0.00695803
0.
0.0354531
0.382539
0.0164657
0.
-0.00358024
0.26126
0.0184344
0.
-0.00829557
0.251617
0.0260303
-0.0544534
-0.000941979
0.248926
-0.0244528
0.0221658
-0.00623446
0.371849
-0.0212972
-0.0913224
-0.00183777
0.43331
-0.167538
-0.170271
0.092718
0.36125
0.158491
-0.1771
0.0573563
0.335841
-0.0533639
0.0236368
0.0160792
0.368527
0.134005
0.117894
0.0669752
0.29466
-0.0160417
-0.0309137
-0.00730214
0.411866
0.00212647
-0.0576001
0.000880837
0.25462
0.0195601
0.0332211
0.0130035
0.400087
0.0201604
0.0635088
0.000837816
0.328292
-0.136453
0.152824
0.0719299
0.423086
-0.011105
-0.00114993
0.00883941
0.31404
0.0495109
0.0867836
-0.0810792
0.356535
0.0476351
0.154088
0.0586698
