Vec Object: 1 MPI process
  type: seq
0.
0.
0.
-0.100674
0.
0.
0.
0.0261814
0.164809
-0.167198
0.
-0.0672656
0.173231
-0.178415
0.
-0.0646846
0.189416
0.204959
0.
-0.0542837
0.178794
0.165183
0.
-0.0627238
0.388237
0.00910774
0.
0.0022138
0.375453
0.00889536
0.
0.00713592
0.390404
-0.0207017
0.
0.00825098
0.396997
-0.0177159
0.
0.00776553
0.
0.
0.
-0.0274104
0.
0.
0.
-0.0716868
0.314993
-0.0568224
0.
-0.0154686
0.319219
0.0888008
0.
0.00370201
0.319887
-0.051214
0.
-0.0115049
0.322592
0.113499
0.
0.0192625
0.346288
0.0726825
0.
-0.00116712
0.322594
-0.103736
0.
0.0150539
0.315463
0.0395726
0.
-0.0168687
0.320169
-0.0628055
0.
-0.00188982
0.
0.
0.
-0.129135
0.
0.
0.
0.00161057
0.
0.
0.
-0.00721474
0.
0.
0.
0.126115
0.
0.
0.
-0.0558267
0.
0.
0.
-0.153215
0.
0.
0.
-0.214295
0.
0.
0.
0.0217531
0.
0.
0.
-0.0298477
0.
0.
0.
-0.0274889
0.
0.
0.
-0.164986
0.
0.
0.
0.0298171
0.
0.
0.
-0.0868845
0.
0.
0.
0.000692094
0.
0.
0.
0.126933
0.
0.
0.
0.0166317
0.
0.
0.
-0.00499411
0.
0.
0.
0.00888976
1.
0.
0.
0.0421117
0.396462
-0.00828921
-0.000370341
-0.00306838
0.379513
0.
-0.00378581
-0.00414902
0.269414
0.
-0.00282772
-0.0122741
0.297967
0.
0.019981
0.0458768
0.378092
0.
0.00488486
-0.0100804
0.271375
0.
0.0142397
-0.0109761
0.310117
0.
-0.00579219
0.0542225
0.298944
0.0203214
0.
0.0531628
0.381392
0.0184115
0.
-0.00183178
0.256105
0.0206689
0.
-0.0163708
0.278641
0.00272057
0.
0.0491838
0.38311
0.0151587
0.
-0.00305281
0.26429
0.0171841
0.
-0.0153203
0.24864
0.0226547
-0.0550403
-0.00621705
0.248725
-0.0253454
0.0236116
-0.0173109
0.367903
-0.0238795
-0.0731727
0.00555597
0.426862
-0.146873
-0.15453
0.115647
0.356078
0.138948
-0.159454
0.0762235
0.340749
-0.0298317
0.0267768
0.0271035
0.361386
0.123882
0.10231
0.0885343
0.280377
-0.0157089
-0.0298611
-0.00732372
0.405711
0.00192286
-0.0499757
0.00793763
0.257101
0.0217101
0.0322889
0.00216915
0.378194
0.00913232
0.0487041
0.00852648
0.317654
-0.120237
0.141737
0.0879646
0.406493
-0.00928186
-0.00548506
0.0187825
0.31832
0.0128803
0.0743367
-0.0779412
0.346135
0.0403173
0.145601
0.0784259
