Vec Object: 1 MPI process
  type: seq
0.
0.
0.
-0.0428266
0.
0.
0.
0.358915
0.162165
-0.146665
0.
0.101472
0.178376
-0.156467
0.
0.122717
0.232138
0.163496
0.
0.215396
0.178658
0.15415
0.
0.0933593
0.351738
0.0455835
0.
0.125416
0.350696
0.038841
0.
0.0821199
0.356685
-0.044479
0.
0.124371
0.358303
-0.0551201
0.
0.130182
0.
0.
0.
-0.126554
0.
0.
0.
-0.276766
0.265706
-0.0685
0.
-0.151579
0.329155
0.0503047
0.
-0.206278
0.274095
-0.0720882
0.
-0.134328
0.332771
0.0790106
0.
-0.201991
0.297508
0.0738601
0.
-0.0961662
0.33078
-0.0624775
0.
-0.207348
0.264168
0.0707944
0.
-0.135243
0.325163
-0.0355247
0.
-0.226932
0.
0.
0.
0.103323
0.
0.
0.
-0.130469
0.
0.
0.
0.361688
0.
0.
0.
0.00816389
0.
0.
0.
-0.198051
0.
0.
0.
0.145148
0.
0.
0.
0.348718
0.
0.
0.
0.570537
0.
0.
0.
0.544372
0.
0.
0.
0.374441
0.
0.
0.
0.294794
0.
0.
0.
0.159268
0.
0.
0.
0.36077
0.
0.
0.
-0.0200926
0.
0.
0.
0.761188
0.
0.
0.
0.677125
0.
0.
0.
0.49817
0.
0.
0.
-0.0845639
1.
0.
0.
0.36843
0.390655
-0.00639046
-0.0010686
0.134322
0.390078
0.
0.0013432
-0.0963434
0.287714
0.
0.00250907
-0.274691
0.388774
0.
0.0028719
0.246843
0.405761
0.
-0.000712355
-0.0792781
0.287673
0.
0.0034564
-0.276893
0.370249
0.
-0.00742809
0.300008
0.401452
0.00117791
0.
0.310902
0.398264
0.0170725
0.
-0.0932974
0.277682
0.0196916
0.
-0.274222
0.367032
-0.000191644
0.
0.334306
0.413548
0.00543267
0.
-0.0704654
0.281419
0.00613324
0.
-0.287517
0.230894
-0.00352566
-0.0188263
-0.220857
0.241568
-0.00501678
0.00621015
-0.299705
0.272421
-0.0248195
-0.00507603
0.0116749
0.450574
-0.00256764
-0.0508503
0.468738
0.395637
0.00449767
-0.0509478
0.363951
0.191806
0.033547
0.00746508
0.120271
0.336207
0.009154
0.0325688
0.413858
0.20164
0.00192921
-0.0158649
-0.115095
0.253532
-0.000539857
-0.00101616
0.0580828
0.244762
-0.00617562
0.00933411
-0.247004
0.241302
-0.0226016
0.00870612
0.059635
0.315415
-0.00288596
0.0498543
0.34488
0.264713
0.00875439
-0.00533856
0.115718
0.121294
-0.0399366
0.00656607
0.242208
0.320268
-0.0145876
0.0448342
0.41141
