Vec Object: 1 MPI process
  type: seq
0.
0.
0.
-0.115461
0.
0.
0.
0.0447839
0.160945
-0.167283
0.
-0.0824817
0.171434
-0.177794
0.
-0.0744689
0.190221
0.203163
0.
-0.0612217
0.175197
0.16686
0.
-0.0813126
0.387043
0.0102191
0.
0.00542457
0.375078
0.00963836
0.
0.00544834
0.389596
-0.0198088
0.
0.00658777
0.395213
-0.0193664
0.
0.0122436
0.
0.
0.
-0.0372221
0.
0.
0.
-0.0917756
0.307939
-0.0558536
0.
-0.0175815
0.320799
0.0877327
0.
0.00338807
0.313009
-0.0509916
0.
-0.00723933
0.323733
0.115698
0.
0.0209174
0.338863
0.0696658
0.
0.00384919
0.323428
-0.104609
0.
0.0159156
0.309047
0.0423158
0.
-0.0224245
0.320678
-0.0629397
0.
-0.002144
0.
0.
0.
-0.135433
0.
0.
0.
-0.0218698
0.
0.
0.
0.0121856
0.
0.
0.
0.0960257
0.
0.
0.
-0.0759746
0.
0.
0.
-0.151553
0.
0.
0.
-0.180021
0.
0.
0.
0.0647108
0.
0.
0.
0.0166836
0.
0.
0.
-0.00304086
0.
0.
0.
-0.157015
0.
0.
0.
0.0299554
0.
0.
0.
-0.0609899
0.
0.
0.
-0.00746222
0.
0.
0.
0.187674
0.
0.
0.
0.0752729
0.
0.
0.
0.0200096
0.
0.
0.
0.00399757
1.
0.
0.
0.0471319
0.399553
-0.00843521
-0.000706787
-0.00369786
0.377497
0.
-0.00300987
-0.00301646
0.272696
0.
-0.00168047
-0.0171884
0.315211
0.
0.0167895
0.0555676
0.378814
0.
0.00398213
-0.0101534
0.275176
0.
0.012155
-0.0188083
0.324397
0.
-0.00678229
0.070318
0.319952
0.0169242
0.
0.0719341
0.379813
0.0194105
0.
-0.000729484
0.259707
0.0228018
0.
-0.021737
0.297687
-0.000207381
0.
0.0651946
0.383214
0.0135929
0.
-0.00267714
0.267312
0.0152876
0.
-0.0233264
0.24626
0.0188724
-0.0530203
-0.0139716
0.248479
-0.0240051
0.0232597
-0.0302161
0.360485
-0.0269811
-0.057174
0.0138096
0.424433
-0.125583
-0.139821
0.139912
0.356681
0.119054
-0.142692
0.0975611
0.334428
-0.0077885
0.0278769
0.0397689
0.35617
0.111088
0.0880651
0.11338
0.267701
-0.0139739
-0.0286878
-0.00871183
0.393799
0.00156336
-0.0407757
0.0159275
0.258057
0.0200898
0.0305597
-0.0100426
0.35818
-0.000164045
0.0370703
0.0182769
0.312032
-0.103759
0.130208
0.10647
0.388108
-0.00658414
-0.00912296
0.031487
0.310109
-0.017381
0.0603228
-0.0625761
0.339616
0.0322043
0.134483
0.102536
