Vec Object: 1 MPI process
  type: seq
0.
0.
0.
-0.110778
0.
0.
0.
0.0366559
0.162378
-0.167205
0.
-0.076829
0.172112
-0.177972
0.
-0.0708244
0.189848
0.203813
0.
-0.0588311
0.176538
0.166222
0.
-0.0745161
0.387493
0.00976565
0.
0.00411925
0.375204
0.0093735
0.
0.00593023
0.389843
-0.0201238
0.
0.0071854
0.395879
-0.0187261
0.
0.0104859
0.
0.
0.
-0.0336041
0.
0.
0.
-0.084033
0.31046
-0.0562451
0.
-0.0169787
0.320261
0.0881585
0.
0.00366122
0.315437
-0.0511523
0.
-0.00891102
0.323322
0.115007
0.
0.0205233
0.341492
0.0708184
0.
0.00185885
0.323121
-0.104383
0.
0.0158109
0.311385
0.0413538
0.
-0.0204856
0.320454
-0.0629532
0.
-0.00183824
0.
0.
0.
-0.134692
0.
0.
0.
-0.0132828
0.
0.
0.
0.00357234
0.
0.
0.
0.107085
0.
0.
0.
-0.0683659
0.
0.
0.
-0.15383
0.
0.
0.
-0.194497
0.
0.
0.
0.0475564
0.
0.
0.
-0.00191977
0.
0.
0.
-0.0135455
0.
0.
0.
-0.162542
0.
0.
0.
0.0290382
0.
0.
0.
-0.0723285
0.
0.
0.
-0.0048358
0.
0.
0.
0.16468
0.
0.
0.
0.0524401
0.
0.
0.
0.00891778
0.
0.
0.
0.00591334
1.
0.
0.
0.0455128
0.398549
-0.00839131
-0.000590122
-0.00364395
0.378168
0.
-0.00329309
-0.00337682
0.271515
0.
-0.00208306
-0.0152924
0.309066
0.
0.0179136
0.0519425
0.378582
0.
0.00432517
-0.0101016
0.273864
0.
0.0128962
-0.0158877
0.319378
0.
-0.00645325
0.0644038
0.312543
0.0181465
0.
0.0649217
0.380322
0.0190566
0.
-0.00107964
0.258389
0.0221086
0.
-0.019669
0.291007
0.000741659
0.
0.0590924
0.383191
0.0141845
0.
-0.00276325
0.266215
0.0160232
0.
-0.020276
0.247069
0.0203027
-0.0539983
-0.0109361
0.248562
-0.024668
0.0235545
-0.025349
0.36352
-0.0258202
-0.0627526
0.0106689
0.424919
-0.133372
-0.145123
0.130919
0.355966
0.126321
-0.148717
0.0895356
0.337764
-0.0154699
0.0277037
0.0349362
0.357881
0.11602
0.0930802
0.103956
0.272177
-0.0147679
-0.0291397
-0.00812336
0.398713
0.00171272
-0.0441993
0.0128587
0.257838
0.0210143
0.0312853
-0.00552001
0.365349
0.00304037
0.0410013
0.0144362
0.313633
-0.10979
0.134476
0.0994241
0.394953
-0.00762616
-0.0079081
0.0265292
0.314356
-0.00727264
0.0654382
-0.0696497
0.341667
0.0352102
0.138777
0.0932504
