Vec Object: 1 MPI process
  type: seq
0.
0.
0.
-0.122668
0.
0.
0.
0.0763716
0.156648
-0.167726
0.
-0.0992454
0.169198
-0.177566
0.
-0.0856664
0.191701
0.201262
0.
-0.0670367
0.171211
0.168784
0.
-0.100765
0.385532
0.0118605
0.
0.0105039
0.374572
0.0105685
0.
0.00556526
0.38894
-0.0190738
0.
0.00575631
0.393102
-0.0214728
0.
0.0184589
0.
0.
0.
-0.0467919
0.
0.
0.
-0.114876
0.300938
-0.0543533
0.
-0.0179658
0.322168
0.0861114
0.
0.00102127
0.306407
-0.050062
0.
-0.00177894
0.324875
0.116813
0.
0.0200248
0.331696
0.066092
0.
0.0102849
0.324306
-0.104498
0.
0.0142219
0.302316
0.0446905
0.
-0.0269279
0.321441
-0.0624152
0.
-0.00503562
0.
0.
0.
-0.126819
0.
0.
0.
-0.0446196
0.
0.
0.
0.0463091
0.
0.
0.
0.0669238
0.
0.
0.
-0.09725
0.
0.
0.
-0.133907
0.
0.
0.
-0.126501
0.
0.
0.
0.122604
0.
0.
0.
0.0794353
0.
0.
0.
0.0366176
0.
0.
0.
-0.125102
0.
0.
0.
0.0386398
0.
0.
0.
-0.0172783
0.
0.
0.
-0.012075
0.
0.
0.
0.258296
0.
0.
0.
0.148903
0.
0.
0.
0.0636522
0.
0.
0.
-0.00132282
1.
0.
0.
0.0505799
0.401764
-0.00853432
-0.0010218
-0.00203274
0.376042
0.
-0.00221452
-0.00259433
0.275907
0.
-0.00062265
-0.0237334
0.332282
0.
0.0137904
0.0666781
0.379528
0.
0.00295146
-0.0106843
0.278505
0.
0.0101454
-0.0279756
0.337862
0.
-0.00757137
0.0876183
0.340027
0.0135528
0.
0.0928207
0.378846
0.0202891
0.
-0.00034149
0.263369
0.0243275
0.
-0.0287831
0.315655
-0.00228338
0.
0.0843704
0.383445
0.0118242
0.
-0.00292616
0.270359
0.0130522
0.
-0.0332205
0.244185
0.0145121
-0.0490423
-0.0234508
0.248228
-0.0213818
0.0215943
-0.0450623
0.350093
-0.0302928
-0.042872
0.0238666
0.425257
-0.103357
-0.124825
0.166479
0.361089
0.0983287
-0.125944
0.121802
0.319837
0.0112893
0.0270803
0.0552125
0.352346
0.0956071
0.0748867
0.1426
0.255601
-0.0107938
-0.0272199
-0.0103218
0.376754
0.00102928
-0.0311102
0.0260434
0.257998
0.0158284
0.0279428
-0.0229928
0.338168
-0.00823604
0.0275574
0.0313872
0.309735
-0.0864229
0.117566
0.128561
0.367982
-0.00344366
-0.0117613
0.0476913
0.291403
-0.0400413
0.0463824
-0.0329777
0.33534
0.0234878
0.121026
0.132164
