Vec Object: 1 MPI process
  type: seq
0.
0.
0.
-0.115162
0.
0.
0.
0.0441583
0.161047
-0.167276
0.
-0.0820777
0.171484
-0.177805
0.
-0.0742069
0.190192
0.203209
0.
-0.0610579
0.175293
0.166814
0.
-0.0808313
0.387076
0.0101852
0.
0.00532599
0.375087
0.0096192
0.
0.00547562
0.389612
-0.0198305
0.
0.00662769
0.395261
-0.0193196
0.
0.0121136
0.
0.
0.
-0.0369679
0.
0.
0.
-0.0912173
0.308116
-0.0558833
0.
-0.0175464
0.320762
0.0877647
0.
0.00341488
0.313179
-0.0510059
0.
-0.00736192
0.323705
0.115654
0.
0.0208992
0.339046
0.0697492
0.
0.00370288
0.323406
-0.104597
0.
0.0159178
0.309213
0.0422496
0.
-0.0222922
0.320661
-0.0629432
0.
-0.00211257
0.
0.
0.
-0.135442
0.
0.
0.
-0.0212675
0.
0.
0.
0.0115185
0.
0.
0.
0.0968013
0.
0.
0.
-0.0754332
0.
0.
0.
-0.15178
0.
0.
0.
-0.181119
0.
0.
0.
0.0634423
0.
0.
0.
0.0153077
0.
0.
0.
-0.00384309
0.
0.
0.
-0.157504
0.
0.
0.
0.0298556
0.
0.
0.
-0.0618619
0.
0.
0.
-0.00729179
0.
0.
0.
0.186017
0.
0.
0.
0.073605
0.
0.
0.
0.0191516
0.
0.
0.
0.00413486
1.
0.
0.
0.047025
0.399486
-0.00843232
-0.000698679
-0.0037024
0.377542
0.
-0.00302987
-0.00303918
0.272613
0.
-0.00170839
-0.0170492
0.31478
0.
0.0168676
0.0553071
0.378798
0.
0.00400681
-0.0101481
0.275086
0.
0.0122068
-0.0185983
0.324048
0.
-0.00676
0.0698976
0.319436
0.01701
0.
0.0714323
0.379846
0.019386
0.
-0.000751487
0.259614
0.0227556
0.
-0.0215855
0.297222
-0.000144297
0.
0.0647528
0.383212
0.0136353
0.
-0.00268072
0.267235
0.0153408
0.
-0.0231048
0.246316
0.0189754
-0.0530975
-0.0137507
0.248485
-0.0240573
0.0232861
-0.0298662
0.360711
-0.0268985
-0.057559
0.0135815
0.424453
-0.126135
-0.140195
0.139271
0.356614
0.119568
-0.143116
0.0969848
0.334698
-0.00831629
0.0278728
0.039418
0.356284
0.111446
0.088413
0.1127
0.268013
-0.0140359
-0.0287207
-0.00866896
0.394166
0.0015746
-0.0410187
0.0157034
0.258046
0.0201662
0.0306145
-0.00972153
0.358683
5.59748e-05
0.0373376
0.0179932
0.31213
-0.104186
0.130512
0.10596
0.388597
-0.00665939
-0.00904165
0.0311238
0.310453
-0.0167024
0.0606825
-0.0631327
0.339751
0.0324182
0.134795
0.10186
