Vec Object: 1 MPI process
  type: seq
0.
0.
0.
-0.103483
0.
0.
0.
0.182405
0.147352
-0.168341
0.
-0.13017
0.163095
-0.177577
0.
-0.108464
0.197853
0.195316
0.
-0.0650919
0.162715
0.172572
0.
-0.13669
0.37891
0.0188835
0.
0.0408893
0.370632
0.0157083
0.
0.0247215
0.384627
-0.0206742
0.
0.0249896
0.385465
-0.029
0.
0.0495331
0.
0.
0.
-0.0636905
0.
0.
0.
-0.16598
0.285968
-0.0499915
0.
-0.0202015
0.324751
0.0784818
0.
-0.0213785
0.292657
-0.0472104
0.
0.00467952
0.327408
0.112381
0.
-0.00260242
0.3169
0.0586522
0.
0.0176798
0.326329
-0.0978109
0.
-0.00988865
0.286862
0.0482462
0.
-0.0353111
0.323207
-0.057391
0.
-0.0313854
0.
0.
0.
-0.0545423
0.
0.
0.
-0.0795246
0.
0.
0.
0.163195
0.
0.
0.
0.0268149
0.
0.
0.
-0.134811
0.
0.
0.
-0.0413697
0.
0.
0.
0.0458916
0.
0.
0.
0.288187
0.
0.
0.
0.257599
0.
0.
0.
0.165126
0.
0.
0.
0.0176581
0.
0.
0.
0.0857424
0.
0.
0.
0.126758
0.
0.
0.
-0.0086412
0.
0.
0.
0.435324
0.
0.
0.
0.34617
0.
0.
0.
0.212315
0.
0.
0.
-0.0126368
1.
0.
0.
0.0619675
0.402886
-0.00854511
-0.0015649
0.0260428
0.376328
0.
-0.000592483
-0.00648277
0.281687
0.
0.00123176
-0.0551352
0.368099
0.
0.00817152
0.0964868
0.383777
0.
0.00074164
-0.0134593
0.283697
0.
0.00638633
-0.0632077
0.363569
0.
-0.008455
0.129821
0.379821
0.00678002
0.
0.141806
0.380566
0.020941
0.
-0.00438152
0.270313
0.0252554
0.
-0.0611422
0.350757
-0.00394466
0.
0.137747
0.387575
0.00799697
0.
-0.00524009
0.276039
0.00835569
0.
-0.0708788
0.239522
0.00431409
-0.0363622
-0.0529186
0.246764
-0.0138179
0.0152333
-0.0905736
0.320459
-0.0356287
-0.0198355
0.0467486
0.436072
-0.0556818
-0.0917083
0.231109
0.378516
0.053674
-0.0909393
0.180522
0.270481
0.0363905
0.020261
0.0944967
0.348057
0.0568408
0.0516321
0.218711
0.231025
-0.000892636
-0.022989
-0.0165912
0.327927
-0.000449975
-0.0133007
0.052957
0.254531
0.00159856
0.0201682
-0.0583421
0.29524
-0.0206345
0.0142516
0.0666662
0.312967
-0.0482271
0.08772
0.187069
0.32256
0.00312481
-0.0127103
0.0878951
0.226137
-0.0590714
0.022156
0.0740367
0.33126
0.00470178
0.087462
0.212835
