Vec Object: 1 MPI process
  type: seq
0.
0.
0.
-0.117649
0.
0.
0.
0.0500405
0.160121
-0.167347
0.
-0.0857216
0.171032
-0.177717
0.
-0.07658
0.190466
0.202795
0.
-0.062496
0.174429
0.167228
0.
-0.0851484
0.386776
0.0105001
0.
0.00624802
0.375002
0.00979503
0.
0.00527383
0.389468
-0.0196402
0.
0.00629002
0.394826
-0.0197475
0.
0.013313
0.
0.
0.
-0.039227
0.
0.
0.
-0.0962639
0.306537
-0.0556059
0.
-0.0178184
0.321087
0.0874662
0.
0.00312849
0.311673
-0.0508627
0.
-0.00623972
0.323962
0.116025
0.
0.0210031
0.337413
0.0689919
0.
0.00504203
0.323601
-0.104683
0.
0.0158397
0.307727
0.042832
0.
-0.0234473
0.320817
-0.0628967
0.
-0.00245374
0.
0.
0.
-0.135012
0.
0.
0.
-0.0266197
0.
0.
0.
0.0178101
0.
0.
0.
0.0899126
0.
0.
0.
-0.0802832
0.
0.
0.
-0.14939
0.
0.
0.
-0.170876
0.
0.
0.
0.0751059
0.
0.
0.
0.0279588
0.
0.
0.
0.00366552
0.
0.
0.
-0.152591
0.
0.
0.
0.0309449
0.
0.
0.
-0.0536718
0.
0.
0.
-0.00872962
0.
0.
0.
0.201038
0.
0.
0.
0.0888348
0.
0.
0.
0.0272367
0.
0.
0.
0.00290358
1.
0.
0.
0.0479427
0.400064
-0.0084572
-0.000770725
-0.00360984
0.377154
0.
-0.00285096
-0.00285316
0.273351
0.
-0.00146109
-0.0183282
0.318624
0.
0.016174
0.0576653
0.378941
0.
0.00378364
-0.0102072
0.275882
0.
0.0117461
-0.0205027
0.327147
0.
-0.00695483
0.0736781
0.324027
0.0162449
0.
0.0759602
0.379562
0.0196015
0.
-0.000571915
0.260445
0.0231548
0.
-0.0229751
0.301348
-0.000688667
0.
0.0687691
0.383233
0.0132516
0.
-0.0026638
0.267925
0.0148584
0.
-0.025125
0.245829
0.0180424
-0.0523646
-0.0157599
0.248434
-0.0235634
0.023021
-0.0330319
0.358628
-0.0276408
-0.0541607
0.0156597
0.424345
-0.121191
-0.136852
0.145051
0.357293
0.114958
-0.139337
0.102196
0.332101
-0.00367541
0.0278658
0.0426153
0.355294
0.108189
0.0853313
0.118874
0.265241
-0.0134495
-0.0284195
-0.00905439
0.390772
0.00147019
-0.0388408
0.0177544
0.258124
0.0194258
0.0301049
-0.0126019
0.354186
-0.00188073
0.0349991
0.0206039
0.311327
-0.10035
0.127767
0.110595
0.384196
-0.00597821
-0.00974418
0.0344466
0.307149
-0.022584
0.0574765
-0.0578375
0.3386
0.0304955
0.131959
0.108016
