Vec Object: 1 MPI process
  type: seq
0.
0.
0.
-0.0746223
0.
0.
0.
0.296536
0.151443
-0.157624
0.
-0.0529078
0.167707
-0.167575
0.
-0.0311396
0.218339
0.176339
0.
0.0537802
0.167493
0.164973
0.
-0.0622283
0.358446
0.0393011
0.
0.150062
0.355447
0.0334253
0.
0.1135
0.364157
-0.0381257
0.
0.141793
0.3649
-0.0490842
0.
0.155986
0.
0.
0.
-0.120296
0.
0.
0.
-0.257614
0.270444
-0.060146
0.
-0.111145
0.32804
0.0594227
0.
-0.116036
0.278434
-0.0616832
0.
-0.0892128
0.331343
0.0906453
0.
-0.106204
0.301996
0.0665853
0.
-0.061436
0.329587
-0.0743935
0.
-0.112851
0.269532
0.0625654
0.
-0.10883
0.324671
-0.0427254
0.
-0.133959
0.
0.
0.
0.046371
0.
0.
0.
-0.131628
0.
0.
0.
0.293752
0.
0.
0.
-0.00729733
0.
0.
0.
-0.1949
0.
0.
0.
0.0810559
0.
0.
0.
0.253761
0.
0.
0.
0.476199
0.
0.
0.
0.453275
0.
0.
0.
0.305294
0.
0.
0.
0.208367
0.
0.
0.
0.125895
0.
0.
0.
0.287024
0.
0.
0.
-0.0306439
0.
0.
0.
0.642757
0.
0.
0.
0.568619
0.
0.
0.
0.399644
0.
0.
0.
-0.0740324
1.
0.
0.
0.192634
0.393936
-0.00720377
-0.00134373
0.151256
0.385911
0.
0.00094638
-0.0274623
0.286509
0.
0.00236361
-0.183346
0.390697
0.
0.00383383
0.153874
0.399495
0.
-0.000612621
-0.0179494
0.28705
0.
0.00387101
-0.190418
0.374671
0.
-0.00780004
0.203498
0.403566
0.00182103
0.
0.215653
0.393134
0.0186392
0.
-0.0247921
0.276275
0.0218053
0.
-0.186067
0.369999
-0.00147533
0.
0.232032
0.406136
0.00559047
0.
-0.00896902
0.280488
0.00600292
0.
-0.199898
0.233212
-0.00292176
-0.0221627
-0.168714
0.243164
-0.00661589
0.00789658
-0.225723
0.283361
-0.0297351
-0.00710522
0.0107746
0.449645
-0.0117592
-0.0589077
0.345833
0.394927
0.0126486
-0.0586067
0.266921
0.208746
0.0372324
0.0100647
0.0989433
0.341397
0.0174488
0.0356961
0.320796
0.207687
0.00345007
-0.0174663
-0.0918892
0.269552
-0.000968423
-0.00266555
0.0437302
0.24734
-0.00710249
0.0114753
-0.185857
0.252454
-0.0238004
0.00917077
0.0525271
0.31726
-0.0110368
0.0573233
0.262542
0.276855
0.00789986
-0.00734309
0.0914619
0.143561
-0.0463089
0.00848093
0.186039
0.325286
-0.0119584
0.0530597
0.320119
