Vec Object: 1 MPI process
  type: seq
0.
0.
0.
-0.114557
0.
0.
0.
0.0429457
0.161249
-0.167263
0.
-0.0812819
0.17158
-0.177827
0.
-0.0736918
0.190136
0.2033
0.
-0.0607321
0.175482
0.166724
0.
-0.0798812
0.38714
0.010119
0.
0.00513434
0.375105
0.00958165
0.
0.00553276
0.389645
-0.0198736
0.
0.00670785
0.395356
-0.0192279
0.
0.0118597
0.
0.
0.
-0.036465
0.
0.
0.
-0.0901192
0.308465
-0.0559408
0.
-0.0174734
0.320689
0.0878269
0.
0.00346426
0.313514
-0.0510327
0.
-0.007602
0.323647
0.115564
0.
0.0208588
0.33941
0.0699131
0.
0.00341641
0.323363
-0.104571
0.
0.0159176
0.309539
0.042118
0.
-0.0220286
0.320628
-0.062949
0.
-0.00205514
0.
0.
0.
-0.135433
0.
0.
0.
-0.0200756
0.
0.
0.
0.0102273
0.
0.
0.
0.0983366
0.
0.
0.
-0.0743651
0.
0.
0.
-0.152197
0.
0.
0.
-0.183254
0.
0.
0.
0.0609625
0.
0.
0.
0.012618
0.
0.
0.
-0.0054006
0.
0.
0.
-0.158426
0.
0.
0.
0.0296745
0.
0.
0.
-0.0635524
0.
0.
0.
-0.00694817
0.
0.
0.
0.182758
0.
0.
0.
0.0703355
0.
0.
0.
0.0174902
0.
0.
0.
0.0044055
1.
0.
0.
0.0468106
0.399352
-0.00842655
-0.000682614
-0.00370739
0.377632
0.
-0.00306937
-0.00308537
0.272449
0.
-0.00176377
-0.0167769
0.313928
0.
0.0170226
0.0547947
0.378766
0.
0.00405536
-0.0101383
0.274907
0.
0.0123093
-0.0181854
0.323356
0.
-0.00671558
0.0690686
0.318413
0.0171796
0.
0.070444
0.379913
0.0193375
0.
-0.000796273
0.25943
0.0226632
0.
-0.021289
0.296301
-1.79847e-05
0.
0.0638851
0.383209
0.013719
0.
-0.00268898
0.267082
0.0154455
0.
-0.0226701
0.246426
0.019178
-0.0532465
-0.0133171
0.248496
-0.0241582
0.0233358
-0.029178
0.361153
-0.0267354
-0.0583234
0.0131341
0.4245
-0.127223
-0.140933
0.138006
0.35649
0.120583
-0.143952
0.0958507
0.335217
-0.00936546
0.0278612
0.0387294
0.356513
0.112149
0.089103
0.111362
0.268631
-0.0141558
-0.0287854
-0.00858464
0.394883
0.00159651
-0.0414983
0.0152641
0.258022
0.0203123
0.0307211
-0.00908799
0.359679
0.00049329
0.0378699
0.0174387
0.312331
-0.10503
0.131112
0.104959
0.389559
-0.00680736
-0.00887901
0.0304124
0.311113
-0.0153462
0.0613938
-0.0642064
0.340021
0.03284
0.135407
0.100535
