Vec Object: 1 MPI process
  type: seq
0.
0.
0.
-0.0790422
0.
0.
0.
0.278247
0.148456
-0.161192
0.
-0.0887789
0.164762
-0.171068
0.
-0.0668099
0.213118
0.181185
0.
0.0117937
0.164338
0.168221
0.
-0.0984732
0.362783
0.0350407
0.
0.132407
0.358708
0.0296648
0.
0.0999317
0.368803
-0.0339889
0.
0.120841
0.369183
-0.0449211
0.
0.138922
0.
0.
0.
-0.107639
0.
0.
0.
-0.239336
0.272915
-0.0563473
0.
-0.0862809
0.327424
0.0634691
0.
-0.0894239
0.280701
-0.0568377
0.
-0.0624235
0.330567
0.0956386
0.
-0.0773388
0.304352
0.0632785
0.
-0.0395666
0.328939
-0.0795886
0.
-0.0844222
0.272349
0.058561
0.
-0.0895532
0.324456
-0.0458919
0.
-0.105927
0.
0.
0.
0.0296769
0.
0.
0.
-0.121466
0.
0.
0.
0.272681
0.
0.
0.
-0.00242549
0.
0.
0.
-0.183225
0.
0.
0.
0.0607646
0.
0.
0.
0.218988
0.
0.
0.
0.444029
0.
0.
0.
0.421089
0.
0.
0.
0.282997
0.
0.
0.
0.176592
0.
0.
0.
0.120788
0.
0.
0.
0.261726
0.
0.
0.
-0.0247934
0.
0.
0.
0.603629
0.
0.
0.
0.530167
0.
0.
0.
0.366492
0.
0.
0.
-0.0595445
1.
0.
0.
0.146411
0.396137
-0.00757108
-0.001461
0.129423
0.383651
0.
0.000712333
-0.0167986
0.28574
0.
0.00224991
-0.149676
0.389453
0.
0.00441666
0.135144
0.396024
0.
-0.000503268
-0.0113774
0.286566
0.
0.00416003
-0.157718
0.375071
0.
-0.00798892
0.181822
0.402321
0.00234135
0.
0.194422
0.390278
0.0192559
0.
-0.0143369
0.275367
0.0226925
0.
-0.15363
0.369349
-0.0021336
0.
0.206897
0.401976
0.0057827
0.
-0.00249147
0.279833
0.006085
0.
-0.166893
0.234302
-0.00230941
-0.0241942
-0.140204
0.243853
-0.00756949
0.00893852
-0.193091
0.289428
-0.0319588
-0.00847624
0.0218604
0.448242
-0.0178817
-0.0636964
0.314429
0.393414
0.01827
-0.0632096
0.243855
0.21846
0.0386616
0.0116359
0.100669
0.343313
0.0229843
0.0376638
0.297163
0.211139
0.00385086
-0.0183577
-0.0726248
0.278733
-0.00106687
-0.00379184
0.0480629
0.248589
-0.00700531
0.0127543
-0.154399
0.258919
-0.0241028
0.00955298
0.0596697
0.317366
-0.0164064
0.0617603
0.24418
0.283778
0.00732239
-0.00845423
0.0928891
0.156442
-0.0495154
0.00988387
0.169487
0.327094
-0.00975487
0.0580249
0.296265
