Vec Object: 1 MPI process
  type: seq
0.
0.
0.
-0.0740158
0.
0.
0.
0.0203792
0.17112
-0.168486
0.
-0.0442117
0.176806
-0.180636
0.
-0.0479932
0.190363
0.208245
0.
-0.0400705
0.183854
0.163582
0.
-0.034087
0.390229
0.00845397
0.
-0.00125926
0.377408
0.00651239
0.
0.0100175
0.393583
-0.0223462
0.
0.00909645
0.399977
-0.0158907
0.
0.00214201
0.
0.
0.
-0.0171426
0.
0.
0.
-0.0539486
0.328396
-0.0584496
0.
-0.0107539
0.315384
0.0905222
0.
0.00272444
0.33377
-0.0496444
0.
-0.0155222
0.320797
0.107882
0.
0.0142672
0.360873
0.0763782
0.
-0.00540173
0.321443
-0.100792
0.
0.0111553
0.326509
0.034827
0.
-0.00833674
0.320958
-0.061469
0.
-0.00379386
0.
0.
0.
-0.0971871
0.
0.
0.
0.0296042
0.
0.
0.
-0.0106112
0.
0.
0.
0.154738
0.
0.
0.
-0.0388757
0.
0.
0.
-0.130363
0.
0.
0.
-0.232448
0.
0.
0.
-0.0182467
0.
0.
0.
-0.0718421
0.
0.
0.
-0.0370983
0.
0.
0.
-0.13098
0.
0.
0.
0.0408482
0.
0.
0.
-0.0921754
0.
0.
0.
0.0171286
0.
0.
0.
0.0466225
0.
0.
0.
-0.0476408
0.
0.
0.
-0.00943341
0.
0.
0.
0.00994733
1.
0.
0.
0.0295245
0.387966
-0.00756978
0.000502466
-0.000376324
0.383932
0.
-0.00496021
-0.00598017
0.264084
0.
-0.0051464
-0.00552475
0.264385
0.
0.0260834
0.0310061
0.375027
0.
0.00589841
-0.00925515
0.263294
0.
0.0182185
0.000668897
0.281238
0.
-0.00288552
0.0292908
0.256898
0.0257944
0.
0.026913
0.385167
0.0168163
0.
-0.00359352
0.251301
0.014566
0.
-0.00947949
0.238533
0.01069
0.
0.0281641
0.381537
0.0170429
0.
-0.00366189
0.259379
0.0185332
0.
-0.0045369
0.253622
0.028149
-0.05227
0.000591136
0.248643
-0.0217824
0.0199636
-0.000928506
0.37167
-0.0201869
-0.103467
-0.005981
0.440038
-0.179283
-0.181124
0.0793571
0.369383
0.169934
-0.188494
0.0473892
0.324725
-0.0659929
0.0208058
0.0103315
0.374276
0.138537
0.127574
0.055603
0.304566
-0.015806
-0.0316772
-0.00822001
0.411931
0.00217007
-0.0603193
-0.00315994
0.251595
0.0152158
0.0335823
0.0181677
0.41558
0.0278677
0.0748085
-0.00296973
0.33899
-0.146129
0.159494
0.0631717
0.431628
-0.0112894
0.00145482
0.00411219
0.303928
0.0718922
0.0915641
-0.0776107
0.366493
0.0510207
0.157262
0.0487999
