Vec Object: 1 MPI process
  type: seq
0.
0.
0.
-0.0867329
0.
0.
0.
0.0197311
0.16774
-0.167497
0.
-0.0559979
0.174668
-0.179223
0.
-0.0571588
0.189383
0.206431
0.
-0.0480142
0.181374
0.164124
0.
-0.0485369
0.389148
0.00855626
0.
0.000334498
0.376003
0.00809917
0.
0.00880889
0.391491
-0.0214389
0.
0.00918584
0.398367
-0.0166759
0.
0.00487762
0.
0.
0.
-0.0209492
0.
0.
0.
-0.0599683
0.320927
-0.0574857
0.
-0.0131633
0.317679
0.0895316
0.
0.00329959
0.325902
-0.0508481
0.
-0.0140337
0.321691
0.11117
0.
0.0170779
0.352692
0.0746733
0.
-0.00394607
0.321988
-0.102567
0.
0.0134493
0.320541
0.0373013
0.
-0.0124334
0.320145
-0.062354
0.
-0.00261173
0.
0.
0.
-0.116097
0.
0.
0.
0.0179347
0.
0.
0.
-0.0130813
0.
0.
0.
0.145816
0.
0.
0.
-0.0437161
0.
0.
0.
-0.145369
0.
0.
0.
-0.228961
0.
0.
0.
-0.00232991
0.
0.
0.
-0.055648
0.
0.
0.
-0.0368011
0.
0.
0.
-0.155584
0.
0.
0.
0.0341324
0.
0.
0.
-0.0952875
0.
0.
0.
0.00848564
0.
0.
0.
0.0851868
0.
0.
0.
-0.0195922
0.
0.
0.
-0.012517
0.
0.
0.
0.0110392
1.
0.
0.
0.036859
0.393141
-0.00807219
-4.06752e-05
-0.001867
0.381446
0.
-0.00437207
-0.00515629
0.266822
0.
-0.00383177
-0.00889665
0.283235
0.
0.0227341
0.0387463
0.37713
0.
0.0054707
-0.00996756
0.267898
0.
0.0160042
-0.0051719
0.297547
0.
-0.00473532
0.0419964
0.280583
0.0230145
0.
0.0397633
0.382996
0.0176182
0.
-0.00280881
0.253478
0.0183611
0.
-0.0127545
0.261588
0.00585578
0.
0.0383248
0.382748
0.0162053
0.
-0.00348134
0.261938
0.018244
0.
-0.00978441
0.250901
0.0252971
-0.0548687
-0.001844
0.24891
-0.0249402
0.0226872
-0.00849638
0.371347
-0.0218037
-0.0870818
-0.000242451
0.431447
-0.163024
-0.166595
0.0977241
0.359398
0.154183
-0.173062
0.0613215
0.338179
-0.048194
0.0245143
0.0184034
0.366726
0.132011
0.114331
0.0714905
0.291288
-0.0160775
-0.0306748
-0.00713915
0.41108
0.00209418
-0.0561488
0.00240975
0.25537
0.0204792
0.0330711
0.0107851
0.394924
0.0175304
0.0598605
0.00240654
0.325326
-0.132859
0.15037
0.075315
0.419601
-0.0108196
-0.00214477
0.0108255
0.316244
0.0410236
0.0843327
-0.0813758
0.353727
0.0461235
0.152487
0.0626994
