Vec Object: 1 MPI process
  type: seq
0.
0.
0.
-0.0797726
0.
0.
0.
0.0190966
0.169345
-0.167864
0.
-0.0501557
0.175594
-0.17982
0.
-0.0528801
0.189688
0.207279
0.
-0.0442923
0.18264
0.16374
0.
-0.0412447
0.389661
0.00841795
0.
-0.000507633
0.376537
0.00745988
0.
0.0095537
0.39236
-0.0218583
0.
0.00933678
0.399132
-0.0162334
0.
0.00348955
0.
0.
0.
-0.0185215
0.
0.
0.
-0.0559734
0.324394
-0.0579016
0.
-0.0119165
0.316667
0.089965
0.
0.003004
0.32952
-0.050391
0.
-0.0149783
0.321229
0.109684
0.
0.0157426
0.356482
0.0755768
0.
-0.00490283
0.3217
-0.101773
0.
0.0123856
0.323366
0.036084
0.
-0.0102697
0.320388
-0.0619823
0.
-0.003163
0.
0.
0.
-0.107146
0.
0.
0.
0.0247518
0.
0.
0.
-0.0129648
0.
0.
0.
0.152573
0.
0.
0.
-0.0399023
0.
0.
0.
-0.138618
0.
0.
0.
-0.232367
0.
0.
0.
-0.0115558
0.
0.
0.
-0.0652651
0.
0.
0.
-0.0382179
0.
0.
0.
-0.145229
0.
0.
0.
0.0373877
0.
0.
0.
-0.0953696
0.
0.
0.
0.0127856
0.
0.
0.
0.0652384
0.
0.
0.
-0.0350145
0.
0.
0.
-0.0123609
0.
0.
0.
0.0110581
1.
0.
0.
0.0334956
0.390873
-0.00787656
0.000189851
-0.00113206
0.382611
0.
-0.00466895
-0.00562562
0.265458
0.
-0.00443289
-0.00719868
0.274503
0.
0.0243246
0.034981
0.3763
0.
0.00571626
-0.0097406
0.265776
0.
0.017033
-0.0022025
0.290012
0.
-0.00396642
0.0356467
0.269614
0.0244192
0.
0.0331893
0.383995
0.0172133
0.
-0.00326015
0.25227
0.0167404
0.
-0.0110347
0.251099
0.00798034
0.
0.0331203
0.382309
0.0166667
0.
-0.00364176
0.260686
0.0185394
0.
-0.00708307
0.252236
0.0266531
-0.053954
-0.000320846
0.248906
-0.0238661
0.0216189
-0.0044492
0.372061
-0.0209096
-0.0949786
-0.00315411
0.435106
-0.171268
-0.173472
0.0885512
0.36322
0.162079
-0.180552
0.0541418
0.333205
-0.057562
0.0228258
0.0141981
0.370158
0.135552
0.120906
0.0633147
0.297598
-0.0159773
-0.0311256
-0.00751756
0.412229
0.0021475
-0.0586592
-0.000389394
0.253864
0.0185364
0.0333319
0.0147503
0.404614
0.0224549
0.0667668
-0.000416645
0.331136
-0.139463
0.154886
0.0691579
0.42589
-0.0112683
-0.000317983
0.00727208
0.311577
0.0566407
0.0886066
-0.0804116
0.359198
0.0488195
0.155271
0.0554489
