Vec Object: 1 MPI process
  type: seq
0.
0.
0.
-0.0987668
0.
0.
0.
0.0248575
0.16522
-0.167216
0.
-0.0656606
0.173422
-0.178509
0.
-0.063644
0.189374
0.205159
0.
-0.0534547
0.179168
0.165017
0.
-0.0607141
0.388363
0.00901229
0.
0.0019245
0.375507
0.00880369
0.
0.00736997
0.390524
-0.0208029
0.
0.00841714
0.397187
-0.0175564
0.
0.00733522
0.
0.
0.
-0.026403
0.
0.
0.
-0.0697788
0.315794
-0.0569139
0.
-0.0151656
0.319024
0.0889034
0.
0.00366797
0.320685
-0.0511946
0.
-0.0119062
0.322465
0.113205
0.
0.0189905
0.347144
0.0729819
0.
-0.00162274
0.322506
-0.103596
0.
0.0148667
0.316166
0.0392581
0.
-0.0162365
0.320139
-0.0627599
0.
-0.00195607
0.
0.
0.
-0.127684
0.
0.
0.
0.00407828
0.
0.
0.
-0.00852189
0.
0.
0.
0.129216
0.
0.
0.
-0.0538535
0.
0.
0.
-0.152557
0.
0.
0.
-0.216988
0.
0.
0.
0.0178706
0.
0.
0.
-0.0340354
0.
0.
0.
-0.0293119
0.
0.
0.
-0.164484
0.
0.
0.
0.0302246
0.
0.
0.
-0.0886961
0.
0.
0.
0.00173377
0.
0.
0.
0.120777
0.
0.
0.
0.0110317
0.
0.
0.
-0.00667751
0.
0.
0.
0.00931576
1.
0.
0.
0.0414515
0.396054
-0.00826664
-0.000329382
-0.00292466
0.379765
0.
-0.00386949
-0.00429129
0.269051
0.
-0.00296139
-0.0117838
0.295996
0.
0.0203507
0.0448633
0.377988
0.
0.00497456
-0.0100769
0.27092
0.
0.0144776
-0.0101503
0.308451
0.
-0.00566434
0.0524928
0.296505
0.0206983
0.
0.0512142
0.381597
0.0182994
0.
-0.00197017
0.25572
0.0203876
0.
-0.0158375
0.276403
0.00310685
0.
0.0475782
0.383083
0.0153165
0.
-0.00311314
0.26396
0.0173615
0.
-0.0145111
0.248934
0.0230394
-0.0551215
-0.00550013
0.248755
-0.0253844
0.0235545
-0.0159994
0.368524
-0.0235643
-0.0750459
0.00471707
0.427347
-0.149168
-0.156174
0.113084
0.356304
0.141102
-0.161327
0.0740371
0.340844
-0.0323845
0.026535
0.0258281
0.362059
0.125126
0.103951
0.0860221
0.281841
-0.0158117
-0.0299779
-0.00723518
0.40669
0.00195247
-0.0509183
0.00713674
0.256922
0.0216925
0.0324271
0.00344296
0.380456
0.0102442
0.0501434
0.00760152
0.318524
-0.122018
0.142961
0.0861032
0.408408
-0.0095367
-0.00503666
0.0175675
0.318516
0.016628
0.0758261
-0.0788572
0.347037
0.0411678
0.146674
0.0760607
