Vec Object: 1 MPI process
  type: seq
0.
0.
0.
-0.121999
0.
0.
0.
0.0687676
0.15757
-0.167612
0.
-0.0956859
0.169708
-0.177581
0.
-0.0832253
0.191343
0.20167
0.
-0.0659703
0.172061
0.168372
0.
-0.0967062
0.385886
0.0114693
0.
0.009228
0.374709
0.010339
0.
0.00530623
0.389089
-0.0191968
0.
0.00574858
0.393579
-0.0209938
0.
0.0169726
0.
0.
0.
-0.044938
0.
0.
0.
-0.110022
0.302382
-0.0547192
0.
-0.0180504
0.321899
0.0865127
0.
0.00175903
0.307755
-0.0503117
0.
-0.00299265
0.32464
0.1167
0.
0.0205159
0.333159
0.0668679
0.
0.00887865
0.324123
-0.104629
0.
0.0148762
0.303732
0.0442477
0.
-0.0261364
0.321273
-0.0625924
0.
-0.00412973
0.
0.
0.
-0.129965
0.
0.
0.
-0.0401895
0.
0.
0.
0.0380401
0.
0.
0.
0.0725423
0.
0.
0.
-0.092975
0.
0.
0.
-0.138972
0.
0.
0.
-0.139137
0.
0.
0.
0.109461
0.
0.
0.
0.065202
0.
0.
0.
0.0271874
0.
0.
0.
-0.133693
0.
0.
0.
0.036064
0.
0.
0.
-0.0277426
0.
0.
0.
-0.0114989
0.
0.
0.
0.242964
0.
0.
0.
0.132542
0.
0.
0.
0.0531191
0.
0.
0.
-0.000279915
1.
0.
0.
0.0499821
0.401379
-0.00851586
-0.000957747
-0.00266843
0.376284
0.
-0.00237821
-0.00258951
0.275261
0.
-0.000832521
-0.0221819
0.328755
0.
0.0143929
0.0642529
0.379356
0.
0.0031706
-0.0105154
0.27786
0.
0.010552
-0.0259165
0.33514
0.
-0.00742387
0.0839424
0.335942
0.0142424
0.
0.0883658
0.378982
0.0201264
0.
-0.000328013
0.262623
0.0240624
0.
-0.0271264
0.312011
-0.00192228
0.
0.0801412
0.383359
0.0121999
0.
-0.00280584
0.269738
0.0135276
0.
-0.0309722
0.244601
0.015452
-0.0499981
-0.0213938
0.248289
-0.0219996
0.0220292
-0.0418336
0.352455
-0.029614
-0.0456594
0.0216233
0.424833
-0.107988
-0.127952
0.160822
0.359919
0.102648
-0.129392
0.116591
0.32342
0.00767946
0.0273928
0.0517722
0.353023
0.0989925
0.0775009
0.136212
0.258059
-0.0115604
-0.0275491
-0.0100245
0.380646
0.00115293
-0.033086
0.023746
0.25809
0.0168895
0.0285506
-0.0202938
0.342308
-0.00667717
0.0293479
0.0283739
0.309966
-0.0900548
0.120263
0.123701
0.372239
-0.00410842
-0.0113181
0.044066
0.296029
-0.0360709
0.0491789
-0.0403014
0.336065
0.0253153
0.123965
0.125594
