Vec Object: 1 MPI process
  type: seq
0.
0.
0.
-0.0807442
0.
0.
0.
0.0190712
0.169101
-0.167797
0.
-0.0510177
0.175444
-0.179721
0.
-0.0535378
0.189624
0.207149
0.
-0.0448654
0.182457
0.163785
0.
-0.0423097
0.389583
0.00842948
0.
-0.000389275
0.376442
0.00756899
0.
0.00945716
0.392214
-0.0217937
0.
0.00933506
0.399016
-0.0162931
0.
0.00369015
0.
0.
0.
-0.0188218
0.
0.
0.
-0.056448
0.323859
-0.0578342
0.
-0.0120969
0.316829
0.089896
0.
0.00304817
0.328957
-0.0504733
0.
-0.0148607
0.321296
0.109918
0.
0.0159467
0.355896
0.0754502
0.
-0.00478783
0.321741
-0.1019
0.
0.0125516
0.322936
0.0362647
0.
-0.0105762
0.320336
-0.0620443
0.
-0.00307649
0.
0.
0.
-0.108535
0.
0.
0.
0.0238543
0.
0.
0.
-0.0131206
0.
0.
0.
0.151812
0.
0.
0.
-0.0403138
0.
0.
0.
-0.139711
0.
0.
0.
-0.232061
0.
0.
0.
-0.0103514
0.
0.
0.
-0.0640305
0.
0.
0.
-0.0381637
0.
0.
0.
-0.14699
0.
0.
0.
0.036884
0.
0.
0.
-0.0955542
0.
0.
0.
0.012149
0.
0.
0.
0.0680902
0.
0.
0.
-0.0329109
0.
0.
0.
-0.0125584
0.
0.
0.
0.0111179
1.
0.
0.
0.0340234
0.391239
-0.00791078
0.000151979
-0.00124234
0.382431
0.
-0.00462572
-0.00556193
0.265659
0.
-0.00433927
-0.00744659
0.275855
0.
0.0240819
0.0355429
0.376444
0.
0.00568354
-0.00978637
0.266107
0.
0.0168744
-0.00263499
0.291181
0.
-0.00409427
0.0365799
0.271314
0.0242137
0.
0.0341372
0.383839
0.0172722
0.
-0.00319922
0.252436
0.0170056
0.
-0.0112788
0.252743
0.0076385
0.
0.033868
0.38239
0.0166035
0.
-0.0036245
0.260872
0.0185115
0.
-0.0074716
0.252035
0.02645
-0.0541317
-0.000507954
0.248917
-0.0240759
0.0218077
-0.00501493
0.372015
-0.0210311
-0.0937849
-0.00273044
0.4345
-0.170067
-0.172422
0.089897
0.362537
0.160921
-0.179427
0.0551707
0.33413
-0.0562217
0.0230955
0.0147993
0.369617
0.135064
0.11993
0.0644867
0.296636
-0.0160008
-0.0310554
-0.00744015
0.412143
0.00214133
-0.0583341
2.04998e-05
0.254124
0.0188953
0.033297
0.0141974
0.403126
0.0217031
0.0656909
-1.69974e-05
0.330176
-0.138489
0.154218
0.0700488
0.424996
-0.011224
-0.000586308
0.0077695
0.312438
0.0543383
0.0880435
-0.0806688
0.358301
0.0484461
0.154905
0.0564755
