Vec Object: 1 MPI process
  type: seq
0.
0.
0.
-0.0749466
0.
0.
0.
0.0199908
0.170767
-0.168343
0.
-0.0453364
0.176548
-0.180459
0.
-0.0489729
0.190199
0.208051
0.
-0.0409094
0.18363
0.163587
0.
-0.0354098
0.390117
0.00842889
0.
-0.00112659
0.377209
0.00672247
0.
0.00996264
0.393319
-0.0222466
0.
0.00918035
0.399811
-0.015945
0.
0.00239251
0.
0.
0.
-0.0173006
0.
0.
0.
-0.0541551
0.327589
-0.0583326
0.
-0.0109596
0.315653
0.0904029
0.
0.00277151
0.332908
-0.0498128
0.
-0.0154596
0.320873
0.108252
0.
0.0145561
0.359987
0.0762363
0.
-0.00535011
0.321488
-0.100994
0.
0.0114001
0.325883
0.0350668
0.
-0.00867365
0.320817
-0.0615793
0.
-0.00367082
0.
0.
0.
-0.0991023
0.
0.
0.
0.0288875
0.
0.
0.
-0.0112237
0.
0.
0.
0.154807
0.
0.
0.
-0.0387999
0.
0.
0.
-0.132006
0.
0.
0.
-0.232721
0.
0.
0.
-0.0172067
0.
0.
0.
-0.0708719
0.
0.
0.
-0.0375113
0.
0.
0.
-0.133948
0.
0.
0.
0.0402147
0.
0.
0.
-0.0930406
0.
0.
0.
0.0163178
0.
0.
0.
0.0499889
0.
0.
0.
-0.0455241
0.
0.
0.
-0.0101886
0.
0.
0.
0.0102576
1.
0.
0.
0.0303228
0.388575
-0.00763902
0.000435148
-0.000517096
0.38367
0.
-0.00490608
-0.00592697
0.264342
0.
-0.00500031
-0.00583566
0.266423
0.
0.0257384
0.0317749
0.375313
0.
0.00587059
-0.00937422
0.263794
0.
0.0179793
0.000145685
0.283009
0.
-0.0031224
0.0304793
0.259456
0.0255417
0.
0.028062
0.38493
0.0168901
0.
-0.00354478
0.251455
0.0150328
0.
-0.00975347
0.241102
0.0101227
0.
0.0290749
0.381717
0.0169808
0.
-0.00367444
0.259629
0.0185649
0.
-0.00499742
0.253366
0.0278466
-0.0526539
0.00046991
0.248727
-0.0222747
0.020329
-0.00153723
0.371852
-0.020307
-0.101827
-0.00546266
0.438994
-0.177812
-0.179614
0.0810844
0.367997
0.168472
-0.186966
0.048617
0.326631
-0.0645413
0.0212061
0.0110166
0.373439
0.138026
0.126332
0.0570096
0.303202
-0.0158325
-0.0315609
-0.00806906
0.412115
0.00216893
-0.060095
-0.00264641
0.252101
0.0159703
0.0335294
0.0175811
0.413397
0.0268145
0.073197
-0.0025182
0.337316
-0.144878
0.158624
0.0642839
0.43061
-0.0113299
0.00113566
0.00467284
0.30561
0.0691442
0.0911511
-0.0782731
0.36494
0.0506675
0.156966
0.049999
