Vec Object: 1 MPI process
  type: seq
0.
0.
0.
-0.102521
0.
0.
0.
0.185598
0.147173
-0.168295
0.
-0.13047
0.162963
-0.17754
0.
-0.108674
0.198118
0.195071
0.
-0.0643717
0.162552
0.172618
0.
-0.137139
0.378612
0.019188
0.
0.0424679
0.370425
0.0159574
0.
0.025943
0.384377
-0.0208506
0.
0.0264177
0.385151
-0.029306
0.
0.0510831
0.
0.
0.
-0.0642921
0.
0.
0.
-0.167505
0.285573
-0.0499345
0.
-0.0207519
0.32482
0.0781639
0.
-0.0225274
0.292296
-0.0472097
0.
0.00426522
0.327483
0.112082
0.
-0.00384735
0.316516
0.0585436
0.
0.0173067
0.32639
-0.0974594
0.
-0.0111609
0.286436
0.0483666
0.
-0.0358441
0.32325
-0.0571565
0.
-0.0326946
0.
0.
0.
-0.0519087
0.
0.
0.
-0.0803272
0.
0.
0.
0.166761
0.
0.
0.
0.0261076
0.
0.
0.
-0.135774
0.
0.
0.
-0.0382037
0.
0.
0.
0.051167
0.
0.
0.
0.293022
0.
0.
0.
0.262759
0.
0.
0.
0.168974
0.
0.
0.
0.0224131
0.
0.
0.
0.0872348
0.
0.
0.
0.131105
0.
0.
0.
-0.00854024
0.
0.
0.
0.440307
0.
0.
0.
0.351813
0.
0.
0.
0.21694
0.
0.
0.
-0.0131871
1.
0.
0.
0.0627961
0.402817
-0.00853536
-0.00157289
0.0277307
0.37643
0.
-0.000551791
-0.00666814
0.281816
0.
0.00127177
-0.0566611
0.36897
0.
0.00804125
0.0973947
0.383994
0.
0.000690349
-0.013487
0.283798
0.
0.00630246
-0.0647917
0.364141
0.
-0.00845834
0.131063
0.380756
0.00661629
0.
0.143152
0.38072
0.0209248
0.
-0.00456945
0.270475
0.0252279
0.
-0.0626757
0.351566
-0.00393572
0.
0.139423
0.387817
0.00790667
0.
-0.00525216
0.276165
0.00825059
0.
-0.0725223
0.23938
0.00405605
-0.0359856
-0.0542227
0.246697
-0.0136097
0.0150383
-0.0923861
0.319575
-0.0356831
-0.0193776
0.0470351
0.436468
-0.0544608
-0.0908291
0.233034
0.379043
0.0525258
-0.0900457
0.18217
0.268967
0.0367276
0.020016
0.0953834
0.347978
0.0557735
0.0511206
0.220915
0.230397
-0.000632884
-0.0228582
-0.01714
0.326485
-0.00048671
-0.0129224
0.0535181
0.25438
0.0012087
0.0199407
-0.0598238
0.294115
-0.0208554
0.0140254
0.0673911
0.313141
-0.0472264
0.0869082
0.188748
0.321358
0.00327802
-0.012643
0.0887588
0.224107
-0.0590671
0.0216588
0.0773127
0.331195
0.00422682
0.086538
0.215209
