Vec Object: 1 MPI process
  type: seq
0.
0.
0.
-0.113113
0.
0.
0.
0.0403075
0.161704
-0.167236
0.
-0.0794865
0.171797
-0.177881
0.
-0.0725329
0.190014
0.203506
0.
-0.0599816
0.175908
0.166521
0.
-0.0777281
0.387283
0.00997308
0.
0.00471376
0.375145
0.00949756
0.
0.00567768
0.389722
-0.0199727
0.
0.00689526
0.395567
-0.0190232
0.
0.0112965
0.
0.
0.
-0.03532
0.
0.
0.
-0.0876514
0.309262
-0.056067
0.
-0.0172915
0.32052
0.0879639
0.
0.00355941
0.314279
-0.0510873
0.
-0.00813688
0.323517
0.115351
0.
0.0207452
0.340239
0.0702805
0.
0.00277882
0.323266
-0.104504
0.
0.0158957
0.31028
0.0418155
0.
-0.02142
0.320556
-0.0629564
0.
-0.00194688
0.
0.
0.
-0.135275
0.
0.
0.
-0.0173599
0.
0.
0.
0.00742632
0.
0.
0.
0.101835
0.
0.
0.
-0.0719485
0.
0.
0.
-0.153
0.
0.
0.
-0.187933
0.
0.
0.
0.0554598
0.
0.
0.
0.00664996
0.
0.
0.
-0.00880253
0.
0.
0.
-0.160301
0.
0.
0.
0.0293408
0.
0.
0.
-0.0672324
0.
0.
0.
-0.00613476
0.
0.
0.
0.175437
0.
0.
0.
0.063037
0.
0.
0.
0.0138841
0.
0.
0.
0.00501595
1.
0.
0.
0.0463077
0.39904
-0.00841298
-0.000645883
-0.00369991
0.377842
0.
-0.00315904
-0.00319639
0.272076
0.
-0.00189055
-0.0161707
0.311987
0.
0.0173768
0.0536419
0.378694
0.
0.00416458
-0.0101201
0.274495
0.
0.0125432
-0.0172568
0.321775
0.
-0.0066127
0.0671933
0.316077
0.0175659
0.
0.0682157
0.380071
0.019226
0.
-0.000904087
0.259013
0.0224474
0.
-0.0206282
0.294197
0.000277265
0.
0.0619398
0.383201
0.0139072
0.
-0.00271336
0.266735
0.0156801
0.
-0.0216973
0.246679
0.0196334
-0.0535669
-0.0123471
0.248522
-0.0243754
0.0234366
-0.0276294
0.362128
-0.0263668
-0.0600779
0.0121325
0.424635
-0.129691
-0.14261
0.135151
0.356242
0.122885
-0.145856
0.0932979
0.336319
-0.0117792
0.027817
0.037188
0.357046
0.113723
0.0906826
0.108361
0.270042
-0.0144148
-0.0289297
-0.00839577
0.396465
0.00164467
-0.0425844
0.014284
0.257958
0.0206197
0.0309554
-0.00765363
0.361944
0.00149951
0.0391006
0.0162079
0.312818
-0.106941
0.132467
0.102713
0.391733
-0.0071396
-0.00849995
0.0288267
0.312514
-0.0121907
0.063012
-0.0665173
0.340656
0.0337938
0.136777
0.0975708
