Vec Object: 1 MPI process
  type: seq
0.
0.
0.
-0.121192
0.
0.
0.
0.107789
0.153269
-0.168164
0.
-0.111937
0.167175
-0.177623
0.
-0.0947031
0.19322
0.199681
0.
-0.0698541
0.168115
0.170274
0.
-0.115104
0.383997
0.0135462
0.
0.0165377
0.373846
0.011645
0.
0.00798865
0.388209
-0.0188694
0.
0.00729088
0.391154
-0.0234229
0.
0.0250776
0.
0.
0.
-0.052707
0.
0.
0.
-0.132085
0.2958
-0.0528286
0.
-0.017211
0.323082
0.0843015
0.
-0.0031024
0.301655
-0.0489725
0.
0.00261101
0.325712
0.116579
0.
0.0164608
0.326549
0.0632479
0.
0.0151975
0.324966
-0.103433
0.
0.010093
0.297169
0.0460359
0.
-0.0291788
0.32206
-0.0614182
0.
-0.0100475
0.
0.
0.
-0.109695
0.
0.
0.
-0.0587293
0.
0.
0.
0.0806696
0.
0.
0.
0.049384
0.
0.
0.
-0.111425
0.
0.
0.
-0.109846
0.
0.
0.
-0.0751483
0.
0.
0.
0.174036
0.
0.
0.
0.135026
0.
0.
0.
0.0751056
0.
0.
0.
-0.0863603
0.
0.
0.
0.0511187
0.
0.
0.
0.0256379
0.
0.
0.
-0.0124303
0.
0.
0.
0.315709
0.
0.
0.
0.211558
0.
0.
0.
0.107224
0.
0.
0.
-0.00467726
1.
0.
0.
0.0525481
0.402806
-0.00858838
-0.00124174
0.00214517
0.375493
0.
-0.00164029
-0.00311922
0.278097
0.
8.31424e-05
-0.0305804
0.344841
0.
0.0117248
0.0759172
0.380356
0.
0.00216329
-0.0115565
0.280601
0.
0.00874799
-0.0364546
0.347292
0.
-0.00802099
0.10119
0.354311
0.0111379
0.
0.109141
0.378707
0.0207531
0.
-0.000909006
0.265933
0.0250419
0.
-0.0360095
0.328352
-0.00328438
0.
0.100635
0.384047
0.0104698
0.
-0.00364704
0.27249
0.0113522
0.
-0.0424891
0.242699
0.0110467
-0.0451761
-0.0312526
0.247931
-0.018957
0.0197328
-0.0575066
0.340894
-0.0325893
-0.0337289
0.0324245
0.427768
-0.0868298
-0.113577
0.187306
0.366159
0.0828915
-0.113744
0.141077
0.3051
0.0225314
0.0254058
0.0684381
0.350387
0.0829138
0.0660863
0.166793
0.246992
-0.00767568
-0.0259346
-0.0112369
0.361554
0.000544048
-0.0243458
0.035078
0.257324
0.0114367
0.0255345
-0.0328529
0.323414
-0.0132992
0.0219185
0.0432916
0.309818
-0.0733567
0.107649
0.147099
0.352555
-0.00107786
-0.0128559
0.0615403
0.272172
-0.0510596
0.0369846
-0.00195929
0.333338
0.0169478
0.110026
0.157407
