Vec Object: 1 MPI process
  type: seq
0.
0.
0.
-0.0792229
0.
0.
0.
0.0191301
0.169487
-0.167905
0.
-0.0496572
0.175683
-0.179879
0.
-0.0524947
0.189728
0.207355
0.
-0.0439568
0.182745
0.163715
0.
-0.0406311
0.389707
0.00841293
0.
-0.000575095
0.376595
0.00739401
0.
0.00960681
0.392447
-0.0218962
0.
0.00933405
0.3992
-0.0161999
0.
0.00337416
0.
0.
0.
-0.0183582
0.
0.
0.
-0.0557186
0.324708
-0.0579417
0.
-0.0118131
0.316571
0.0900059
0.
0.00297861
0.32985
-0.0503407
0.
-0.0150423
0.321191
0.109546
0.
0.0156235
0.356827
0.0756488
0.
-0.00496481
0.321677
-0.101698
0.
0.0122883
0.323617
0.0359794
0.
-0.0100949
0.320422
-0.0619452
0.
-0.00321371
0.
0.
0.
-0.106334
0.
0.
0.
0.025251
0.
0.
0.
-0.0128529
0.
0.
0.
0.152969
0.
0.
0.
-0.0396915
0.
0.
0.
-0.137972
0.
0.
0.
-0.232512
0.
0.
0.
-0.0122264
0.
0.
0.
-0.0659483
0.
0.
0.
-0.0382244
0.
0.
0.
-0.144174
0.
0.
0.
0.037681
0.
0.
0.
-0.0952311
0.
0.
0.
0.0131536
0.
0.
0.
0.063605
0.
0.
0.
-0.0362019
0.
0.
0.
-0.0122196
0.
0.
0.
0.0110127
1.
0.
0.
0.0331852
0.390655
-0.00785577
0.000212481
-0.00106817
0.382716
0.
-0.00469385
-0.00566131
0.265342
0.
-0.00448797
-0.00705579
0.27371
0.
0.0244663
0.0346547
0.376213
0.
0.00573454
-0.00971176
0.265582
0.
0.017126
-0.00195368
0.289326
0.
-0.00388972
0.0351079
0.268616
0.0245375
0.
0.0326451
0.384086
0.0171794
0.
-0.00329423
0.252176
0.0165822
0.
-0.0108953
0.25013
0.00818318
0.
0.0326912
0.382259
0.0167024
0.
-0.00365043
0.260577
0.0185526
0.
-0.00686022
0.252353
0.0267716
-0.053844
-0.000218843
0.248898
-0.0237355
0.0215043
-0.00412766
0.372078
-0.0208411
-0.0956734
-0.00339794
0.435468
-0.171959
-0.174085
0.0877742
0.363637
0.162748
-0.181205
0.053552
0.332637
-0.0583272
0.0226668
0.0138541
0.370477
0.135828
0.121471
0.0626428
0.29816
-0.0159629
-0.0311671
-0.00756557
0.412265
0.00215078
-0.0588387
-0.000625818
0.253708
0.018316
0.0333518
0.0150643
0.405485
0.0228937
0.0673987
-0.000644823
0.331709
-0.140026
0.155272
0.0686453
0.426401
-0.0112898
-0.000163481
0.00698879
0.311051
0.0579674
0.0889193
-0.080245
0.359732
0.0490306
0.155475
0.0548621
