Vec Object: 1 MPI process
  type: seq
0.
0.
0.
-0.106893
0.
0.
0.
0.031798
0.163382
-0.16718
0.
-0.0728695
0.172576
-0.178133
0.
-0.0682867
0.189635
0.204279
0.
-0.0570273
0.177475
0.165784
0.
-0.069676
0.387802
0.00947586
0.
0.00328941
0.375296
0.0091851
0.
0.00638068
0.390048
-0.0203573
0.
0.00763187
0.396341
-0.0182962
0.
0.00932482
0.
0.
0.
-0.0310245
0.
0.
0.
-0.07876
0.312292
-0.0564939
0.
-0.0164217
0.319852
0.0884335
0.
0.00373458
0.317221
-0.0512122
0.
-0.0100235
0.323025
0.114434
0.
0.0200829
0.34342
0.0716051
0.
0.000547246
0.322903
-0.104154
0.
0.0155778
0.313053
0.0406375
0.
-0.0190288
0.320318
-0.0629177
0.
-0.00178164
0.
0.
0.
-0.133044
0.
0.
0.
-0.00712344
0.
0.
0.
-0.0014971
0.
0.
0.
0.114996
0.
0.
0.
-0.063066
0.
0.
0.
-0.154264
0.
0.
0.
-0.203446
0.
0.
0.
0.0363479
0.
0.
0.
-0.014065
0.
0.
0.
-0.0199338
0.
0.
0.
-0.164652
0.
0.
0.
0.0290098
0.
0.
0.
-0.0791029
0.
0.
0.
-0.00270024
0.
0.
0.
0.148852
0.
0.
0.
0.0371438
0.
0.
0.
0.00237954
0.
0.
0.
0.0072127
1.
0.
0.
0.044211
0.39775
-0.0083545
-0.00050333
-0.00347058
0.378693
0.
-0.00349543
-0.00367665
0.270659
0.
-0.00238115
-0.0140193
0.304591
0.
0.0187428
0.0494233
0.3784
0.
0.00456113
-0.010088
0.272878
0.
0.0134379
-0.013854
0.315673
0.
-0.00619787
0.0602156
0.307092
0.0190312
0.
0.0600297
0.380733
0.0187953
0.
-0.00137174
0.257448
0.0215574
0.
-0.0182768
0.286069
0.00149885
0.
0.0549229
0.383169
0.0145935
0.
-0.00286496
0.265427
0.0165211
0.
-0.0181955
0.247685
0.0212883
-0.0545352
-0.00890287
0.248626
-0.0250288
0.0236536
-0.0219832
0.365463
-0.0250081
-0.0669141
0.0085255
0.425538
-0.138918
-0.148943
0.1246
0.355783
0.131501
-0.153076
0.083974
0.339457
-0.0212215
0.0274226
0.0316437
0.359232
0.119359
0.0967868
0.0974843
0.275468
-0.015223
-0.0294445
-0.00774759
0.401833
0.00180653
-0.0466088
0.0107858
0.257595
0.0214525
0.0317372
-0.00232886
0.370546
0.00545538
0.0440186
0.0119037
0.315075
-0.11408
0.137476
0.094606
0.399748
-0.0083342
-0.00695913
0.0232201
0.316538
0.000607679
0.0691055
-0.0736603
0.343346
0.0373268
0.141681
0.0869689
