Vec Object: 1 MPI process
  type: seq
0.
0.
0.
-0.0787708
0.
0.
0.
0.279686
0.14866
-0.160927
0.
-0.0864118
0.164963
-0.170813
0.
-0.0644603
0.213526
0.180808
0.
0.0147186
0.164554
0.167989
0.
-0.0960891
0.362412
0.0354066
0.
0.134236
0.358428
0.0299881
0.
0.101412
0.36841
-0.0343387
0.
0.122926
0.368817
-0.0452793
0.
0.140701
0.
0.
0.
-0.108777
0.
0.
0.
-0.240947
0.272702
-0.0566426
0.
-0.0883372
0.327476
0.063138
0.
-0.0913814
0.280506
-0.0572184
0.
-0.0646227
0.330632
0.095235
0.
-0.0794752
0.304149
0.0635345
0.
-0.0413809
0.328993
-0.0791663
0.
-0.0865275
0.272107
0.0588816
0.
-0.0911764
0.324474
-0.0456335
0.
-0.108006
0.
0.
0.
0.0309901
0.
0.
0.
-0.122419
0.
0.
0.
0.274358
0.
0.
0.
-0.00297133
0.
0.
0.
-0.1843
0.
0.
0.
0.0623837
0.
0.
0.
0.221827
0.
0.
0.
0.44661
0.
0.
0.
0.423703
0.
0.
0.
0.284788
0.
0.
0.
0.179193
0.
0.
0.
0.121127
0.
0.
0.
0.263785
0.
0.
0.
-0.0253784
0.
0.
0.
0.606704
0.
0.
0.
0.533267
0.
0.
0.
0.369136
0.
0.
0.
-0.0608246
1.
0.
0.
0.149637
0.395951
-0.00754171
-0.00145204
0.131597
0.383839
0.
0.000732849
-0.0173801
0.285807
0.
0.00226077
-0.152286
0.38961
0.
0.00436471
0.136348
0.396314
0.
-0.000514389
-0.0116209
0.286609
0.
0.00413337
-0.160269
0.37508
0.
-0.00797332
0.183285
0.402481
0.00229157
0.
0.195853
0.390517
0.0192073
0.
-0.0149017
0.275447
0.0226215
0.
-0.156146
0.369455
-0.00207956
0.
0.208664
0.402325
0.00576296
0.
-0.00272455
0.279891
0.00607322
0.
-0.169466
0.23421
-0.00237151
-0.0240132
-0.142553
0.243796
-0.0074839
0.00884546
-0.195714
0.288903
-0.0317852
-0.00834939
0.0208552
0.448383
-0.0173316
-0.0632729
0.316652
0.39357
0.0177619
-0.062801
0.245456
0.217612
0.0385576
0.0114971
0.100422
0.343167
0.0224866
0.0374857
0.298865
0.210836
0.00383357
-0.0182802
-0.0742682
0.277931
-0.00106181
-0.00368695
0.0476082
0.248482
-0.00703535
0.0126412
-0.156973
0.258352
-0.0240883
0.00951536
0.0590064
0.317376
-0.0159267
0.0613678
0.245444
0.283172
0.00737516
-0.00835958
0.0926494
0.155314
-0.0492476
0.00975201
0.17081
0.326957
-0.00995772
0.0575843
0.298006
