Vec Object: 1 MPI process
  type: seq
0.
0.
0.
-0.112693
0.
0.
0.
0.0396004
0.161831
-0.167229
0.
-0.0789888
0.171856
-0.177897
0.
-0.0722124
0.189982
0.203563
0.
-0.0597698
0.176026
0.166465
0.
-0.0771289
0.387323
0.00993346
0.
0.00459995
0.375156
0.00947433
0.
0.00572162
0.389744
-0.0200006
0.
0.0069486
0.395626
-0.0189671
0.
0.0111426
0.
0.
0.
-0.0350003
0.
0.
0.
-0.0869702
0.309484
-0.0561011
0.
-0.0172368
0.320473
0.0880011
0.
0.00358193
0.314494
-0.0511009
0.
-0.00828347
0.323481
0.115289
0.
0.0207085
0.340471
0.0703818
0.
0.0026043
0.323239
-0.104484
0.
0.0158844
0.310486
0.0417302
0.
-0.0212479
0.320536
-0.0629571
0.
-0.00192195
0.
0.
0.
-0.135198
0.
0.
0.
-0.0166012
0.
0.
0.
0.00667776
0.
0.
0.
0.102812
0.
0.
0.
-0.0712776
0.
0.
0.
-0.153188
0.
0.
0.
-0.189195
0.
0.
0.
0.0539574
0.
0.
0.
0.00502068
0.
0.
0.
-0.00971767
0.
0.
0.
-0.16077
0.
0.
0.
0.0292667
0.
0.
0.
-0.0682191
0.
0.
0.
-0.00590002
0.
0.
0.
0.173415
0.
0.
0.
0.0610334
0.
0.
0.
0.0129199
0.
0.
0.
0.00518482
1.
0.
0.
0.0461635
0.39895
-0.00840908
-0.000635573
-0.0036934
0.377901
0.
-0.00318402
-0.00322877
0.271972
0.
-0.00192615
-0.0160046
0.311445
0.
0.0174762
0.053323
0.378673
0.
0.00419476
-0.010116
0.274378
0.
0.0126087
-0.017
0.321331
0.
-0.00658351
0.0666721
0.315422
0.0176738
0.
0.0675983
0.380117
0.0191947
0.
-0.000935565
0.258897
0.0223857
0.
-0.0204469
0.293607
0.0003617
0.
0.0614037
0.383199
0.0139593
0.
-0.00272148
0.266638
0.0157448
0.
-0.0214295
0.246751
0.0197592
-0.0536517
-0.0120805
0.24853
-0.024433
0.0234616
-0.0272012
0.362394
-0.0262644
-0.0605716
0.0118568
0.424681
-0.130377
-0.143078
0.134359
0.356182
0.123526
-0.146388
0.0925918
0.336607
-0.0124597
0.0278002
0.0367636
0.357198
0.114156
0.0911262
0.107532
0.270437
-0.0144837
-0.0289694
-0.00834396
0.396895
0.00165772
-0.0428863
0.0140148
0.257938
0.0206993
0.0310188
-0.00725491
0.362577
0.00178334
0.0394493
0.0158716
0.312962
-0.107473
0.132843
0.102094
0.392336
-0.00723125
-0.00839191
0.0283919
0.312881
-0.0112922
0.0634637
-0.0671303
0.340839
0.0340586
0.137154
0.0967556
