Vec Object: 1 MPI process
  type: seq
0.
0.
0.
-0.0765791
0.
0.
0.
0.0195154
0.17023
-0.168144
0.
-0.0471069
0.176171
-0.180204
0.
-0.0504589
0.189977
0.207758
0.
-0.0421899
0.183272
0.16362
0.
-0.0375256
0.389946
0.00840827
0.
-0.000908177
0.376932
0.00702144
0.
0.00984201
0.392935
-0.0220975
0.
0.00927352
0.399556
-0.0160412
0.
0.0027909
0.
0.
0.
-0.0176519
0.
0.
0.
-0.0546516
0.32637
-0.0581621
0.
-0.0112987
0.31605
0.0902299
0.
0.0028525
0.33161
-0.0500504
0.
-0.0153205
0.320999
0.108805
0.
0.0150013
0.35865
0.0760036
0.
-0.00522664
0.321563
-0.101295
0.
0.0117738
0.324932
0.0354422
0.
-0.00923375
0.32063
-0.0617395
0.
-0.00348011
0.
0.
0.
-0.102099
0.
0.
0.
0.027557
0.
0.
0.
-0.0120326
0.
0.
0.
0.154428
0.
0.
0.
-0.0389503
0.
0.
0.
-0.134524
0.
0.
0.
-0.232868
0.
0.
0.
-0.0153506
0.
0.
0.
-0.0690772
0.
0.
0.
-0.037971
0.
0.
0.
-0.138369
0.
0.
0.
0.0391865
0.
0.
0.
-0.0941545
0.
0.
0.
0.0150286
0.
0.
0.
0.0554445
0.
0.
0.
-0.041923
0.
0.
0.
-0.0111922
0.
0.
0.
0.0106483
1.
0.
0.
0.0315339
0.389473
-0.00773648
0.000337611
-0.000741647
0.383269
0.
-0.00481992
-0.00582869
0.26475
0.
-0.00478197
-0.00633121
0.269505
0.
0.0252072
0.0329675
0.375717
0.
0.00582005
-0.00953343
0.264551
0.
0.0176184
-0.000699968
0.285683
0.
-0.00346145
0.0323655
0.263329
0.0251357
0.
0.0299093
0.384573
0.0170075
0.
-0.00345299
0.251728
0.0157101
0.
-0.0102057
0.24495
0.00928545
0.
0.0305343
0.381965
0.0168738
0.
-0.00367701
0.26002
0.0185838
0.
-0.00574442
0.252953
0.0273928
-0.0531946
0.000230411
0.248821
-0.02295
0.0208521
-0.00255332
0.372029
-0.0205124
-0.0992775
-0.00462874
0.437461
-0.175447
-0.177299
0.0838156
0.366038
0.166144
-0.184584
0.0505991
0.329336
-0.0621007
0.0218211
0.0121444
0.37218
0.137169
0.124352
0.0592751
0.301099
-0.015884
-0.0313908
-0.00784562
0.41228
0.00216389
-0.0596504
-0.0018259
0.252818
0.0170316
0.0334537
0.0165971
0.41007
0.0251829
0.0707486
-0.00177498
0.334871
-0.142897
0.157251
0.0660538
0.428938
-0.011348
0.000614445
0.00559115
0.308033
0.064657
0.09035
-0.0791935
0.362672
0.050044
0.156418
0.051943
