Vec Object: 1 MPI process
  type: seq
0.
0.
0.
-0.107433
0.
0.
0.
0.0323988
0.16325
-0.167182
0.
-0.0733927
0.172515
-0.17811
0.
-0.0686219
0.189661
0.204217
0.
-0.0572719
0.177351
0.165841
0.
-0.0703192
0.387761
0.0095128
0.
0.00339551
0.375284
0.00921049
0.
0.00631661
0.390019
-0.0203259
0.
0.0075726
0.39628
-0.0183521
0.
0.00947525
0.
0.
0.
-0.0313656
0.
0.
0.
-0.0794463
0.312047
-0.056462
0.
-0.0165012
0.319908
0.088398
0.
0.00372986
0.316981
-0.0512069
0.
-0.00987946
0.323065
0.114514
0.
0.0201481
0.34316
0.0715022
0.
0.00071617
0.322932
-0.104187
0.
0.0156155
0.312831
0.040734
0.
-0.0192252
0.320334
-0.0629245
0.
-0.00178235
0.
0.
0.
-0.133315
0.
0.
0.
-0.00794076
0.
0.
0.
-0.000874752
0.
0.
0.
0.113949
0.
0.
0.
-0.0637609
0.
0.
0.
-0.154262
0.
0.
0.
-0.202323
0.
0.
0.
0.0377883
0.
0.
0.
-0.012505
0.
0.
0.
-0.0191378
0.
0.
0.
-0.16446
0.
0.
0.
0.0289847
0.
0.
0.
-0.0782661
0.
0.
0.
-0.00299557
0.
0.
0.
0.150929
0.
0.
0.
0.0391292
0.
0.
0.
0.0031824
0.
0.
0.
0.00704492
1.
0.
0.
0.0443914
0.39786
-0.00835973
-0.000515091
-0.00349921
0.378621
0.
-0.00346854
-0.00363515
0.270773
0.
-0.00234096
-0.0141854
0.305192
0.
0.0186311
0.0497555
0.378425
0.
0.00453023
-0.0100891
0.273011
0.
0.0133652
-0.0141226
0.316172
0.
-0.00623295
0.0607713
0.307825
0.0189129
0.
0.0606747
0.380676
0.0188304
0.
-0.0013313
0.257573
0.0216336
0.
-0.0184584
0.286735
0.00139406
0.
0.0554686
0.383173
0.0145398
0.
-0.00284982
0.265532
0.0164564
0.
-0.018468
0.247601
0.0211589
-0.0544721
-0.00916599
0.248618
-0.0249869
0.0236462
-0.0224254
0.365216
-0.025115
-0.0663519
0.00880637
0.425442
-0.138181
-0.148433
0.125436
0.355791
0.130813
-0.152493
0.0847054
0.339268
-0.0204448
0.0274677
0.0320746
0.359046
0.118924
0.0962877
0.0983329
0.275025
-0.015168
-0.0294047
-0.00779442
0.401438
0.00179467
-0.0462909
0.0110566
0.257632
0.0214057
0.0316803
-0.00275072
0.36985
0.00512783
0.0436066
0.0122312
0.314868
-0.11351
0.137079
0.0952369
0.399115
-0.0082421
-0.00708906
0.0236493
0.316291
-0.00047158
0.0686183
-0.0731763
0.343111
0.037047
0.141303
0.0877878
