Vec Object: 1 MPI process
  type: seq
0.
0.
0.
-0.0789134
0.
0.
0.
0.0191554
0.169568
-0.167929
0.
-0.0493726
0.175734
-0.179913
0.
-0.052273
0.189752
0.207399
0.
-0.0437638
0.182804
0.163702
0.
-0.0402817
0.389733
0.00841063
0.
-0.000613274
0.37663
0.00735544
0.
0.00963616
0.392498
-0.021918
0.
0.00933122
0.399239
-0.0161811
0.
0.00330849
0.
0.
0.
-0.0182685
0.
0.
0.
-0.0555798
0.324889
-0.057965
0.
-0.0117545
0.316516
0.0900297
0.
0.00296419
0.330041
-0.0503111
0.
-0.0150775
0.321169
0.109466
0.
0.0155551
0.357025
0.0756895
0.
-0.00499866
0.321664
-0.101655
0.
0.0122322
0.323761
0.0359196
0.
-0.00999599
0.320442
-0.0619236
0.
-0.00324288
0.
0.
0.
-0.105868
0.
0.
0.
0.0255293
0.
0.
0.
-0.0127819
0.
0.
0.
0.153179
0.
0.
0.
-0.0395804
0.
0.
0.
-0.137599
0.
0.
0.
-0.232584
0.
0.
0.
-0.0126006
0.
0.
0.
-0.066328
0.
0.
0.
-0.0382199
0.
0.
0.
-0.14356
0.
0.
0.
0.0378488
0.
0.
0.
-0.0951416
0.
0.
0.
0.0133635
0.
0.
0.
0.0626779
0.
0.
0.
-0.0368699
0.
0.
0.
-0.0121301
0.
0.
0.
0.010983
1.
0.
0.
0.0330061
0.39053
-0.00784355
0.000225651
-0.00103168
0.382776
0.
-0.00470803
-0.00568129
0.265276
0.
-0.00451974
-0.00697438
0.273253
0.
0.0245476
0.034468
0.376162
0.
0.00574476
-0.00969448
0.26547
0.
0.0171796
-0.00181212
0.28893
0.
-0.00384498
0.0348007
0.268042
0.0246049
0.
0.0323357
0.384139
0.01716
0.
-0.00331328
0.252123
0.0164902
0.
-0.0108164
0.249571
0.00830073
0.
0.0324473
0.38223
0.0167225
0.
-0.00365491
0.260516
0.0185592
0.
-0.00673365
0.25242
0.0268395
-0.0537788
-0.000162671
0.248892
-0.0236577
0.021437
-0.00394602
0.372083
-0.0208026
-0.0960714
-0.00353671
0.435679
-0.172352
-0.174437
0.0873311
0.363883
0.163129
-0.181579
0.0532171
0.332301
-0.0587606
0.022575
0.0136591
0.370661
0.135983
0.121793
0.0622611
0.298483
-0.0159544
-0.031191
-0.00759402
0.412281
0.00215255
-0.0589383
-0.000760556
0.253616
0.0181859
0.0333631
0.0152415
0.405985
0.0231455
0.0677628
-0.000774077
0.332043
-0.140347
0.155493
0.0683535
0.426691
-0.0113007
-7.55573e-05
0.00682853
0.310742
0.0587228
0.0890933
-0.0801442
0.360043
0.0491494
0.155588
0.0545295
