Vec Object: 1 MPI process
  type: seq
0.
0.
0.
-0.081309
0.
0.
0.
0.0190752
0.168964
-0.167761
0.
-0.0515091
0.175361
-0.179667
0.
-0.053908
0.189591
0.207075
0.
-0.0451881
0.182353
0.163813
0.
-0.042919
0.389538
0.00843759
0.
-0.000320851
0.376391
0.00762861
0.
0.00939963
0.392133
-0.0217574
0.
0.00933058
0.39895
-0.0163281
0.
0.00380514
0.
0.
0.
-0.0190029
0.
0.
0.
-0.0567374
0.323558
-0.0577969
0.
-0.0122005
0.31692
0.0898576
0.
0.00307343
0.328641
-0.0505178
0.
-0.01479
0.321334
0.110049
0.
0.016062
0.355567
0.075377
0.
-0.00471794
0.321765
-0.10197
0.
0.0126447
0.322694
0.0363675
0.
-0.0107532
0.320309
-0.0620785
0.
-0.00302788
0.
0.
0.
-0.109318
0.
0.
0.
0.0233241
0.
0.
0.
-0.013188
0.
0.
0.
0.151337
0.
0.
0.
-0.0405741
0.
0.
0.
-0.14032
0.
0.
0.
-0.231855
0.
0.
0.
-0.00963977
0.
0.
0.
-0.063297
0.
0.
0.
-0.0381085
0.
0.
0.
-0.147958
0.
0.
0.
0.0365992
0.
0.
0.
-0.0956284
0.
0.
0.
0.011786
0.
0.
0.
0.069731
0.
0.
0.
-0.0316836
0.
0.
0.
-0.0126442
0.
0.
0.
0.0111416
1.
0.
0.
0.0343191
0.391442
-0.00792936
0.000131065
-0.00130506
0.38233
0.
-0.00460098
-0.00552459
0.265774
0.
-0.00428676
-0.00758837
0.276615
0.
0.0239448
0.0358621
0.376522
0.
0.00566429
-0.00981028
0.266292
0.
0.0167852
-0.00288269
0.291838
0.
-0.00416462
0.0371127
0.272269
0.0240962
0.
0.0346813
0.383752
0.017306
0.
-0.00316343
0.252533
0.0171522
0.
-0.0114197
0.253664
0.00744845
0.
0.0342974
0.382433
0.0165667
0.
-0.00361346
0.260978
0.018493
0.
-0.00769484
0.25192
0.0263349
-0.054226
-0.000620643
0.248921
-0.0241867
0.0219102
-0.00534277
0.371979
-0.0211021
-0.0931088
-0.00248783
0.434165
-0.16938
-0.17183
0.0906655
0.362167
0.160259
-0.17879
0.0557623
0.334626
-0.0554491
0.0232462
0.0151454
0.369315
0.13478
0.119373
0.0651604
0.296092
-0.0160132
-0.0310162
-0.00739928
0.41208
0.00213753
-0.058141
0.000254739
0.254265
0.0190878
0.0332768
0.0138767
0.402288
0.0212784
0.0650868
0.000213633
0.329646
-0.137934
0.153837
0.0705594
0.42448
-0.011195
-0.000739787
0.00805733
0.312901
0.0530225
0.0877104
-0.080798
0.357806
0.0482287
0.154689
0.0570676
