Vec Object: 1 MPI process
  type: seq
0.
0.
0.
-0.102531
0.
0.
0.
0.0276343
0.164399
-0.167186
0.
-0.0688708
0.173042
-0.178327
0.
-0.0657202
0.189468
0.204762
0.
-0.0550932
0.178417
0.165352
0.
-0.0647262
0.388112
0.00920784
0.
0.00251113
0.375403
0.00898253
0.
0.00690842
0.390292
-0.0206015
0.
0.00807847
0.396809
-0.0178785
0.
0.00820288
0.
0.
0.
-0.0284337
0.
0.
0.
-0.0736533
0.314205
-0.0567302
0.
-0.0157592
0.319408
0.0886974
0.
0.00372581
0.319105
-0.0512241
0.
-0.0110927
0.322717
0.113782
0.
0.0195189
0.345448
0.0723787
0.
-0.000694848
0.322683
-0.103866
0.
0.0152253
0.314766
0.0398831
0.
-0.0174963
0.320205
-0.062845
0.
-0.0018384
0.
0.
0.
-0.130441
0.
0.
0.
-0.000879109
0.
0.
0.
-0.00575776
0.
0.
0.
0.122964
0.
0.
0.
-0.0578525
0.
0.
0.
-0.153715
0.
0.
0.
-0.211414
0.
0.
0.
0.0257726
0.
0.
0.
-0.0255064
0.
0.
0.
-0.0255106
0.
0.
0.
-0.165218
0.
0.
0.
0.0294867
0.
0.
0.
-0.0848825
0.
0.
0.
-0.00032025
0.
0.
0.
0.133147
0.
0.
0.
0.0223599
0.
0.
0.
-0.00311617
0.
0.
0.
0.00843618
1.
0.
0.
0.0427452
0.396851
-0.00830987
-0.000409901
-0.00320027
0.379269
0.
-0.00370228
-0.00400926
0.269774
0.
-0.00269668
-0.0127684
0.299903
0.
0.0196182
0.0468911
0.378188
0.
0.00479367
-0.0100827
0.271819
0.
0.0140055
-0.0118011
0.311749
0.
-0.00591446
0.0559468
0.301334
0.0199475
0.
0.0551208
0.381194
0.0185228
0.
-0.00169574
0.25649
0.0209377
0.
-0.0169096
0.280827
0.00235114
0.
0.0508072
0.383132
0.0149989
0.
-0.00299485
0.264619
0.0170004
0.
-0.0161359
0.248356
0.022267
-0.0549294
-0.00695919
0.248696
-0.0252816
0.0236476
-0.0186357
0.367245
-0.0241989
-0.0713353
0.00639983
0.426425
-0.144584
-0.152906
0.118212
0.355919
0.136802
-0.157601
0.0784263
0.340526
-0.0273143
0.0269928
0.0283901
0.360739
0.122613
0.100695
0.0910707
0.278939
-0.0155896
-0.0297434
-0.00742844
0.404671
0.00189157
-0.049021
0.00874468
0.257263
0.0216847
0.0321418
0.000886876
0.375965
0.00804689
0.0473093
0.00947004
0.316845
-0.118464
0.140514
0.0898448
0.404569
-0.00901874
-0.00592226
0.0200231
0.317979
0.00923354
0.0728398
-0.0768858
0.345281
0.039463
0.144505
0.0808289
