Vec Object: 1 MPI process
  type: seq
0.
0.
0.
-0.073791
0.
0.
0.
0.0204898
0.171212
-0.168525
0.
-0.0439221
0.176875
-0.180683
0.
-0.047736
0.190409
0.208296
0.
-0.039851
0.183911
0.163583
0.
-0.0337493
0.390258
0.00846209
0.
-0.00129262
0.377462
0.0064555
0.
0.0100285
0.393654
-0.0223726
0.
0.00907149
0.400021
-0.0158777
0.
0.0020778
0.
0.
0.
-0.0171106
0.
0.
0.
-0.0539094
0.328609
-0.0584809
0.
-0.0107023
0.315312
0.0905543
0.
0.00271301
0.333997
-0.0495987
0.
-0.0155349
0.320777
0.107784
0.
0.014192
0.361106
0.076414
0.
-0.0054115
0.321432
-0.100738
0.
0.0110912
0.326673
0.0347649
0.
-0.00825258
0.320997
-0.0614394
0.
-0.00382574
0.
0.
0.
-0.0966934
0.
0.
0.
0.0297716
0.
0.
0.
-0.0104414
0.
0.
0.
0.154677
0.
0.
0.
-0.038918
0.
0.
0.
-0.129936
0.
0.
0.
-0.232354
0.
0.
0.
-0.0184965
0.
0.
0.
-0.0720699
0.
0.
0.
-0.0369767
0.
0.
0.
-0.130196
0.
0.
0.
0.0410078
0.
0.
0.
-0.0919327
0.
0.
0.
0.0173361
0.
0.
0.
0.0457689
0.
0.
0.
-0.0481634
0.
0.
0.
-0.00922469
0.
0.
0.
0.00985936
1.
0.
0.
0.0293152
0.387804
-0.00755093
0.000520548
-0.000340382
0.384
0.
-0.00497407
-0.00599257
0.264018
0.
-0.00518507
-0.00544523
0.26385
0.
0.0261733
0.0308065
0.37495
0.
0.005905
-0.00922199
0.263163
0.
0.0182815
0.000801583
0.280772
0.
-0.00282148
0.0289861
0.256225
0.0258588
0.
0.0266203
0.385229
0.0167974
0.
-0.00360473
0.251264
0.0144407
0.
-0.00941076
0.237854
0.010841
0.
0.0279317
0.381488
0.0170581
0.
-0.00365711
0.259314
0.0185223
0.
-0.00442026
0.253687
0.0282291
-0.0521659
0.000618494
0.248618
-0.021647
0.0198652
-0.000776682
0.371614
-0.0201573
-0.103891
-0.00611281
0.440316
-0.179657
-0.181518
0.0789133
0.369759
0.170308
-0.18889
0.047077
0.324209
-0.0663524
0.0207016
0.0101596
0.374496
0.138665
0.12789
0.055245
0.304921
-0.0158004
-0.0317084
-0.00825968
0.411873
0.00217007
-0.0603691
-0.003291
0.251458
0.0150108
0.0335969
0.0183137
0.416152
0.0281408
0.075231
-0.00308314
0.339438
-0.14645
0.159718
0.0628867
0.431884
-0.0112749
0.00153517
0.0039707
0.303477
0.0725839
0.0916572
-0.0774307
0.366909
0.0511055
0.157331
0.0484955
