Vec Object: 1 MPI process
  type: seq
0.
0.
0.
-0.0723799
0.
0.
0.
0.303086
0.152627
-0.156322
0.
-0.0377902
0.168878
-0.166279
0.
-0.0160823
0.22012
0.174684
0.
0.0705021
0.168736
0.163738
0.
-0.0469367
0.357189
0.0405223
0.
0.15285
0.354513
0.0344992
0.
0.11509
0.362789
-0.0393354
0.
0.145672
0.36366
-0.050273
0.
0.158595
0.
0.
0.
-0.123453
0.
0.
0.
-0.262533
0.269709
-0.0614042
0.
-0.118626
0.328224
0.0581312
0.
-0.125995
0.277761
-0.0632687
0.
-0.0973639
0.331577
0.0890266
0.
-0.116911
0.301298
0.0676835
0.
-0.067975
0.329782
-0.0727216
0.
-0.123396
0.268695
0.0638475
0.
-0.114414
0.324737
-0.0417111
0.
-0.144343
0.
0.
0.
0.0523487
0.
0.
0.
-0.133882
0.
0.
0.
0.301141
0.
0.
0.
-0.00772338
0.
0.
0.
-0.197666
0.
0.
0.
0.0881211
0.
0.
0.
0.265297
0.
0.
0.
0.487178
0.
0.
0.
0.464077
0.
0.
0.
0.312989
0.
0.
0.
0.218872
0.
0.
0.
0.128323
0.
0.
0.
0.295552
0.
0.
0.
-0.0315793
0.
0.
0.
0.656413
0.
0.
0.
0.581588
0.
0.
0.
0.411042
0.
0.
0.
-0.077803
1.
0.
0.
0.210972
0.393295
-0.00708468
-0.00130401
0.155328
0.3866
0.
0.00101347
-0.0329232
0.286729
0.
0.00239218
-0.19495
0.390798
0.
0.00367008
0.162178
0.400543
0.
-0.000636941
-0.0221562
0.287181
0.
0.00379421
-0.201579
0.374319
0.
-0.00774171
0.212607
0.403654
0.00169128
0.
0.224601
0.393995
0.0184322
0.
-0.0301872
0.276531
0.0215144
0.
-0.197242
0.369927
-0.00127091
0.
0.242129
0.407389
0.0055488
0.
-0.0131638
0.280669
0.00600081
0.
-0.211176
0.232878
-0.00305929
-0.0215928
-0.177463
0.242946
-0.00634943
0.00760556
-0.236304
0.281584
-0.0290008
-0.00674026
0.00819544
0.449953
-0.0100769
-0.0575487
0.358279
0.39524
0.0111209
-0.0573073
0.276334
0.205941
0.0367244
0.0096194
0.0993595
0.340729
0.0159298
0.0351548
0.330081
0.206695
0.00325657
-0.0172066
-0.0973213
0.266899
-0.000922152
-0.00236849
0.0432697
0.246961
-0.00703354
0.0111128
-0.19566
0.250597
-0.0236584
0.00907834
0.051078
0.317124
-0.00955022
0.0560643
0.270195
0.274858
0.00805553
-0.00701333
0.0920876
0.139856
-0.0453266
0.00811812
0.191893
0.324647
-0.0125314
0.0516588
0.329352
