Vec Object: 1 MPI process
  type: seq
0.
0.
0.
-0.0835534
0.
0.
0.
0.0192163
0.16844
-0.167636
0.
-0.0534074
0.175055
-0.179469
0.
-0.0553096
0.189483
0.206797
0.
-0.0464094
0.181944
0.163933
0.
-0.045285
0.389371
0.00847853
0.
-5.02528e-05
0.37621
0.00784284
0.
0.00916258
0.391843
-0.0216201
0.
0.00929101
0.3987
-0.0164693
0.
0.00425375
0.
0.
0.
-0.019765
0.
0.
0.
-0.057979
0.322421
-0.0576594
0.
-0.0126053
0.317254
0.0897149
0.
0.00317068
0.327452
-0.0506734
0.
-0.0144932
0.321484
0.110539
0.
0.0165
0.354323
0.0750869
0.
-0.00441982
0.321857
-0.102233
0.
0.0129954
0.321771
0.0367637
0.
-0.0114513
0.320223
-0.0622027
0.
-0.00284539
0.
0.
0.
-0.112271
0.
0.
0.
0.0211579
0.
0.
0.
-0.0133016
0.
0.
0.
0.149245
0.
0.
0.
-0.0417433
0.
0.
0.
-0.142573
0.
0.
0.
-0.230851
0.
0.
0.
-0.00672338
0.
0.
0.
-0.0602668
0.
0.
0.
-0.0377311
0.
0.
0.
-0.151453
0.
0.
0.
0.035522
0.
0.
0.
-0.0957064
0.
0.
0.
0.0103853
0.
0.
0.
0.0761683
0.
0.
0.
-0.0267586
0.
0.
0.
-0.0127917
0.
0.
0.
0.0111658
1.
0.
0.
0.035428
0.392194
-0.00799528
5.44716e-05
-0.00154562
0.381948
0.
-0.00450476
-0.00537416
0.266217
0.
-0.00408927
-0.0081389
0.279482
0.
0.023424
0.0370879
0.376801
0.
0.00558612
-0.00988919
0.26699
0.
0.0164478
-0.00384594
0.294313
0.
-0.00442066
0.0391752
0.275871
0.0236401
0.
0.0368069
0.383423
0.0174372
0.
-0.00301889
0.25292
0.0176904
0.
-0.0119743
0.257117
0.00674489
0.
0.0359778
0.382583
0.016419
0.
-0.0035637
0.261386
0.0184041
0.
-0.00856811
0.251482
0.0258942
-0.0545446
-0.00109616
0.248926
-0.0245593
0.0222726
-0.00664326
0.371775
-0.0213876
-0.090527
-0.00154413
0.432943
-0.166706
-0.169579
0.0936424
0.360869
0.157695
-0.176346
0.0580805
0.336337
-0.0524165
0.023807
0.0165037
0.368183
0.133648
0.11723
0.0677997
0.294025
-0.0160521
-0.0308685
-0.00726416
0.411749
0.00212106
-0.0573455
0.00116298
0.254771
0.0197538
0.0331951
0.0126028
0.399112
0.0196645
0.0628143
0.00112267
0.32771
-0.135787
0.152369
0.0725504
0.422451
-0.011059
-0.00133447
0.00919786
0.314507
0.0479331
0.0863499
-0.0811756
0.355987
0.0473623
0.153806
0.059401
