Vec Object: 1 MPI process
  type: seq
0.
0.
0.
-0.0816205
0.
0.
0.
0.263638
0.146824
-0.163553
0.
-0.107877
0.163151
-0.173314
0.
-0.0857262
0.209271
0.184753
0.
-0.0133101
0.162591
0.170196
0.
-0.117565
0.366499
0.0313547
0.
0.112286
0.361515
0.0264144
0.
0.0833217
0.372696
-0.0305355
0.
0.0984027
0.372869
-0.0413098
0.
0.119301
0.
0.
0.
-0.0961282
0.
0.
0.
-0.22295
0.275134
-0.053675
0.
-0.066532
0.326894
0.0667395
0.
-0.071638
0.282737
-0.0533401
0.
-0.04146
0.329909
0.0995733
0.
-0.0578395
0.306472
0.0609796
0.
-0.022115
0.328391
-0.0837306
0.
-0.0651802
0.27487
0.0555411
0.
-0.0737952
0.324265
-0.0484376
0.
-0.0868965
0.
0.
0.
0.016368
0.
0.
0.
-0.111569
0.
0.
0.
0.255614
0.
0.
0.
0.00368525
0.
0.
0.
-0.172111
0.
0.
0.
0.044305
0.
0.
0.
0.190035
0.
0.
0.
0.417976
0.
0.
0.
0.394426
0.
0.
0.
0.26467
0.
0.
0.
0.149969
0.
0.
0.
0.117354
0.
0.
0.
0.240538
0.
0.
0.
-0.018779
0.
0.
0.
0.573333
0.
0.
0.
0.498886
0.
0.
0.
0.339982
0.
0.
0.
-0.0467425
1.
0.
0.
0.118727
0.397972
-0.00784983
-0.0015402
0.105969
0.381803
0.
0.000495945
-0.0128345
0.285044
0.
0.00212485
-0.125188
0.387325
0.
0.00497663
0.125236
0.393139
0.
-0.000368053
-0.0107013
0.28611
0.
0.00445716
-0.133651
0.374532
0.
-0.0081409
0.169239
0.400134
0.0029133
0.
0.18211
0.387915
0.0197186
0.
-0.0105239
0.274526
0.023375
0.
-0.129967
0.367758
-0.00265731
0.
0.191143
0.398524
0.00602395
0.
-0.00193577
0.279217
0.00626165
0.
-0.142606
0.23525
-0.0015566
-0.0261379
-0.117422
0.244431
-0.00850027
0.00993952
-0.167839
0.2949
-0.0335398
-0.00990096
0.0317676
0.446589
-0.0238084
-0.0682107
0.294629
0.391543
0.0237696
-0.067583
0.229708
0.227381
0.0395047
0.0131069
0.103215
0.34465
0.0283497
0.0396163
0.281498
0.214356
0.00382125
-0.019169
-0.0565382
0.287156
-0.00108326
-0.00497794
0.052663
0.249688
-0.00643853
0.0139605
-0.129521
0.264914
-0.0241154
0.010005
0.0660596
0.317075
-0.0215389
0.0659451
0.232891
0.290175
0.00674021
-0.00941406
0.0955016
0.16833
-0.0521778
0.0113844
0.155777
0.328329
-0.0075382
0.0627371
0.280039
