Vec Object: 1 MPI process
  type: seq
0.
0.
0.
-0.0771849
0.
0.
0.
0.0193905
0.170049
-0.168082
0.
-0.0477188
0.176048
-0.180122
0.
-0.0509579
0.18991
0.207659
0.
-0.0426218
0.183147
0.163638
0.
-0.038265
0.389887
0.00840595
0.
-0.00083017
0.376845
0.00711664
0.
0.00979165
0.392812
-0.022048
0.
0.00929554
0.399469
-0.0160772
0.
0.00292979
0.
0.
0.
-0.0178007
0.
0.
0.
-0.0548706
0.325962
-0.0581067
0.
-0.0114196
0.31618
0.0901737
0.
0.00288197
0.331177
-0.0501253
0.
-0.0152617
0.321044
0.108988
0.
0.0151525
0.358202
0.0759206
0.
-0.00517255
0.32159
-0.101395
0.
0.0118998
0.324611
0.0355714
0.
-0.00943493
0.320573
-0.0617914
0.
-0.00341522
0.
0.
0.
-0.103126
0.
0.
0.
0.0270436
0.
0.
0.
-0.0122669
0.
0.
0.
0.15417
0.
0.
0.
-0.0390742
0.
0.
0.
-0.135372
0.
0.
0.
-0.232843
0.
0.
0.
-0.0146486
0.
0.
0.
-0.0683837
0.
0.
0.
-0.0380757
0.
0.
0.
-0.139823
0.
0.
0.
0.0388261
0.
0.
0.
-0.0944694
0.
0.
0.
0.0145803
0.
0.
0.
0.0573713
0.
0.
0.
-0.040606
0.
0.
0.
-0.0114845
0.
0.
0.
0.0107564
1.
0.
0.
0.0319399
0.389768
-0.00776721
0.000306055
-0.000819801
0.383134
0.
-0.00478988
-0.00579108
0.264892
0.
-0.00470941
-0.00650399
0.270537
0.
0.0250269
0.0333753
0.375844
0.
0.00580083
-0.00958129
0.264804
0.
0.0174975
-0.000997412
0.286578
0.
-0.00357014
0.0330211
0.264627
0.0249934
0.
0.0305579
0.384453
0.0170485
0.
-0.0034175
0.25183
0.0159297
0.
-0.0103673
0.246229
0.00901052
0.
0.0310459
0.382042
0.0168345
0.
-0.0036736
0.260154
0.0185822
0.
-0.00600816
0.25281
0.0272409
-0.053364
0.000133795
0.248845
-0.0231574
0.021019
-0.00291971
0.372062
-0.0205879
-0.0984053
-0.00433627
0.436961
-0.174618
-0.176515
0.0847628
0.365419
0.165333
-0.183768
0.0512974
0.33019
-0.0612199
0.0220286
0.0125463
0.371759
0.136858
0.123663
0.0600721
0.300384
-0.0159031
-0.0313351
-0.0077735
0.412303
0.00216133
-0.059473
-0.00153964
0.253046
0.0173648
0.0334289
0.0162411
0.408949
0.024627
0.0699265
-0.00150983
0.334075
-0.142209
0.156776
0.0666709
0.428342
-0.0113425
0.000430181
0.00591851
0.308808
0.0630713
0.0900345
-0.0794758
0.361933
0.0498121
0.156208
0.0526307
