Vec Object: 1 MPI process
  type: seq
0.
0.
0.
-0.119595
0.
0.
0.
0.0562029
0.159227
-0.16743
0.
-0.089231
0.170582
-0.177652
0.
-0.0788916
0.190754
0.2024
0.
-0.0637975
0.173596
0.16763
0.
-0.0892573
0.386476
0.0108224
0.
0.00721295
0.374911
0.0099736
0.
0.00518057
0.389336
-0.0194698
0.
0.00602375
0.394398
-0.0201728
0.
0.0145314
0.
0.
0.
-0.0413226
0.
0.
0.
-0.10113
0.30505
-0.0553159
0.
-0.0179842
0.321385
0.0871555
0.
0.00275122
0.310263
-0.0506945
0.
-0.0051246
0.324205
0.116321
0.
0.0209681
0.335883
0.0682522
0.
0.00636882
0.323787
-0.104714
0.
0.0156334
0.306311
0.0433605
0.
-0.0244747
0.320974
-0.06282
0.
-0.00291225
0.
0.
0.
-0.133874
0.
0.
0.
-0.0315884
0.
0.
0.
0.0244398
0.
0.
0.
0.0835315
0.
0.
0.
-0.0848638
0.
0.
0.
-0.14636
0.
0.
0.
-0.160309
0.
0.
0.
0.0868012
0.
0.
0.
0.040642
0.
0.
0.
0.0114617
0.
0.
0.
-0.146823
0.
0.
0.
0.0323933
0.
0.
0.
-0.0451141
0.
0.
0.
-0.00990031
0.
0.
0.
0.215658
0.
0.
0.
0.103888
0.
0.
0.
0.0357379
0.
0.
0.
0.0017438
1.
0.
0.
0.0487334
0.400569
-0.00847919
-0.000838077
-0.00340261
0.376816
0.
-0.00268176
-0.00271691
0.274041
0.
-0.00123215
-0.019618
0.322248
0.
0.0155287
0.0599586
0.379081
0.
0.00356793
-0.0102897
0.27661
0.
0.0113151
-0.0223663
0.330035
0.
-0.00713007
0.0772998
0.32832
0.0155256
0.
0.0803243
0.379325
0.0197975
0.
-0.000442093
0.261228
0.0235038
0.
-0.0243704
0.305196
-0.00116341
0.
0.0727056
0.383262
0.0128813
0.
-0.00268155
0.268577
0.0143905
0.
-0.0271233
0.245381
0.0171364
-0.0515872
-0.0177242
0.248385
-0.0230442
0.022713
-0.0361036
0.356529
-0.0283468
-0.05104
0.0177104
0.424392
-0.116492
-0.133683
0.150607
0.358099
0.110577
-0.135776
0.10724
0.329288
0.000542785
0.0277712
0.0457673
0.354426
0.104996
0.0824788
0.1249
0.262651
-0.0128295
-0.028121
-0.00941544
0.387339
0.00136352
-0.0367775
0.0197965
0.258151
0.0186117
0.0295832
-0.0153411
0.34994
-0.00364911
0.0328917
0.0232325
0.310717
-0.0966953
0.125126
0.115136
0.379973
-0.00531929
-0.0103558
0.0377463
0.30356
-0.0277539
0.0544739
-0.0521637
0.337613
0.0286582
0.129182
0.11408
