Vec Object: 1 MPI process
  type: seq
0.
0.
0.
-0.078612
0.
0.
0.
0.0191846
0.169649
-0.167953
0.
-0.0490925
0.175786
-0.179947
0.
-0.0520535
0.189777
0.207443
0.
-0.0435729
0.182863
0.16369
0.
-0.0399384
0.389759
0.00840878
0.
-0.000650616
0.376664
0.00731679
0.
0.00966435
0.392549
-0.0219396
0.
0.00932752
0.399278
-0.0161629
0.
0.003244
0.
0.
0.
-0.0181828
0.
0.
0.
-0.0554478
0.325068
-0.0579882
0.
-0.011697
0.31646
0.0900534
0.
0.00295005
0.33023
-0.0502813
0.
-0.0151112
0.321148
0.109387
0.
0.0154875
0.357221
0.0757293
0.
-0.00503088
0.321651
-0.101612
0.
0.0121767
0.323903
0.0358607
0.
-0.00989928
0.320462
-0.061902
0.
-0.00327174
0.
0.
0.
-0.105407
0.
0.
0.
0.0257983
0.
0.
0.
-0.0127069
0.
0.
0.
0.153376
0.
0.
0.
-0.0394778
0.
0.
0.
-0.137229
0.
0.
0.
-0.232647
0.
0.
0.
-0.0129627
0.
0.
0.
-0.0666945
0.
0.
0.
-0.0382097
0.
0.
0.
-0.142947
0.
0.
0.
0.0380142
0.
0.
0.
-0.095046
0.
0.
0.
0.01357
0.
0.
0.
0.0617692
0.
0.
0.
-0.0375204
0.
0.
0.
-0.0120358
0.
0.
0.
0.0109512
1.
0.
0.
0.0328287
0.390404
-0.00783127
0.000238798
-0.000995765
0.382836
0.
-0.00472196
-0.00570066
0.265211
0.
-0.00455125
-0.00689438
0.2728
0.
0.024628
0.0342838
0.376111
0.
0.00575466
-0.00967687
0.265359
0.
0.0172326
-0.00167313
0.288539
0.
-0.00380024
0.0344985
0.267472
0.0246711
0.
0.0320321
0.384191
0.017141
0.
-0.00333172
0.252072
0.0163984
0.
-0.0107391
0.249016
0.00841771
0.
0.032208
0.3822
0.016742
0.
-0.00365898
0.260455
0.0185649
0.
-0.00660954
0.252486
0.0269067
-0.0537129
-0.000108848
0.248886
-0.0235789
0.0213695
-0.00376863
0.372086
-0.0207652
-0.0964643
-0.003673
0.435889
-0.172739
-0.174785
0.0868952
0.36413
0.163504
-0.181948
0.0528887
0.331963
-0.0591844
0.022484
0.0134681
0.370843
0.136135
0.12211
0.0618868
0.298802
-0.0159459
-0.0312148
-0.00762274
0.412293
0.00215422
-0.0590343
-0.000893007
0.253524
0.0180547
0.0333742
0.0154145
0.406481
0.0233942
0.0681234
-0.000900573
0.332376
-0.140663
0.15571
0.068067
0.426975
-0.0113104
1.07679e-05
0.00667182
0.310431
0.0594646
0.0892612
-0.0800408
0.360353
0.049265
0.155698
0.0542038
