Vec Object: 1 MPI process
  type: seq
0.
0.
0.
-0.121429
0.
0.
0.
0.105908
0.153455
-0.168141
0.
-0.111257
0.167293
-0.177616
0.
-0.0942055
0.193126
0.199774
0.
-0.0697535
0.168285
0.170193
0.
-0.114337
0.384094
0.0134402
0.
0.0161322
0.373897
0.0115733
0.
0.00778149
0.38826
-0.018868
0.
0.00712481
0.391272
-0.0233046
0.
0.024648
0.
0.
0.
-0.0524097
0.
0.
0.
-0.131152
0.296081
-0.052919
0.
-0.0172581
0.323034
0.084418
0.
-0.00280556
0.301913
-0.0490379
0.
0.00238146
0.325666
0.116621
0.
0.0167415
0.326828
0.0634037
0.
0.0149478
0.324929
-0.103518
0.
0.0104037
0.297454
0.0459712
0.
-0.0290724
0.322026
-0.0614891
0.
-0.0096899
0.
0.
0.
-0.110864
0.
0.
0.
-0.0580304
0.
0.
0.
0.0786053
0.
0.
0.
0.0502331
0.
0.
0.
-0.110698
0.
0.
0.
-0.111397
0.
0.
0.
-0.0781973
0.
0.
0.
0.171052
0.
0.
0.
0.131806
0.
0.
0.
0.0728177
0.
0.
0.
-0.0887915
0.
0.
0.
0.0503098
0.
0.
0.
0.0230801
0.
0.
0.
-0.012476
0.
0.
0.
0.312468
0.
0.
0.
0.207971
0.
0.
0.
0.104611
0.
0.
0.
-0.00450539
1.
0.
0.
0.0524339
0.402763
-0.00858611
-0.00123022
0.00182022
0.375508
0.
-0.00167121
-0.00306833
0.277983
0.
4.6358e-05
-0.0301388
0.344157
0.
0.0118342
0.0753873
0.3803
0.
0.00220624
-0.0114991
0.280495
0.
0.00882195
-0.0359316
0.346789
0.
-0.0079998
0.100428
0.353542
0.0112679
0.
0.108234
0.378699
0.0207331
0.
-0.000855268
0.265798
0.0250126
0.
-0.0355472
0.327671
-0.00324121
0.
0.0996964
0.383999
0.0105438
0.
-0.00359745
0.272378
0.0114443
0.
-0.0419195
0.242781
0.0112396
-0.0454038
-0.0308
0.247952
-0.0190967
0.0198456
-0.056778
0.341426
-0.0324711
-0.0341955
0.0319423
0.427593
-0.0877314
-0.114195
0.18614
0.36585
0.0837347
-0.114406
0.139998
0.305977
0.0219854
0.0255183
0.0676826
0.350476
0.0836293
0.0665456
0.165415
0.247457
-0.00785937
-0.0260093
-0.0111867
0.362433
0.000572012
-0.0247012
0.0345549
0.257375
0.0116977
0.0256749
-0.0322944
0.32422
-0.013043
0.0221969
0.0426022
0.30978
-0.0740739
0.108202
0.146039
0.353406
-0.00120573
-0.0128163
0.0607553
0.273324
-0.0505836
0.0374719
-0.0038425
0.333426
0.0173046
0.110646
0.155956
