Vec Object: 1 MPI process
  type: seq
0.
0.
0.
-0.0876594
0.
0.
0.
0.0199467
0.167542
-0.167463
0.
-0.0567399
0.174563
-0.179158
0.
-0.0576771
0.189363
0.206328
0.
-0.0484616
0.181209
0.164183
0.
-0.0494715
0.389085
0.00858264
0.
0.000447906
0.375951
0.00816596
0.
0.00870278
0.391398
-0.0213881
0.
0.00914605
0.398273
-0.0167378
0.
0.00505887
0.
0.
0.
-0.0213155
0.
0.
0.
-0.0605959
0.32051
-0.0574383
0.
-0.0133231
0.317795
0.089481
0.
0.00333509
0.325471
-0.0508909
0.
-0.0138918
0.321751
0.111343
0.
0.017239
0.352238
0.0745513
0.
-0.00379722
0.322027
-0.102658
0.
0.013574
0.320194
0.0374546
0.
-0.0127196
0.32013
-0.0623937
0.
-0.0025485
0.
0.
0.
-0.117144
0.
0.
0.
0.0169621
0.
0.
0.
-0.0129387
0.
0.
0.
0.14473
0.
0.
0.
-0.0443525
0.
0.
0.
-0.146107
0.
0.
0.
-0.228312
0.
0.
0.
-0.00098679
0.
0.
0.
-0.0542267
0.
0.
0.
-0.0364479
0.
0.
0.
-0.156631
0.
0.
0.
0.0337557
0.
0.
0.
-0.0950581
0.
0.
0.
0.00794578
0.
0.
0.
0.087816
0.
0.
0.
-0.0174504
0.
0.
0.
-0.0123367
0.
0.
0.
0.010972
1.
0.
0.
0.0372522
0.393398
-0.00809182
-6.62046e-05
-0.00195702
0.381306
0.
-0.00433382
-0.00509186
0.266995
0.
-0.00376024
-0.00911496
0.28428
0.
0.0225407
0.039219
0.377214
0.
0.00543599
-0.00998481
0.26815
0.
0.0158802
-0.00555325
0.298445
0.
-0.0048191
0.042805
0.281893
0.0228351
0.
0.0406207
0.382879
0.0176703
0.
-0.00274657
0.253642
0.0185413
0.
-0.0129823
0.262823
0.00561476
0.
0.0390081
0.382788
0.0161418
0.
-0.00345544
0.262096
0.0181909
0.
-0.0101374
0.250738
0.0251262
-0.0549394
-0.00207823
0.248902
-0.0250251
0.0227901
-0.00904204
0.371195
-0.0219281
-0.0861118
0.000132867
0.431052
-0.161964
-0.165758
0.0988969
0.359035
0.153175
-0.172133
0.062265
0.338609
-0.0469742
0.0247042
0.018956
0.366326
0.131524
0.113507
0.0725653
0.290521
-0.0160779
-0.0306204
-0.00711592
0.410845
0.00208558
-0.0557857
0.00276828
0.255524
0.0206513
0.0330324
0.0102497
0.393752
0.0169336
0.0590441
0.00278302
0.324693
-0.132021
0.149798
0.076117
0.41877
-0.0107411
-0.00237548
0.0113064
0.316647
0.0390621
0.0837267
-0.0813654
0.353123
0.045759
0.152088
0.0636677
