Vec Object: 1 MPI process
  type: seq
0.
0.
0.
-0.0904117
0.
0.
0.
0.0207579
0.166964
-0.167376
0.
-0.0589283
0.174265
-0.178976
0.
-0.059181
0.189326
0.206031
0.
-0.0497506
0.180717
0.16437
0.
-0.0522322
0.388903
0.00866989
0.
0.000790618
0.375814
0.00834825
0.
0.00838136
0.391146
-0.0212405
0.
0.0090067
0.398
-0.0169265
0.
0.00560033
0.
0.
0.
-0.0224568
0.
0.
0.
-0.0625842
0.319305
-0.0573035
0.
-0.0137919
0.318122
0.0893352
0.
0.00343455
0.324234
-0.0509997
0.
-0.0134496
0.321927
0.111837
0.
0.0177018
0.350929
0.0741832
0.
-0.0033268
0.322142
-0.102914
0.
0.0139274
0.319183
0.0379042
0.
-0.0135731
0.320102
-0.0625021
0.
-0.00237288
0.
0.
0.
-0.120091
0.
0.
0.
0.0139844
0.
0.
0.
-0.0123138
0.
0.
0.
0.141301
0.
0.
0.
-0.0463914
0.
0.
0.
-0.148112
0.
0.
0.
-0.226128
0.
0.
0.
0.00318575
0.
0.
0.
-0.0497913
0.
0.
0.
-0.0351853
0.
0.
0.
-0.159364
0.
0.
0.
0.0327101
0.
0.
0.
-0.0941048
0.
0.
0.
0.00636915
0.
0.
0.
0.0956803
0.
0.
0.
-0.0109156
0.
0.
0.
-0.0115422
0.
0.
0.
0.0107017
1.
0.
0.
0.0383704
0.394119
-0.00814433
-0.000137656
-0.0022158
0.380905
0.
-0.0042205
-0.00489822
0.267503
0.
-0.00355439
-0.00976194
0.287291
0.
0.021981
0.0406087
0.377443
0.
0.00532983
-0.0100246
0.268871
0.
0.015522
-0.00668018
0.30103
0.
-0.00505206
0.0451892
0.285663
0.0223066
0.
0.0431739
0.382541
0.0178246
0.
-0.00255923
0.254137
0.0190457
0.
-0.0136639
0.26636
0.00493599
0.
0.0410511
0.382889
0.0159492
0.
-0.00337489
0.262558
0.0180176
0.
-0.0111892
0.250268
0.0246208
-0.0550941
-0.00281802
0.248873
-0.0252194
0.0230553
-0.0106855
0.370678
-0.0223069
-0.083295
0.00124545
0.429972
-0.15883
-0.163328
0.102364
0.358099
0.150204
-0.169419
0.0650833
0.339639
-0.0433665
0.0252308
0.0206047
0.36519
0.130045
0.111101
0.0757785
0.288302
-0.0160599
-0.0304619
-0.00707913
0.410046
0.00205796
-0.0546693
0.00382942
0.255941
0.0210743
0.0329084
0.00863729
0.390362
0.0152103
0.0567086
0.00391527
0.322945
-0.129554
0.148115
0.0785084
0.416285
-0.0104867
-0.00304984
0.0127617
0.317604
0.0333439
0.0818798
-0.0811576
0.351438
0.0446639
0.150859
0.066582
