Vec Object: 1 MPI process
  type: seq
0.
0.
0.
-0.107973
0.
0.
0.
0.0330221
0.163115
-0.167184
0.
-0.0739242
0.172453
-0.178087
0.
-0.0689624
0.189688
0.204154
0.
-0.0575184
0.177226
0.1659
0.
-0.0709715
0.38772
0.00955075
0.
0.00350435
0.375271
0.00923608
0.
0.00625285
0.38999
-0.0202942
0.
0.00751237
0.396218
-0.0184091
0.
0.00962897
0.
0.
0.
-0.0317123
0.
0.
0.
-0.0801472
0.311798
-0.0564293
0.
-0.0165802
0.319964
0.0883618
0.
0.00372358
0.316739
-0.0512007
0.
-0.00973217
0.323105
0.114594
0.
0.0202123
0.342899
0.0713974
0.
0.000889193
0.322962
-0.10422
0.
0.0156517
0.312606
0.0408315
0.
-0.0194236
0.320352
-0.0629307
0.
-0.00178511
0.
0.
0.
-0.133574
0.
0.
0.
-0.00877036
0.
0.
0.
-0.000227508
0.
0.
0.
0.112884
0.
0.
0.
-0.0644689
0.
0.
0.
-0.154243
0.
0.
0.
-0.201163
0.
0.
0.
0.0392645
0.
0.
0.
-0.010906
0.
0.
0.
-0.018314
0.
0.
0.
-0.164237
0.
0.
0.
0.0289682
0.
0.
0.
-0.0773974
0.
0.
0.
-0.0032916
0.
0.
0.
0.153044
0.
0.
0.
0.0411576
0.
0.
0.
0.00401735
0.
0.
0.
0.00687304
1.
0.
0.
0.044572
0.397971
-0.00836492
-0.000526941
-0.00352657
0.378549
0.
-0.00344126
-0.00359354
0.270889
0.
-0.00230039
-0.0143548
0.305799
0.
0.0185183
0.050093
0.37845
0.
0.00449875
-0.0100904
0.273146
0.
0.0132917
-0.0143954
0.316676
0.
-0.00626815
0.0613351
0.308567
0.0187933
0.
0.0613304
0.380619
0.0188659
0.
-0.00129076
0.2577
0.0217099
0.
-0.0186437
0.287408
0.00128913
0.
0.0560247
0.383176
0.0144852
0.
-0.00283494
0.265638
0.0163903
0.
-0.0187455
0.247516
0.0210272
-0.0544055
-0.00943513
0.248609
-0.0249424
0.0236368
-0.0228755
0.364961
-0.0252238
-0.0657847
0.0090924
0.425349
-0.137434
-0.147916
0.126285
0.355803
0.130114
-0.151903
0.0854496
0.339064
-0.0196608
0.0275111
0.0325137
0.358859
0.11848
0.0957836
0.099197
0.274578
-0.0151105
-0.0293642
-0.007843
0.401031
0.00178245
-0.0459677
0.0113325
0.257667
0.0213546
0.0316216
-0.00317932
0.369146
0.00479775
0.0431923
0.0125661
0.314663
-0.112932
0.136676
0.0958796
0.398472
-0.00814803
-0.00721965
0.0240879
0.316027
-0.00155614
0.068124
-0.0726701
0.342877
0.0367627
0.140917
0.0886232
