Vec Object: 1 MPI process
  type: seq
0.
0.
0.
-0.0973047
0.
0.
0.
0.0239485
0.16553
-0.167235
0.
-0.064454
0.173567
-0.178584
0.
-0.0628573
0.18935
0.205311
0.
-0.0528182
0.179449
0.164894
0.
-0.0591991
0.388458
0.00894375
0.
0.00171205
0.375552
0.00873126
0.
0.00754918
0.390621
-0.0208798
0.
0.00853686
0.397331
-0.0174387
0.
0.00701616
0.
0.
0.
-0.0256588
0.
0.
0.
-0.0683873
0.316404
-0.0569825
0.
-0.0149305
0.318873
0.0889802
0.
0.0036362
0.321296
-0.0511736
0.
-0.0122003
0.32237
0.112976
0.
0.0187763
0.347798
0.073204
0.
-0.00195369
0.32244
-0.103485
0.
0.0147161
0.316697
0.0390194
0.
-0.0157591
0.320121
-0.0627218
0.
-0.00201504
0.
0.
0.
-0.126498
0.
0.
0.
0.00591388
0.
0.
0.
-0.00940432
0.
0.
0.
0.131507
0.
0.
0.
-0.0524107
0.
0.
0.
-0.151959
0.
0.
0.
-0.218885
0.
0.
0.
0.0150447
0.
0.
0.
-0.0370791
0.
0.
0.
-0.0305779
0.
0.
0.
-0.163927
0.
0.
0.
0.0305802
0.
0.
0.
-0.0899296
0.
0.
0.
0.00253486
0.
0.
0.
0.116189
0.
0.
0.
0.00690974
0.
0.
0.
-0.00781278
0.
0.
0.
0.00961529
1.
0.
0.
0.040937
0.395735
-0.00824824
-0.000297556
-0.00280944
0.379959
0.
-0.00393247
-0.00439946
0.268776
0.
-0.0030637
-0.0114176
0.29449
0.
0.0206332
0.0441016
0.377905
0.
0.00504088
-0.0100727
0.27057
0.
0.014659
-0.00952902
0.307174
0.
-0.00556419
0.0511891
0.294637
0.0209836
0.
0.0497562
0.381756
0.0182147
0.
-0.00207533
0.255433
0.0201672
0.
-0.0154404
0.274684
0.00340896
0.
0.0463831
0.383059
0.0154336
0.
-0.00315964
0.263711
0.0174903
0.
-0.013907
0.249161
0.0233265
-0.0551618
-0.00497909
0.248777
-0.025396
0.023497
-0.0150233
0.368966
-0.0233306
-0.0764778
0.00408943
0.427746
-0.150897
-0.157424
0.111159
0.35652
0.142726
-0.162749
0.0724052
0.340825
-0.0343244
0.026336
0.0248767
0.362583
0.126045
0.105202
0.0841501
0.28296
-0.015878
-0.0300651
-0.00718035
0.407383
0.00197361
-0.0516173
0.00653827
0.256775
0.021649
0.0325249
0.00439362
0.38218
0.011098
0.0512558
0.00691809
0.319222
-0.123361
0.143883
0.0847164
0.40984
-0.00972213
-0.00469255
0.0166712
0.318564
0.0195098
0.0769383
-0.0794532
0.34775
0.0418042
0.147463
0.0743083
