Vec Object: 1 MPI process
  type: seq
0.
0.
0.
-0.0903316
0.
0.
0.
0.0207306
0.166981
-0.167378
0.
-0.0588647
0.174273
-0.178981
0.
-0.0591378
0.189327
0.206039
0.
-0.0497138
0.180731
0.164364
0.
-0.052152
0.388908
0.00866717
0.
0.000780486
0.375817
0.00834324
0.
0.00839084
0.391153
-0.0212448
0.
0.00901118
0.398008
-0.0169209
0.
0.00558444
0.
0.
0.
-0.0224225
0.
0.
0.
-0.0625237
0.31934
-0.0573073
0.
-0.0137784
0.318113
0.0893394
0.
0.00343179
0.32427
-0.0509969
0.
-0.013463
0.321922
0.111823
0.
0.0176886
0.350966
0.074194
0.
-0.0033411
0.322138
-0.102907
0.
0.0139174
0.319212
0.0378911
0.
-0.0135481
0.320102
-0.0624992
0.
-0.00237774
0.
0.
0.
-0.120008
0.
0.
0.
0.014073
0.
0.
0.
-0.0123363
0.
0.
0.
0.141405
0.
0.
0.
-0.046329
0.
0.
0.
-0.148057
0.
0.
0.
-0.226197
0.
0.
0.
0.00306014
0.
0.
0.
-0.0499252
0.
0.
0.
-0.0352266
0.
0.
0.
-0.159292
0.
0.
0.
0.032739
0.
0.
0.
-0.0941383
0.
0.
0.
0.00641459
0.
0.
0.
0.0954495
0.
0.
0.
-0.0111099
0.
0.
0.
-0.0115708
0.
0.
0.
0.0107109
1.
0.
0.
0.0383388
0.394098
-0.00814291
-0.000135655
-0.00220844
0.380917
0.
-0.0042238
-0.00490391
0.267489
0.
-0.00356027
-0.00974308
0.287205
0.
0.021997
0.0405684
0.377436
0.
0.00533299
-0.0100237
0.26885
0.
0.0155322
-0.0066474
0.300956
0.
-0.00504557
0.0451199
0.285555
0.0223219
0.
0.0430992
0.382551
0.0178201
0.
-0.00256474
0.254123
0.0190316
0.
-0.0136439
0.266259
0.00495507
0.
0.0409912
0.382886
0.0159549
0.
-0.0033773
0.262544
0.018023
0.
-0.0111584
0.250282
0.0246355
-0.0550907
-0.00279553
0.248874
-0.0252149
0.0230484
-0.0106371
0.370694
-0.0222957
-0.0833759
0.00121301
0.430001
-0.158921
-0.163397
0.102263
0.358124
0.150291
-0.169498
0.0650007
0.339613
-0.0434713
0.0252162
0.0205564
0.365223
0.130089
0.11117
0.0756843
0.288365
-0.0160608
-0.0304665
-0.00707954
0.410072
0.00205881
-0.0547026
0.0037985
0.25593
0.0210637
0.0329122
0.00868479
0.390459
0.0152596
0.056775
0.00388191
0.322994
-0.129625
0.148164
0.0784383
0.416358
-0.0104945
-0.0030304
0.0127187
0.317581
0.0335085
0.0819346
-0.0811674
0.351485
0.0446961
0.150896
0.0664962
