Vec Object: 1 MPI process
  type: seq
0.
0.
0.
-0.112124
0.
0.
0.
0.152016
0.149398
-0.168501
0.
-0.125033
0.164574
-0.17773
0.
-0.104567
0.195681
0.197332
0.
-0.0694328
0.164581
0.171882
0.
-0.130167
0.381343
0.0163691
0.
0.0285462
0.372264
0.013707
0.
0.0155538
0.386528
-0.0194688
0.
0.0146696
0.388091
-0.0264388
0.
0.0373321
0.
0.
0.
-0.0589132
0.
0.
0.
-0.152276
0.289773
-0.0508832
0.
-0.0172489
0.324103
0.0811793
0.
-0.012189
0.296132
-0.0476263
0.
0.0060165
0.326721
0.114701
0.
0.00723487
0.320607
0.0601055
0.
0.0188309
0.325773
-0.100656
0.
0.000261235
0.29092
0.0473065
0.
-0.0318296
0.322778
-0.0593385
0.
-0.0207969
0.
0.
0.
-0.0786767
0.
0.
0.
-0.0720093
0.
0.
0.
0.129424
0.
0.
0.
0.0341298
0.
0.
0.
-0.125947
0.
0.
0.
-0.0706411
0.
0.
0.
-0.00369563
0.
0.
0.
0.242256
0.
0.
0.
0.208439
0.
0.
0.
0.128552
0.
0.
0.
-0.0263386
0.
0.
0.
0.0713597
0.
0.
0.
0.0855555
0.
0.
0.
-0.0102012
0.
0.
0.
0.387883
0.
0.
0.
0.292446
0.
0.
0.
0.168998
0.
0.
0.
-0.00866808
1.
0.
0.
0.0563832
0.403225
-0.00859968
-0.00146403
0.0132284
0.375644
0.
-0.00098948
-0.00485181
0.280394
0.
0.000821267
-0.0430149
0.35937
0.
0.00947723
0.0880654
0.382056
0.
0.00126412
-0.0128791
0.282639
0.
0.00724088
-0.0503999
0.357668
0.
-0.00836412
0.11826
0.370374
0.00841017
0.
0.128985
0.379435
0.0209969
0.
-0.00271227
0.268705
0.0253708
0.
-0.0488592
0.34252
-0.00388836
0.
0.122374
0.385704
0.00891201
0.
-0.00479392
0.27476
0.00944185
0.
-0.0574598
0.240828
0.00687675
-0.0399258
-0.0426165
0.247328
-0.0158343
0.017073
-0.075506
0.328744
-0.034779
-0.0246384
0.0423487
0.432439
-0.0675853
-0.100189
0.213358
0.373485
0.0648585
-0.0996473
0.164907
0.28465
0.0322681
0.0224933
0.0849397
0.348826
0.0670869
0.0568348
0.197879
0.237128
-0.00351328
-0.0242014
-0.0131399
0.341502
-7.40193e-05
-0.0172171
0.0465532
0.255838
0.00545877
0.0223262
-0.0464699
0.306107
-0.0181981
0.016744
0.0583487
0.311414
-0.0579159
0.0955194
0.171081
0.334169
0.00157922
-0.0131193
0.0784182
0.245082
-0.0578947
0.027345
0.0428876
0.331897
0.00935543
0.0963298
0.190456
