Vec Object: 1 MPI process
  type: seq
0.
0.
0.
-0.0995626
0.
0.
0.
0.0253903
0.165049
-0.167208
0.
-0.0663256
0.173342
-0.178469
0.
-0.0640759
0.18939
0.205076
0.
-0.0538006
0.179013
0.165085
0.
-0.0615476
0.388311
0.00905126
0.
0.00204342
0.375484
0.00884228
0.
0.0072723
0.390473
-0.0207608
0.
0.00834916
0.397108
-0.0176221
0.
0.00751269
0.
0.
0.
-0.0268182
0.
0.
0.
-0.0705619
0.31546
-0.056876
0.
-0.0152926
0.319106
0.088861
0.
0.00368326
0.320352
-0.0512037
0.
-0.0117413
0.322518
0.113328
0.
0.019105
0.346788
0.0728584
0.
-0.00143604
0.322543
-0.103655
0.
0.0149462
0.315874
0.0393889
0.
-0.0164989
0.320151
-0.0627795
0.
-0.00192688
0.
0.
0.
-0.128303
0.
0.
0.
0.00305897
0.
0.
0.
-0.00799862
0.
0.
0.
0.127938
0.
0.
0.
-0.0546641
0.
0.
0.
-0.152849
0.
0.
0.
-0.215895
0.
0.
0.
0.0194624
0.
0.
0.
-0.0323192
0.
0.
0.
-0.0285756
0.
0.
0.
-0.164725
0.
0.
0.
0.0300466
0.
0.
0.
-0.0879689
0.
0.
0.
0.00129872
0.
0.
0.
0.12332
0.
0.
0.
0.0133362
0.
0.
0.
-0.00600382
0.
0.
0.
0.00914286
1.
0.
0.
0.0417284
0.396225
-0.00827624
-0.000346534
-0.00298559
0.37966
0.
-0.0038348
-0.00423208
0.269201
0.
-0.00290567
-0.0119865
0.296817
0.
0.0201967
0.0452831
0.378032
0.
0.00493759
-0.0100786
0.27111
0.
0.0143785
-0.0104926
0.309146
0.
-0.00571802
0.0532101
0.297522
0.0205418
0.
0.0520204
0.381511
0.0183459
0.
-0.00191259
0.25588
0.0205057
0.
-0.0160578
0.277337
0.00294468
0.
0.0482413
0.383095
0.0152514
0.
-0.0030879
0.264097
0.0172888
0.
-0.0148456
0.248811
0.0228804
-0.0550916
-0.00579399
0.248743
-0.0253714
0.0235808
-0.0165411
0.368271
-0.0236943
-0.0742653
0.0050641
0.42714
-0.148216
-0.15549
0.114146
0.356202
0.140208
-0.160548
0.0749409
0.340821
-0.0313227
0.0266384
0.0263552
0.361777
0.124614
0.103268
0.08706
0.281231
-0.0157711
-0.0299296
-0.00726979
0.406292
0.0019404
-0.0505293
0.0074679
0.256999
0.0217052
0.0323709
0.00291632
0.379515
0.00978025
0.0495415
0.00798256
0.318156
-0.121279
0.142454
0.0868722
0.407616
-0.00943219
-0.00522378
0.0180678
0.318453
0.0150631
0.0752101
-0.0784947
0.346657
0.0408159
0.146232
0.0770361
