Vec Object: 1 MPI process
  type: seq
0.
0.
0.
-0.117143
0.
0.
0.
0.131024
0.151115
-0.168402
0.
-0.119532
0.165762
-0.1777
0.
-0.100365
0.194442
0.198499
0.
-0.070345
0.166148
0.171193
0.
-0.123739
0.382702
0.0149377
0.
0.022177
0.373111
0.0126289
0.
0.0112685
0.387451
-0.0190407
0.
0.01026
0.389623
-0.0249367
0.
0.0309184
0.
0.
0.
-0.0560606
0.
0.
0.
-0.142988
0.292523
-0.0517488
0.
-0.0168551
0.32364
0.0827603
0.
-0.00734091
0.298648
-0.0482018
0.
0.00495715
0.326254
0.115805
0.
0.0122684
0.323306
0.0614673
0.
0.0177052
0.325398
-0.10216
0.
0.00556
0.293799
0.0467394
0.
-0.0304404
0.322454
-0.0604263
0.
-0.015105
0.
0.
0.
-0.0941432
0.
0.
0.
-0.066317
0.
0.
0.
0.106231
0.
0.
0.
0.0404082
0.
0.
0.
-0.119541
0.
0.
0.
-0.0898383
0.
0.
0.
-0.0376048
0.
0.
0.
0.210244
0.
0.
0.
0.174043
0.
0.
0.
0.10325
0.
0.
0.
-0.0554574
0.
0.
0.
0.0615273
0.
0.
0.
0.0571511
0.
0.
0.
-0.0114455
0.
0.
0.
0.354403
0.
0.
0.
0.254718
0.
0.
0.
0.139565
0.
0.
0.
-0.00670377
1.
0.
0.
0.0541838
0.403159
-0.00860522
-0.00136974
0.00707018
0.37545
0.
-0.00128303
-0.00391312
0.279385
0.
0.00049725
-0.036545
0.352802
0.
0.010477
0.0823413
0.381153
0.
0.00166692
-0.0122764
0.281767
0.
0.00790758
-0.0433
0.353053
0.
-0.0082356
0.1103
0.363169
0.00963713
0.
0.119855
0.378962
0.020932
0.
-0.00173993
0.267476
0.0252943
0.
-0.0422111
0.336184
-0.00369001
0.
0.112076
0.384784
0.00961213
0.
-0.00427471
0.27376
0.0102927
0.
-0.0498914
0.241707
0.00877839
-0.0423977
-0.0369454
0.247644
-0.0172814
0.0183365
-0.0666427
0.33445
-0.0338768
-0.0285613
0.0380196
0.430108
-0.0763243
-0.106315
0.201217
0.370002
0.0730557
-0.106042
0.15389
0.294335
0.0283055
0.0239321
0.0774221
0.34946
0.0743992
0.0609061
0.183363
0.241599
-0.00544761
-0.0250218
-0.0119839
0.350905
0.000209751
-0.0203407
0.0413313
0.256608
0.00825332
0.0238309
-0.0397622
0.313996
-0.0161112
0.0189144
0.0515162
0.310519
-0.0649596
0.101104
0.159878
0.342574
0.000392445
-0.0131387
0.0707978
0.257959
-0.0555683
0.0315373
0.0214892
0.33246
0.0127953
0.102657
0.174958
