Vec Object: 1 MPI process
  type: seq
0.
0.
0.
-0.0802983
0.
0.
0.
0.0190777
0.169212
-0.167827
0.
-0.0506249
0.175511
-0.179766
0.
-0.0532394
0.189652
0.207208
0.
-0.0446053
0.182541
0.163764
0.
-0.0418238
0.389618
0.00842379
0.
-0.000443478
0.376485
0.00752
0.
0.00950187
0.392279
-0.021823
0.
0.00933683
0.399069
-0.0162656
0.
0.00359856
0.
0.
0.
-0.0186822
0.
0.
0.
-0.0562264
0.324102
-0.0578646
0.
-0.0120144
0.316756
0.0899271
0.
0.00302802
0.329212
-0.0504365
0.
-0.0149153
0.321265
0.109812
0.
0.015854
0.356162
0.0755082
0.
-0.00484145
0.321723
-0.101843
0.
0.0124763
0.323131
0.0361824
0.
-0.0104358
0.320359
-0.0620164
0.
-0.00311572
0.
0.
0.
-0.107904
0.
0.
0.
0.0242686
0.
0.
0.
-0.0130555
0.
0.
0.
0.152171
0.
0.
0.
-0.0401191
0.
0.
0.
-0.139217
0.
0.
0.
-0.232209
0.
0.
0.
-0.0109073
0.
0.
0.
-0.0646014
0.
0.
0.
-0.0381951
0.
0.
0.
-0.146197
0.
0.
0.
0.037113
0.
0.
0.
-0.0954787
0.
0.
0.
0.0124391
0.
0.
0.
0.0667863
0.
0.
0.
-0.0338774
0.
0.
0.
-0.0124758
0.
0.
0.
0.0110936
1.
0.
0.
0.0337843
0.391073
-0.00789545
0.000169046
-0.00119212
0.382512
0.
-0.00464545
-0.00559125
0.265568
0.
-0.00438169
-0.00733348
0.275242
0.
0.0241921
0.0352872
0.37638
0.
0.00569862
-0.00976614
0.265957
0.
0.0169463
-0.00243757
0.290651
0.
-0.00403673
0.0361544
0.270543
0.0243075
0.
0.0337042
0.38391
0.0172453
0.
-0.00322729
0.252359
0.016886
0.
-0.0111671
0.251999
0.00779292
0.
0.0335264
0.382354
0.0166326
0.
-0.00363271
0.260787
0.018525
0.
-0.00729405
0.252126
0.0265423
-0.0540527
-0.000421009
0.248913
-0.0239828
0.0217231
-0.00475561
0.372039
-0.0209753
-0.0943277
-0.00292382
0.434773
-0.170615
-0.172899
0.0892834
0.362843
0.161449
-0.179939
0.0547004
0.333717
-0.056835
0.0229734
0.0145243
0.369862
0.135288
0.120375
0.063951
0.297073
-0.0159904
-0.0310872
-0.00747454
0.412186
0.00214422
-0.0584845
-0.000166458
0.254007
0.0187351
0.033313
0.0144509
0.403801
0.0220446
0.0661786
-0.00019991
0.330609
-0.138933
0.154522
0.0696421
0.425405
-0.0112453
-0.000463867
0.00754163
0.312053
0.0553886
0.0883035
-0.0805565
0.358706
0.0486175
0.155074
0.0560058
