Vec Object: 1 MPI process
  type: seq
0.
0.
0.
-0.0980795
0.
0.
0.
0.0244192
0.165366
-0.167225
0.
-0.0650911
0.17349
-0.178544
0.
-0.0632732
0.189362
0.205231
0.
-0.0531557
0.179301
0.164959
0.
-0.0599994
0.388408
0.00897958
0.
0.0018237
0.375528
0.00876991
0.
0.00745426
0.390569
-0.0208391
0.
0.00847425
0.397255
-0.0175006
0.
0.00718416
0.
0.
0.
-0.0260502
0.
0.
0.
-0.0691172
0.316081
-0.0569462
0.
-0.0150554
0.318953
0.0889396
0.
0.00365361
0.320972
-0.0511854
0.
-0.0120458
0.32242
0.113098
0.
0.0188904
0.347452
0.0730871
0.
-0.00178022
0.322475
-0.103544
0.
0.0147967
0.316416
0.0391457
0.
-0.0160113
0.32013
-0.0627424
0.
-0.00198296
0.
0.
0.
-0.127134
0.
0.
0.
0.00494704
0.
0.
0.
-0.0089492
0.
0.
0.
0.130302
0.
0.
0.
-0.0531678
0.
0.
0.
-0.152286
0.
0.
0.
-0.217897
0.
0.
0.
0.0165267
0.
0.
0.
-0.0354834
0.
0.
0.
-0.0299207
0.
0.
0.
-0.164241
0.
0.
0.
0.0303872
0.
0.
0.
-0.0892922
0.
0.
0.
0.00211003
0.
0.
0.
0.118607
0.
0.
0.
0.00907656
0.
0.
0.
-0.0072274
0.
0.
0.
0.00945949
1.
0.
0.
0.0412106
0.395905
-0.00825812
-0.000314477
-0.00287101
0.379856
0.
-0.00389921
-0.00434224
0.268921
0.
-0.00300948
-0.0116107
0.295288
0.
0.0204836
0.0445038
0.37795
0.
0.00500599
-0.0100751
0.270756
0.
0.0145629
-0.00985712
0.307851
0.
-0.00561752
0.0518778
0.295627
0.0208328
0.
0.0505253
0.381671
0.0182594
0.
-0.00201971
0.255584
0.0202845
0.
-0.0156497
0.275596
0.00324815
0.
0.0470128
0.383072
0.0153719
0.
-0.00313499
0.263843
0.0174228
0.
-0.0142255
0.24904
0.0231751
-0.0551428
-0.00525222
0.248765
-0.0253918
0.0235289
-0.0155376
0.368736
-0.0234536
-0.0757192
0.00442052
0.427532
-0.149984
-0.156762
0.112175
0.356401
0.141868
-0.161997
0.0732656
0.340845
-0.0332981
0.026443
0.0253783
0.362304
0.125561
0.10454
0.0851367
0.282367
-0.0158442
-0.0300191
-0.00720799
0.407022
0.00196257
-0.0512493
0.00685391
0.256854
0.0216753
0.0324739
0.00389248
0.381267
0.0106453
0.0506651
0.00727768
0.318849
-0.122651
0.143396
0.0854473
0.409084
-0.00962492
-0.00487497
0.0171426
0.31855
0.0179814
0.076352
-0.0791484
0.34737
0.0414686
0.147048
0.0752308
