Vec Object: 1 MPI process
  type: seq
0.
0.
0.
-0.121756
0.
0.
0.
0.0669233
0.157802
-0.167585
0.
-0.0947869
0.169834
-0.177588
0.
-0.0826147
0.191257
0.201773
0.
-0.0656856
0.172275
0.168268
0.
-0.0956762
0.385972
0.0113746
0.
0.00892598
0.374741
0.0102846
0.
0.00526345
0.389124
-0.0192312
0.
0.00576662
0.393696
-0.0208761
0.
0.0166146
0.
0.
0.
-0.044454
0.
0.
0.
-0.10879
0.302749
-0.0548074
0.
-0.0180588
0.32183
0.0866084
0.
0.00192261
0.308098
-0.0503705
0.
-0.00329532
0.324581
0.11666
0.
0.0206113
0.333533
0.0670625
0.
0.00852516
0.324076
-0.104653
0.
0.0150134
0.30409
0.0441307
0.
-0.0259227
0.321231
-0.0626311
0.
-0.00392871
0.
0.
0.
-0.130648
0.
0.
0.
-0.0390352
0.
0.
0.
0.0360383
0.
0.
0.
0.0740115
0.
0.
0.
-0.0918725
0.
0.
0.
-0.14014
0.
0.
0.
-0.142219
0.
0.
0.
0.106216
0.
0.
0.
0.0616861
0.
0.
0.
0.0248913
0.
0.
0.
-0.135712
0.
0.
0.
0.0354753
0.
0.
0.
-0.0302861
0.
0.
0.
-0.0113193
0.
0.
0.
0.239125
0.
0.
0.
0.128475
0.
0.
0.
0.0505655
0.
0.
0.
-8.00749e-06
1.
0.
0.
0.0498221
0.401275
-0.008511
-0.000941368
-0.00280116
0.376351
0.
-0.00241993
-0.00259705
0.275095
0.
-0.000886637
-0.0218072
0.327858
0.
0.0145475
0.0636476
0.379316
0.
0.00322594
-0.0104779
0.277692
0.
0.0106562
-0.0254096
0.334443
0.
-0.00738504
0.0830168
0.334899
0.0144184
0.
0.0872438
0.379022
0.0200831
0.
-0.000333528
0.262432
0.0239908
0.
-0.0267251
0.311079
-0.00182489
0.
0.0790888
0.383341
0.0122948
0.
-0.00278129
0.269579
0.0136478
0.
-0.0304202
0.244707
0.0156881
-0.0502309
-0.0208785
0.248303
-0.0221512
0.0221328
-0.0410274
0.353038
-0.0294402
-0.0463826
0.0210667
0.424745
-0.109163
-0.128744
0.159398
0.359641
0.103744
-0.13027
0.115282
0.324287
0.00673218
0.0274604
0.0509186
0.353204
0.0998388
0.0781749
0.134617
0.258688
-0.0117466
-0.0276307
-0.00994488
0.381606
0.00118333
-0.0335917
0.0231798
0.258107
0.0171454
0.0286999
-0.0196096
0.343359
-0.00627163
0.0298176
0.0276333
0.310044
-0.0909746
0.120942
0.12249
0.373314
-0.0042767
-0.0111965
0.0431664
0.297146
-0.035001
0.0498987
-0.042063
0.336262
0.0257784
0.1247
0.123961
