Vec Object: 1 MPI process
  type: seq
0.
0.
0.
-0.113709
0.
0.
0.
0.145826
0.149881
-0.168486
0.
-0.123557
0.164913
-0.177729
0.
-0.103434
0.195298
0.197691
0.
-0.069853
0.165022
0.171694
0.
-0.128416
0.381766
0.0159259
0.
0.0265172
0.372534
0.0133673
0.
0.0141418
0.386828
-0.0193126
0.
0.0131731
0.388562
-0.0259783
0.
0.0353026
0.
0.
0.
-0.0580626
0.
0.
0.
-0.149558
0.290569
-0.051123
0.
-0.0170307
0.323969
0.0816665
0.
-0.0106479
0.29686
-0.0477785
0.
0.00583612
0.326584
0.115067
0.
0.00885249
0.321386
0.0604805
0.
0.0186331
0.325663
-0.101135
0.
0.00195304
0.291758
0.0471394
0.
-0.0313667
0.322685
-0.0596792
0.
-0.0189969
0.
0.
0.
-0.0833546
0.
0.
0.
-0.0704081
0.
0.
0.
0.122575
0.
0.
0.
0.0358419
0.
0.
0.
-0.124115
0.
0.
0.
-0.0763973
0.
0.
0.
-0.0137078
0.
0.
0.
0.232862
0.
0.
0.
0.198355
0.
0.
0.
0.121099
0.
0.
0.
-0.0350336
0.
0.
0.
0.0684357
0.
0.
0.
0.0771813
0.
0.
0.
-0.0105785
0.
0.
0.
0.378111
0.
0.
0.
0.281407
0.
0.
0.
0.160289
0.
0.
0.
-0.00805104
1.
0.
0.
0.0556316
0.40323
-0.00860365
-0.00143828
0.0112185
0.375564
0.
-0.00107385
-0.00455629
0.280109
0.
0.000729767
-0.040976
0.357485
0.
0.00976195
0.0863771
0.381769
0.
0.00137895
-0.0127118
0.282396
0.
0.00742989
-0.0481896
0.356357
0.
-0.00833211
0.115924
0.368315
0.00876172
0.
0.12633
0.379271
0.0209868
0.
-0.00240709
0.268356
0.0253619
0.
-0.0467721
0.340713
-0.00384441
0.
0.119325
0.385405
0.00911204
0.
-0.00465172
0.274477
0.00968347
0.
-0.0551151
0.241088
0.00742499
-0.0406523
-0.04086
0.247427
-0.0162554
0.0174458
-0.0727991
0.330422
-0.0345386
-0.0257347
0.0411595
0.431734
-0.0701051
-0.101964
0.209793
0.372458
0.0672234
-0.101491
0.161695
0.287507
0.0312053
0.0229267
0.0827889
0.348999
0.0692151
0.0579868
0.193625
0.238417
-0.00407467
-0.0244438
-0.0127261
0.344263
7.76974e-06
-0.0180971
0.0450661
0.256076
0.00627339
0.0227675
-0.0444082
0.308388
-0.0176209
0.0173398
0.056407
0.311131
-0.0599526
0.0971424
0.1678
0.336602
0.00124105
-0.013149
0.0762511
0.248888
-0.0573539
0.0285212
0.0365629
0.332047
0.0103455
0.0981713
0.185905
