Vec Object: 1 MPI process
  type: seq
0.
0.
0.
-0.0965417
0.
0.
0.
0.0235086
0.16569
-0.167246
0.
-0.0638312
0.173643
-0.178624
0.
-0.0624495
0.189339
0.205391
0.
-0.0524852
0.179594
0.164832
0.
-0.0584158
0.388508
0.0089095
0.
0.00160402
0.375577
0.00869254
0.
0.00764249
0.390673
-0.0209197
0.
0.00859666
0.397405
-0.0173787
0.
0.0068529
0.
0.
0.
-0.0252798
0.
0.
0.
-0.0676847
0.316722
-0.0570179
0.
-0.0148069
0.318793
0.0890198
0.
0.00361786
0.321615
-0.0511605
0.
-0.0123493
0.32232
0.112855
0.
0.0186627
0.34814
0.0733176
0.
-0.00212045
0.322406
-0.103426
0.
0.0146352
0.316973
0.0388954
0.
-0.0155123
0.320114
-0.0627007
0.
-0.00204839
0.
0.
0.
-0.125855
0.
0.
0.
0.0068534
0.
0.
0.
-0.00982574
0.
0.
0.
0.132672
0.
0.
0.
-0.0516813
0.
0.
0.
-0.151616
0.
0.
0.
-0.219821
0.
0.
0.
0.013618
0.
0.
0.
-0.0386142
0.
0.
0.
-0.0311958
0.
0.
0.
-0.163579
0.
0.
0.
0.0307799
0.
0.
0.
-0.0905224
0.
0.
0.
0.00295405
0.
0.
0.
0.113835
0.
0.
0.
0.00481257
0.
0.
0.
-0.00835449
0.
0.
0.
0.00976224
1.
0.
0.
0.0406652
0.395566
-0.00823822
-0.000280749
-0.00274771
0.380061
0.
-0.00396499
-0.00445559
0.268634
0.
-0.00311715
-0.0112293
0.293704
0.
0.0207807
0.0437084
0.377859
0.
0.00507472
-0.01007
0.270386
0.
0.0147536
-0.00920814
0.306506
0.
-0.00551104
0.0505151
0.29366
0.0211315
0.
0.0490061
0.38184
0.0181708
0.
-0.00212987
0.255284
0.0200503
0.
-0.0152366
0.273784
0.00356902
0.
0.0457704
0.383045
0.0154934
0.
-0.0031839
0.263582
0.0175552
0.
-0.0135966
0.24928
0.023474
-0.0551754
-0.00471651
0.248789
-0.0253956
0.0234621
-0.014523
0.369185
-0.0232112
-0.0772249
0.00376641
0.427963
-0.15179
-0.158074
0.110165
0.356648
0.143566
-0.163488
0.071567
0.340784
-0.035332
0.0262274
0.0243881
0.362859
0.126513
0.105853
0.0831896
0.283545
-0.0159085
-0.0301099
-0.00715627
0.407726
0.00198415
-0.0519744
0.00623044
0.256695
0.0216159
0.0325734
0.0048816
0.383078
0.0115448
0.0518406
0.00656926
0.319597
-0.124055
0.144359
0.0840049
0.410576
-0.00981559
-0.00451267
0.0162144
0.318554
0.0210183
0.0775091
-0.0797296
0.348129
0.0421314
0.147864
0.0734125
