Vec Object: 1 MPI process
  type: seq
0.
0.
0.
-0.115153
0.
0.
0.
0.139882
0.150363
-0.16846
0.
-0.122021
0.165248
-0.177721
0.
-0.102258
0.194945
0.198023
0.
-0.0701337
0.165462
0.171501
0.
-0.126618
0.382154
0.0155177
0.
0.0246925
0.372777
0.0130588
0.
0.0129064
0.387093
-0.0191868
0.
0.0118958
0.388998
-0.0255507
0.
0.0334676
0.
0.
0.
-0.0572582
0.
0.
0.
-0.146937
0.291344
-0.0513663
0.
-0.0169077
0.323839
0.0821173
0.
-0.00925797
0.297569
-0.0479395
0.
0.00555324
0.326452
0.115386
0.
0.0102987
0.322147
0.0608621
0.
0.018333
0.325557
-0.101567
0.
0.00347365
0.29257
0.04698
0.
-0.0309697
0.322594
-0.0599905
0.
-0.0173663
0.
0.
0.
-0.0877584
0.
0.
0.
-0.068816
0.
0.
0.
0.116005
0.
0.
0.
0.0375888
0.
0.
0.
-0.122317
0.
0.
0.
-0.0818526
0.
0.
0.
-0.0233103
0.
0.
0.
0.223808
0.
0.
0.
0.188629
0.
0.
0.
0.113936
0.
0.
0.
-0.0432997
0.
0.
0.
0.0656439
0.
0.
0.
0.0691386
0.
0.
0.
-0.0109372
0.
0.
0.
0.368654
0.
0.
0.
0.270744
0.
0.
0.
0.15195
0.
0.
0.
-0.00749299
1.
0.
0.
0.0549972
0.403216
-0.00860557
-0.00141193
0.00944627
0.375505
0.
-0.0011565
-0.00428668
0.279825
0.
0.000638845
-0.039126
0.355636
0.
0.0100429
0.0847575
0.38151
0.
0.00149225
-0.0125418
0.282152
0.
0.00761714
-0.0461639
0.35506
0.
-0.00829681
0.113675
0.366288
0.00910704
0.
0.123754
0.379133
0.02097
0.
-0.00212792
0.26801
0.0253428
0.
-0.0448721
0.338931
-0.00379104
0.
0.11641
0.38514
0.00930905
0.
-0.00450537
0.274196
0.00992265
0.
-0.0529574
0.241336
0.00796105
-0.0413516
-0.0392457
0.247518
-0.0166641
0.0178036
-0.0702793
0.332035
-0.0342874
-0.0268332
0.0399452
0.43107
-0.0725673
-0.103691
0.206362
0.371471
0.0695333
-0.103292
0.158584
0.290249
0.030104
0.0233359
0.0806697
0.349175
0.0712794
0.0591295
0.189522
0.239677
-0.00462115
-0.0246761
-0.0123912
0.346922
8.78267e-05
-0.0189734
0.0435941
0.256297
0.00706342
0.0231931
-0.0425014
0.310612
-0.0170375
0.0179453
0.0544817
0.310873
-0.0619382
0.0987184
0.164633
0.338972
0.000907359
-0.0131591
0.0741052
0.252535
-0.0567242
0.0296962
0.0304993
0.332203
0.0113144
0.0999575
0.181521
