Vec Object: 1 MPI process
  type: seq
0.
0.
0.
-0.0883964
0.
0.
0.
0.0201389
0.167386
-0.167437
0.
-0.0573276
0.174481
-0.179108
0.
-0.0580844
0.18935
0.206248
0.
-0.0488121
0.181078
0.164232
0.
-0.0502124
0.389036
0.00860472
0.
0.000538729
0.375912
0.00821699
0.
0.00861757
0.391328
-0.0213482
0.
0.00911176
0.398199
-0.0167876
0.
0.00520325
0.
0.
0.
-0.0216133
0.
0.
0.
-0.0611102
0.320183
-0.0574015
0.
-0.0134495
0.317885
0.0894413
0.
0.00336262
0.325135
-0.0509226
0.
-0.0137765
0.321798
0.111479
0.
0.0173651
0.351882
0.0744536
0.
-0.00367541
0.322057
-0.102729
0.
0.013671
0.319921
0.0375757
0.
-0.0129475
0.32012
-0.0624241
0.
-0.0024997
0.
0.
0.
-0.117956
0.
0.
0.
0.0161778
0.
0.
0.
-0.0128008
0.
0.
0.
0.143841
0.
0.
0.
-0.044877
0.
0.
0.
-0.146671
0.
0.
0.
-0.227765
0.
0.
0.
0.000103009
0.
0.
0.
-0.053071
0.
0.
0.
-0.0361411
0.
0.
0.
-0.157417
0.
0.
0.
0.0334651
0.
0.
0.
-0.0948425
0.
0.
0.
0.00751995
0.
0.
0.
0.089912
0.
0.
0.
-0.015727
0.
0.
0.
-0.0121619
0.
0.
0.
0.0109098
1.
0.
0.
0.0375585
0.393596
-0.00810668
-8.59358e-05
-0.00202755
0.381197
0.
-0.00430345
-0.00504034
0.267131
0.
-0.00370423
-0.00928824
0.285099
0.
0.0223889
0.0395928
0.377279
0.
0.00540802
-0.00999704
0.268346
0.
0.015783
-0.0058556
0.299149
0.
-0.00488366
0.0434454
0.282918
0.0226931
0.
0.0413028
0.382786
0.0177117
0.
-0.00269676
0.253774
0.0186806
0.
-0.013164
0.263788
0.00542788
0.
0.0395527
0.382817
0.0160908
0.
-0.00343436
0.26222
0.0181467
0.
-0.0104183
0.25061
0.0249907
-0.0549887
-0.00226982
0.248895
-0.0250852
0.0228668
-0.00947851
0.371066
-0.0220281
-0.0853489
0.000430832
0.43075
-0.161123
-0.165099
0.0998267
0.358764
0.152377
-0.1714
0.0630167
0.338919
-0.0460063
0.0248506
0.019396
0.366015
0.131133
0.112857
0.073422
0.289919
-0.0160759
-0.0305776
-0.00710143
0.410646
0.00207849
-0.0554922
0.00305268
0.255642
0.020777
0.0330005
0.00982136
0.392832
0.0164654
0.0584064
0.00308388
0.324207
-0.131358
0.149346
0.0767553
0.418107
-0.0106759
-0.00255755
0.0116919
0.316938
0.037516
0.083239
-0.0813356
0.352656
0.0454677
0.151765
0.0644418
