Vec Object: 1 MPI process
  type: seq
0.
0.
0.
-0.104109
0.
0.
0.
0.0290101
0.164041
-0.16718
0.
-0.070276
0.172878
-0.178255
0.
-0.0666236
0.18952
0.204591
0.
-0.0557861
0.178087
0.165502
0.
-0.0664722
0.388003
0.00929907
0.
0.0027783
0.375364
0.00905576
0.
0.00671595
0.390201
-0.0205148
0.
0.00792356
0.396644
-0.0180233
0.
0.00859172
0.
0.
0.
-0.0293391
0.
0.
0.
-0.075417
0.313525
-0.0566485
0.
-0.0160026
0.319568
0.0886059
0.
0.0037375
0.318433
-0.0512258
0.
-0.0107237
0.322826
0.114019
0.
0.0197297
0.344725
0.0721094
0.
-0.000268616
0.32276
-0.103974
0.
0.0153616
0.314161
0.0401515
0.
-0.0180406
0.320241
-0.0628748
0.
-0.0018064
0.
0.
0.
-0.131462
0.
0.
0.
-0.00306989
0.
0.
0.
-0.00436182
0.
0.
0.
0.120177
0.
0.
0.
-0.0596613
0.
0.
0.
-0.154021
0.
0.
0.
-0.20874
0.
0.
0.
0.0293995
0.
0.
0.
-0.0215852
0.
0.
0.
-0.0236546
0.
0.
0.
-0.165203
0.
0.
0.
0.0292621
0.
0.
0.
-0.082978
0.
0.
0.
-0.00118055
0.
0.
0.
0.138631
0.
0.
0.
0.0274741
0.
0.
0.
-0.00131596
0.
0.
0.
0.00801975
1.
0.
0.
0.0432782
0.397178
-0.00832658
-0.000443505
-0.00330518
0.379061
0.
-0.00362936
-0.00388956
0.270087
0.
-0.00258407
-0.0132045
0.301572
0.
0.019306
0.0477799
0.378266
0.
0.00471275
-0.0100842
0.272199
0.
0.0138036
-0.0125228
0.31315
0.
-0.00601731
0.0574513
0.303389
0.019623
0.
0.0568413
0.381027
0.0186194
0.
-0.00157917
0.256827
0.0211632
0.
-0.0173859
0.282701
0.00204093
0.
0.0522421
0.383148
0.0148575
0.
-0.00294659
0.264904
0.0168352
0.
-0.0168551
0.248114
0.0219251
-0.0548093
-0.00762773
0.248671
-0.0252072
0.0236629
-0.019805
0.366641
-0.0244814
-0.0697563
0.00714281
0.426082
-0.142586
-0.1515
0.120457
0.355831
0.134932
-0.155996
0.0803667
0.34023
-0.0251428
0.0271612
0.0295255
0.360192
0.121484
0.0993028
0.0933096
0.277702
-0.0154719
-0.0296393
-0.00753194
0.403713
0.00186283
-0.0481778
0.00945667
0.25739
0.0216294
0.0320057
-0.000240621
0.37404
0.00711816
0.0461236
0.0103115
0.316184
-0.116917
0.139445
0.0915056
0.402879
-0.00878248
-0.00629532
0.0211295
0.317566
0.0061268
0.0715268
-0.0758485
0.344571
0.0387132
0.143526
0.0829621
