Vec Object: 1 MPI process
  type: seq
0.
0.
0.
-0.0878051
0.
0.
0.
0.0199833
0.167511
-0.167457
0.
-0.0568563
0.174547
-0.179148
0.
-0.0577579
0.189361
0.206312
0.
-0.0485312
0.181183
0.164193
0.
-0.0496181
0.389075
0.00858693
0.
0.000465815
0.375943
0.00817619
0.
0.00868599
0.391384
-0.0213802
0.
0.00913945
0.398258
-0.0167476
0.
0.00508739
0.
0.
0.
-0.0213739
0.
0.
0.
-0.0606966
0.320445
-0.057431
0.
-0.0133482
0.317813
0.0894731
0.
0.00334058
0.325404
-0.0508973
0.
-0.0138692
0.32176
0.11137
0.
0.0172641
0.352167
0.074532
0.
-0.00377338
0.322033
-0.102672
0.
0.0135933
0.32014
0.0374786
0.
-0.0127646
0.320128
-0.0623998
0.
-0.00253875
0.
0.
0.
-0.117306
0.
0.
0.
0.0168078
0.
0.
0.
-0.0129132
0.
0.
0.
0.144556
0.
0.
0.
-0.0444549
0.
0.
0.
-0.14622
0.
0.
0.
-0.228206
0.
0.
0.
-0.000772863
0.
0.
0.
-0.054
0.
0.
0.
-0.036389
0.
0.
0.
-0.156789
0.
0.
0.
0.0336977
0.
0.
0.
-0.0950178
0.
0.
0.
0.00786136
0.
0.
0.
0.08823
0.
0.
0.
-0.0171111
0.
0.
0.
-0.0123044
0.
0.
0.
0.0109603
1.
0.
0.
0.0373132
0.393437
-0.00809481
-7.01442e-05
-0.00197104
0.381285
0.
-0.00432781
-0.0050817
0.267022
0.
-0.00374911
-0.00914923
0.284443
0.
0.0225106
0.039293
0.377227
0.
0.00543049
-0.00998733
0.268189
0.
0.0158609
-0.00561308
0.298585
0.
-0.00483201
0.0429318
0.282096
0.022807
0.
0.0407555
0.38286
0.0176785
0.
-0.00273674
0.253668
0.0185691
0.
-0.0130182
0.263015
0.00557749
0.
0.0391157
0.382794
0.0161317
0.
-0.00345131
0.26212
0.0181823
0.
-0.0101929
0.250712
0.0250994
-0.0549496
-0.00211574
0.248901
-0.0250375
0.0228056
-0.00912815
0.37117
-0.0219478
-0.0859604
0.000191805
0.430992
-0.161798
-0.165627
0.0990809
0.35898
0.153017
-0.171988
0.0624135
0.338672
-0.0467827
0.0247335
0.0190429
0.366264
0.131447
0.113378
0.0727346
0.290402
-0.0160777
-0.0306119
-0.00711278
0.410807
0.0020842
-0.055728
0.00282455
0.255548
0.0206769
0.0330261
0.0101652
0.39357
0.0168406
0.0589172
0.00284239
0.324596
-0.13189
0.149709
0.0762431
0.418639
-0.0107284
-0.00241158
0.0113824
0.316707
0.0387555
0.0836307
-0.081361
0.353029
0.0457015
0.152024
0.0638204
