Vec Object: 1 MPI process
  type: seq
0.
0.
0.
-0.0751412
0.
0.
0.
0.0199218
0.170699
-0.168317
0.
-0.045559
0.176499
-0.180426
0.
-0.0491634
0.190168
0.208014
0.
-0.041073
0.183585
0.163589
0.
-0.0356737
0.390095
0.00842509
0.
-0.00109975
0.377172
0.00676212
0.
0.00994968
0.393268
-0.0222273
0.
0.00919459
0.399778
-0.0159564
0.
0.00244233
0.
0.
0.
-0.017338
0.
0.
0.
-0.0542061
0.327432
-0.0583102
0.
-0.0110013
0.315705
0.0903802
0.
0.00278127
0.332741
-0.0498444
0.
-0.0154448
0.320889
0.108324
0.
0.0146127
0.359816
0.0762076
0.
-0.00533737
0.321498
-0.101033
0.
0.0114478
0.325762
0.0351142
0.
-0.00874216
0.320792
-0.0616003
0.
-0.00364662
0.
0.
0.
-0.0994807
0.
0.
0.
0.0287334
0.
0.
0.
-0.0113359
0.
0.
0.
0.154791
0.
0.
0.
-0.0388011
0.
0.
0.
-0.132327
0.
0.
0.
-0.232758
0.
0.
0.
-0.0169878
0.
0.
0.
-0.070664
0.
0.
0.
-0.0375819
0.
0.
0.
-0.134521
0.
0.
0.
0.0400872
0.
0.
0.
-0.0931973
0.
0.
0.
0.0161565
0.
0.
0.
0.0506647
0.
0.
0.
-0.045089
0.
0.
0.
-0.0103274
0.
0.
0.
0.0103132
1.
0.
0.
0.0304781
0.388692
-0.00765202
0.000422339
-0.000545161
0.383619
0.
-0.00489531
-0.00591555
0.264393
0.
-0.00497212
-0.00589758
0.266818
0.
0.0256708
0.031926
0.375367
0.
0.00586467
-0.00939605
0.263891
0.
0.0179329
4.07234e-05
0.283353
0.
-0.0031672
0.0307155
0.259953
0.0254912
0.
0.0282918
0.384884
0.0169048
0.
-0.0035342
0.251488
0.0151217
0.
-0.00980899
0.241599
0.0100138
0.
0.0292567
0.381751
0.0169679
0.
-0.00367586
0.259678
0.0185693
0.
-0.00508994
0.253314
0.0277882
-0.0527261
0.00044307
0.248741
-0.0223661
0.0203981
-0.00166123
0.371881
-0.0203317
-0.101505
-0.00535892
0.438794
-0.177518
-0.179318
0.081427
0.367736
0.168181
-0.186665
0.048863
0.326991
-0.0642442
0.0212846
0.0111553
0.373277
0.137922
0.126085
0.057291
0.302935
-0.0158384
-0.0315387
-0.0080399
0.412144
0.0021685
-0.060045
-0.00254397
0.252196
0.016112
0.0335194
0.0174613
0.412972
0.0266075
0.0728833
-0.00242683
0.336996
-0.14463
0.158451
0.0645052
0.430404
-0.0113352
0.00107126
0.00478592
0.305929
0.0685897
0.0910601
-0.0783971
0.364643
0.0505934
0.156902
0.0502397
