Vec Object: 1 MPI process
  type: seq
0.
0.
0.
-0.0842872
0.
0.
0.
0.0193035
0.168275
-0.1676
0.
-0.0540133
0.174961
-0.179409
0.
-0.0557481
0.189455
0.20671
0.
-0.0467909
0.181811
0.163975
0.
-0.0460436
0.389318
0.00849458
0.
3.81621e-05
0.376158
0.00790626
0.
0.00908258
0.391756
-0.0215772
0.
0.00927141
0.398621
-0.0165162
0.
0.00439844
0.
0.
0.
-0.0200279
0.
0.
0.
-0.0584149
0.322066
-0.0576174
0.
-0.0127355
0.317356
0.089671
0.
0.00320137
0.327082
-0.050718
0.
-0.014391
0.321532
0.11069
0.
0.0166372
0.353935
0.0749919
0.
-0.00431568
0.321888
-0.102314
0.
0.0131041
0.32148
0.0368898
0.
-0.0116782
0.320201
-0.0622399
0.
-0.00278905
0.
0.
0.
-0.113189
0.
0.
0.
0.0204298
0.
0.
0.
-0.0132889
0.
0.
0.
0.148498
0.
0.
0.
-0.0421678
0.
0.
0.
-0.143257
0.
0.
0.
-0.230462
0.
0.
0.
-0.00573779
0.
0.
0.
-0.0592354
0.
0.
0.
-0.0375562
0.
0.
0.
-0.152485
0.
0.
0.
0.0351876
0.
0.
0.
-0.0956622
0.
0.
0.
0.00993932
0.
0.
0.
0.0782544
0.
0.
0.
-0.0251271
0.
0.
0.
-0.0127768
0.
0.
0.
0.011152
1.
0.
0.
0.035771
0.392423
-0.00801453
3.1315e-05
-0.00162164
0.381828
0.
-0.00447386
-0.00532435
0.266358
0.
-0.00402789
-0.00831549
0.280375
0.
0.0232605
0.0374771
0.376883
0.
0.00555998
-0.0099103
0.267207
0.
0.0163424
-0.00415511
0.295083
0.
-0.00449759
0.0398346
0.276993
0.023494
0.
0.0374929
0.383321
0.0174794
0.
-0.00297092
0.253048
0.0178534
0.
-0.0121545
0.258186
0.00652996
0.
0.0365213
0.382625
0.0163702
0.
-0.00354574
0.261516
0.0183704
0.
-0.0088502
0.251345
0.0257543
-0.0546315
-0.00126107
0.248924
-0.0246609
0.0223776
-0.00706901
0.37169
-0.0214823
-0.0897131
-0.00124099
0.432576
-0.165848
-0.168873
0.0945952
0.360495
0.156874
-0.175572
0.0588308
0.336817
-0.0514357
0.0239785
0.0169436
0.367833
0.133274
0.116549
0.068654
0.293376
-0.0160612
-0.0308225
-0.00722877
0.411614
0.00211522
-0.0570763
0.00145388
0.25492
0.0199416
0.0331676
0.0121854
0.398118
0.0191583
0.0621086
0.0014186
0.327127
-0.135102
0.151901
0.0731921
0.421792
-0.0110082
-0.0015244
0.0095713
0.31496
0.0463108
0.0858933
-0.0812552
0.355437
0.0470778
0.153508
0.0601608
