Vec Object: 1 MPI process
  type: seq
0.
0.
0.
-0.0714553
0.
0.
0.
0.305517
0.15307
-0.155846
0.
-0.0320033
0.169316
-0.165803
0.
-0.0103168
0.220759
0.17409
0.
0.0768087
0.1692
0.163281
0.
-0.0410855
0.356767
0.0409296
0.
0.153414
0.354201
0.0348566
0.
0.115249
0.362328
-0.0397412
0.
0.146617
0.363245
-0.0506689
0.
0.159097
0.
0.
0.
-0.12442
0.
0.
0.
-0.264119
0.269457
-0.0618455
0.
-0.121155
0.328287
0.057678
0.
-0.129687
0.277529
-0.0638231
0.
-0.100132
0.331657
0.088456
0.
-0.120869
0.301059
0.0680687
0.
-0.0701801
0.329849
-0.0721335
0.
-0.127295
0.268408
0.0642932
0.
-0.116267
0.324761
-0.0413547
0.
-0.148181
0.
0.
0.
0.0545667
0.
0.
0.
-0.13452
0.
0.
0.
0.303861
0.
0.
0.
-0.00770396
0.
0.
0.
-0.19849
0.
0.
0.
0.0907142
0.
0.
0.
0.269446
0.
0.
0.
0.491167
0.
0.
0.
0.467981
0.
0.
0.
0.315807
0.
0.
0.
0.222649
0.
0.
0.
0.129312
0.
0.
0.
0.298647
0.
0.
0.
-0.0317573
0.
0.
0.
0.661397
0.
0.
0.
0.586275
0.
0.
0.
0.415191
0.
0.
0.
-0.0789865
1.
0.
0.
0.217877
0.393081
-0.00704294
-0.00128997
0.156332
0.386835
0.
0.00103615
-0.0351298
0.286802
0.
0.00240144
-0.199126
0.390802
0.
0.00361498
0.165421
0.4009
0.
-0.000644461
-0.023933
0.287225
0.
0.00376887
-0.205582
0.374172
0.
-0.0077216
0.216112
0.403651
0.0016494
0.
0.228048
0.39429
0.0183584
0.
-0.0323712
0.276617
0.0214115
0.
-0.201264
0.369872
-0.00120042
0.
0.245967
0.407816
0.00553608
0.
-0.0149388
0.280729
0.00600227
0.
-0.215222
0.232761
-0.00310211
-0.0214012
-0.18046
0.242869
-0.0062597
0.00750791
-0.240023
0.280978
-0.0287431
-0.0066194
0.00745317
0.450046
-0.00951734
-0.0570902
0.362985
0.395331
0.010615
-0.0568697
0.279928
0.20499
0.0365427
0.00946946
0.0996649
0.340488
0.0154248
0.0349737
0.333595
0.206358
0.00318394
-0.0171182
-0.0991012
0.265999
-0.000904472
-0.00227032
0.0432604
0.246829
-0.007001
0.0109906
-0.199041
0.249968
-0.0236049
0.00904861
0.050715
0.317066
-0.00905487
0.0556396
0.273143
0.27418
0.00810714
-0.00690092
0.0924815
0.138602
-0.0449877
0.00799929
0.194064
0.324417
-0.012717
0.0511872
0.332833
