Vec Object: 1 MPI process
  type: seq
0.
0.
0.
-0.0743492
0.
0.
0.
0.020228
0.170988
-0.168432
0.
-0.0446272
0.176709
-0.180569
0.
-0.0483586
0.1903
0.208173
0.
-0.0403828
0.183772
0.163582
0.
-0.0345736
0.390187
0.00844353
0.
-0.00121082
0.377332
0.00659198
0.
0.00999934
0.393483
-0.0223089
0.
0.00912982
0.399916
-0.0159101
0.
0.00223434
0.
0.
0.
-0.0171948
0.
0.
0.
-0.0540148
0.328095
-0.0584055
0.
-0.010829
0.315485
0.0904772
0.
0.00274136
0.333448
-0.0497083
0.
-0.0155015
0.320824
0.108021
0.
0.0143745
0.360542
0.0763263
0.
-0.00538517
0.32146
-0.100867
0.
0.0112464
0.326276
0.0349157
0.
-0.00845938
0.320904
-0.0615106
0.
-0.00374825
0.
0.
0.
-0.0978952
0.
0.
0.
0.0293516
0.
0.
0.
-0.0108462
0.
0.
0.
0.154793
0.
0.
0.
-0.0388315
0.
0.
0.
-0.130974
0.
0.
0.
-0.232565
0.
0.
0.
-0.0178753
0.
0.
0.
-0.0714995
0.
0.
0.
-0.0372618
0.
0.
0.
-0.132091
0.
0.
0.
0.0406165
0.
0.
0.
-0.0925093
0.
0.
0.
0.0168299
0.
0.
0.
0.0478568
0.
0.
0.
-0.0468748
0.
0.
0.
-0.00972275
0.
0.
0.
0.0100677
1.
0.
0.
0.0298221
0.388195
-0.00759608
0.000477071
-0.000428123
0.383834
0.
-0.00494027
-0.00596142
0.264179
0.
-0.00509169
-0.00563924
0.265146
0.
0.0259553
0.0312912
0.375136
0.
0.00588854
-0.0093009
0.263481
0.
0.0181291
0.000477019
0.281899
0.
-0.00297517
0.0297289
0.257853
0.0257016
0.
0.0273352
0.385078
0.0168435
0.
-0.00357646
0.251356
0.0147421
0.
-0.00957943
0.239495
0.010477
0.
0.0284992
0.381606
0.0170205
0.
-0.00366761
0.259471
0.0185468
0.
-0.00470567
0.253528
0.0280358
-0.0524156
0.000549132
0.248676
-0.0219704
0.0201017
-0.00114991
0.371744
-0.0202303
-0.102859
-0.00579066
0.439646
-0.178742
-0.180562
0.0799946
0.368857
0.169395
-0.187928
0.0478399
0.325447
-0.0654666
0.0209545
0.0105815
0.373963
0.138352
0.127117
0.0561197
0.30406
-0.0158149
-0.0316334
-0.0081636
0.412007
0.00216985
-0.060242
-0.00297103
0.251787
0.0155022
0.0335622
0.0179546
0.414767
0.0274771
0.0742079
-0.00280492
0.33836
-0.145668
0.159173
0.0635816
0.431256
-0.0113072
0.00133817
0.00431726
0.304562
0.0708879
0.0914208
-0.0778623
0.365909
0.0508945
0.157157
0.0492397
