Vec Object: 1 MPI process
  type: seq
0.
0.
0.
-0.0737257
0.
0.
0.
0.0205234
0.17124
-0.168537
0.
-0.0438363
0.176896
-0.180698
0.
-0.0476595
0.190423
0.208311
0.
-0.0397858
0.183928
0.163584
0.
-0.0336496
0.390266
0.00846463
0.
-0.00130243
0.377478
0.00643842
0.
0.0100316
0.393675
-0.0223805
0.
0.00906383
0.400034
-0.0158739
0.
0.00205882
0.
0.
0.
-0.0171019
0.
0.
0.
-0.0538989
0.328672
-0.0584903
0.
-0.0106871
0.315291
0.0905639
0.
0.00270968
0.334065
-0.0495849
0.
-0.0155383
0.320772
0.107755
0.
0.0141696
0.361176
0.0764245
0.
-0.00541411
0.321428
-0.100722
0.
0.0110722
0.326721
0.0347466
0.
-0.00822787
0.321009
-0.0614305
0.
-0.0038352
0.
0.
0.
-0.0965472
0.
0.
0.
0.0298198
0.
0.
0.
-0.0103902
0.
0.
0.
0.154656
0.
0.
0.
-0.0389323
0.
0.
0.
-0.129809
0.
0.
0.
-0.232324
0.
0.
0.
-0.0185691
0.
0.
0.
-0.0721355
0.
0.
0.
-0.0369395
0.
0.
0.
-0.129962
0.
0.
0.
0.0410547
0.
0.
0.
-0.0918593
0.
0.
0.
0.0173975
0.
0.
0.
0.0455172
0.
0.
0.
-0.0483163
0.
0.
0.
-0.00916179
0.
0.
0.
0.00983267
1.
0.
0.
0.0292529
0.387756
-0.00754527
0.000525963
-0.000329768
0.384021
0.
-0.00497817
-0.00599614
0.263998
0.
-0.00519661
-0.00542173
0.26369
0.
0.0262
0.0307473
0.374926
0.
0.0059069
-0.00921196
0.263124
0.
0.0183002
0.000840695
0.280633
0.
-0.00280226
0.028896
0.256025
0.0258777
0.
0.0265339
0.385248
0.0167918
0.
-0.00360793
0.251254
0.0144031
0.
-0.00939056
0.237652
0.0108861
0.
0.027863
0.381473
0.0170625
0.
-0.00365557
0.259295
0.0185188
0.
-0.00438589
0.253706
0.028253
-0.0521347
0.000626293
0.248611
-0.0216061
0.0198356
-0.000732131
0.371596
-0.0201487
-0.104017
-0.0061517
0.440399
-0.179767
-0.181635
0.078782
0.369872
0.170418
-0.189007
0.046985
0.324055
-0.0664577
0.0206707
0.010109
0.374562
0.138702
0.127984
0.0551393
0.305027
-0.0157989
-0.0317177
-0.00827148
0.411855
0.00217005
-0.0603832
-0.0033297
0.251417
0.0149492
0.0336012
0.0183564
0.416322
0.0282219
0.0753566
-0.00311649
0.339572
-0.146545
0.159785
0.0628024
0.431959
-0.0112703
0.00155879
0.00392903
0.303343
0.0727873
0.0916837
-0.0773766
0.367033
0.05113
0.157351
0.0484058
