Vec Object: 1 MPI process
  type: seq
0.
0.
0.
-0.113217
0.
0.
0.
0.0404875
0.161673
-0.167238
0.
-0.079612
0.171782
-0.177877
0.
-0.0726138
0.190023
0.203491
0.
-0.0600347
0.175878
0.166535
0.
-0.077879
0.387273
0.00998313
0.
0.00474263
0.375142
0.00950341
0.
0.00566685
0.389716
-0.0199657
0.
0.0068819
0.395552
-0.0190374
0.
0.0113354
0.
0.
0.
-0.0354004
0.
0.
0.
-0.0878234
0.309206
-0.0560584
0.
-0.017305
0.320532
0.0879545
0.
0.00355347
0.314226
-0.0510837
0.
-0.00809981
0.323527
0.115366
0.
0.0207541
0.340181
0.0702549
0.
0.00282297
0.323273
-0.104509
0.
0.0158981
0.310228
0.0418369
0.
-0.0214631
0.320561
-0.0629561
0.
-0.00195351
0.
0.
0.
-0.135293
0.
0.
0.
-0.0175508
0.
0.
0.
0.00761696
0.
0.
0.
0.101589
0.
0.
0.
-0.0721176
0.
0.
0.
-0.15295
0.
0.
0.
-0.187612
0.
0.
0.
0.0558401
0.
0.
0.
0.00706243
0.
0.
0.
-0.0085699
0.
0.
0.
-0.160179
0.
0.
0.
0.0293607
0.
0.
0.
-0.0669814
0.
0.
0.
-0.0061933
0.
0.
0.
0.175947
0.
0.
0.
0.0635435
0.
0.
0.
0.0141296
0.
0.
0.
0.00497335
1.
0.
0.
0.0463438
0.399062
-0.00841395
-0.000648473
-0.00370125
0.377827
0.
-0.00315275
-0.00318834
0.272102
0.
-0.0018816
-0.0162127
0.312124
0.
0.0173518
0.0537223
0.378699
0.
0.00415696
-0.0101212
0.274524
0.
0.0125267
-0.0173215
0.321886
0.
-0.00662001
0.0673246
0.316241
0.0175387
0.
0.0683713
0.38006
0.0192339
0.
-0.000896258
0.259042
0.0224628
0.
-0.020674
0.294345
0.00025616
0.
0.0620752
0.383202
0.0138941
0.
-0.0027114
0.266759
0.0156638
0.
-0.021765
0.246661
0.0196016
-0.0535452
-0.0124145
0.248521
-0.0243607
0.0234301
-0.0277374
0.362061
-0.0263926
-0.0599539
0.0122022
0.424624
-0.129518
-0.142492
0.135351
0.356258
0.122723
-0.145723
0.093476
0.336245
-0.0116084
0.0278209
0.0372952
0.357008
0.113614
0.0905712
0.10857
0.269942
-0.0143972
-0.0289197
-0.00840888
0.396356
0.00164137
-0.0425083
0.014352
0.257963
0.0205993
0.0309393
-0.00775408
0.361785
0.0014283
0.0390133
0.016293
0.312782
-0.106807
0.132372
0.102869
0.391581
-0.00711646
-0.00852699
0.0289366
0.312421
-0.0124156
0.0628984
-0.0663609
0.34061
0.033727
0.136682
0.0977768
