Vec Object: 1 MPI process
  type: seq
0.
0.
0.
-0.0825618
0.
0.
0.
0.258611
0.14645
-0.164215
0.
-0.11257
0.162776
-0.173932
0.
-0.0903607
0.208106
0.185832
0.
-0.0201048
0.162183
0.170711
0.
-0.122181
0.36769
0.0301691
0.
0.105405
0.362413
0.0253724
0.
0.0775778
0.373924
-0.0294563
0.
0.0908871
0.374055
-0.040147
0.
0.112582
0.
0.
0.
-0.0924913
0.
0.
0.
-0.217649
0.275893
-0.0529352
0.
-0.0605979
0.32672
0.067785
0.
-0.0664339
0.283434
-0.0523469
0.
-0.0352263
0.329696
0.100808
0.
-0.0521102
0.307198
0.0603537
0.
-0.016868
0.328213
-0.0850417
0.
-0.0595122
0.275728
0.0546481
0.
-0.069013
0.324198
-0.0492485
0.
-0.081276
0.
0.
0.
0.0118062
0.
0.
0.
-0.108361
0.
0.
0.
0.249755
0.
0.
0.
0.00577905
0.
0.
0.
-0.168499
0.
0.
0.
0.0386806
0.
0.
0.
0.180209
0.
0.
0.
0.409201
0.
0.
0.
0.385347
0.
0.
0.
0.258357
0.
0.
0.
0.140905
0.
0.
0.
0.116045
0.
0.
0.
0.233226
0.
0.
0.
-0.0169285
0.
0.
0.
0.563424
0.
0.
0.
0.488388
0.
0.
0.
0.331124
0.
0.
0.
-0.0427448
1.
0.
0.
0.11125
0.398543
-0.00793349
-0.00156114
0.098069
0.381224
0.
0.000421186
-0.0120417
0.284808
0.
0.00207719
-0.11783
0.386411
0.
0.00517558
0.122589
0.392224
0.
-0.000313823
-0.0109226
0.285952
0.
0.00456665
-0.126375
0.374179
0.
-0.00818762
0.165707
0.399188
0.00313004
0.
0.178641
0.387169
0.0198592
0.
-0.00977308
0.274237
0.0235847
0.
-0.122835
0.367026
-0.00281796
0.
0.18653
0.397432
0.006121
0.
-0.00220082
0.279005
0.00634435
0.
-0.135259
0.23557
-0.00125618
-0.0268231
-0.110423
0.244621
-0.00883418
0.0102931
-0.160062
0.296764
-0.0339818
-0.0104321
0.0347232
0.445956
-0.0259026
-0.0697903
0.28888
0.390811
0.0257216
-0.0691214
0.225595
0.230451
0.0396865
0.0136171
0.103881
0.345037
0.0302453
0.0403239
0.276701
0.215477
0.00372293
-0.0194469
-0.0516166
0.290053
-0.00107442
-0.00542307
0.0539959
0.250059
-0.00613991
0.0143823
-0.121888
0.266991
-0.0240607
0.0101867
0.0678453
0.316907
-0.0233372
0.06741
0.229509
0.292391
0.00652812
-0.00972745
0.0962309
0.172432
-0.0530232
0.0119508
0.15094
0.32868
-0.0067462
0.0643914
0.274999
