Vec Object: 1 MPI process
  type: seq
0.
0.
0.
-0.122846
0.
0.
0.
0.0812382
0.156083
-0.167798
0.
-0.101411
0.168876
-0.177565
0.
-0.087171
0.191931
0.201009
0.
-0.0676349
0.170691
0.169035
0.
-0.103223
0.385304
0.0121128
0.
0.0113507
0.374477
0.0107205
0.
0.00579883
0.388841
-0.0190105
0.
0.00583179
0.392801
-0.0217754
0.
0.0194244
0.
0.
0.
-0.0478725
0.
0.
0.
-0.117813
0.300064
-0.0541176
0.
-0.0178782
0.322328
0.0858481
0.
0.000496161
0.305595
-0.0498974
0.
-0.00103068
0.325017
0.116846
0.
0.0196314
0.330815
0.0656156
0.
0.0111422
0.324417
-0.104386
0.
0.0137306
0.301453
0.0449445
0.
-0.0273689
0.321545
-0.0622878
0.
-0.00567909
0.
0.
0.
-0.12456
0.
0.
0.
-0.0472068
0.
0.
0.
0.0516129
0.
0.
0.
0.0636608
0.
0.
0.
-0.0997807
0.
0.
0.
-0.130479
0.
0.
0.
-0.118469
0.
0.
0.
0.130841
0.
0.
0.
0.0883501
0.
0.
0.
0.0426248
0.
0.
0.
-0.119408
0.
0.
0.
0.0403991
0.
0.
0.
-0.0105989
0.
0.
0.
-0.012321
0.
0.
0.
0.267746
0.
0.
0.
0.159073
0.
0.
0.
0.0703961
0.
0.
0.
-0.00193132
1.
0.
0.
0.0509213
0.401979
-0.00854495
-0.00106018
-0.00155135
0.375913
0.
-0.00211592
-0.0026255
0.276292
0.
-0.000498097
-0.0247382
0.334417
0.
0.0134306
0.0681799
0.379642
0.
0.00281804
-0.0108031
0.278884
0.
0.0099022
-0.0292775
0.339493
0.
-0.00765636
0.0898692
0.342483
0.0131379
0.
0.0955454
0.378783
0.0203814
0.
-0.000378526
0.263816
0.0244745
0.
-0.0298519
0.317843
-0.00248478
0.
0.0869986
0.383511
0.0115953
0.
-0.00301734
0.270731
0.0127632
0.
-0.034645
0.243934
0.0139354
-0.0484343
-0.0247187
0.248188
-0.0209928
0.0213111
-0.0470631
0.348615
-0.0306984
-0.0412315
0.0252634
0.425576
-0.100551
-0.122927
0.169941
0.361854
0.0957105
-0.123862
0.125
0.317543
0.0133798
0.0268562
0.0573559
0.351964
0.0935178
0.073335
0.146551
0.254123
-0.0103049
-0.027014
-0.0104895
0.374315
0.000951496
-0.029928
0.027487
0.257921
0.0151465
0.0275596
-0.0246331
0.335663
-0.00915041
0.0265185
0.0332858
0.309651
-0.0842164
0.115915
0.131576
0.365388
-0.00304031
-0.0120013
0.0499477
0.28843
-0.0422571
0.0447208
-0.0282451
0.334938
0.0223788
0.119214
0.13625
