Vec Object: 1 MPI process
  type: seq
0.
0.
0.
0.0933963
0.
0.
0.
0.548164
0.187782
-0.122526
0.
0.556683
0.204126
-0.1314
0.
0.575991
0.258469
0.138898
0.
0.664781
0.20492
0.129142
0.
0.548069
0.352393
0.0434718
0.
-0.132036
0.352782
0.036183
0.
-0.177222
0.356623
-0.0425958
0.
-0.126404
0.358978
-0.0525203
0.
-0.128684
0.
0.
0.
-0.0515108
0.
0.
0.
-0.226252
0.259606
-0.0760333
0.
-0.141253
0.330007
0.035961
0.
-0.439597
0.268532
-0.0811515
0.
-0.128837
0.333889
0.0600742
0.
-0.44491
0.291808
0.0802419
0.
-0.083474
0.331704
-0.0433875
0.
-0.447997
0.257505
0.0774536
0.
-0.102359
0.326136
-0.02404
0.
-0.463582
0.
0.
0.
0.276674
0.
0.
0.
-0.0398318
0.
0.
0.
0.558848
0.
0.
0.
0.126386
0.
0.
0.
-0.118206
0.
0.
0.
0.327877
0.
0.
0.
0.579873
0.
0.
0.
0.814667
0.
0.
0.
0.775587
0.
0.
0.
0.569504
0.
0.
0.
0.506403
0.
0.
0.
0.300877
0.
0.
0.
0.558305
0.
0.
0.
0.0876616
0.
0.
0.
1.06408
0.
0.
0.
0.94473
0.
0.
0.
0.75419
0.
0.
0.
-0.0148028
1.
0.
0.
0.850316
0.392245
-0.0053765
-0.000752313
-0.118949
0.392827
0.
0.00167578
-0.350175
0.287986
0.
0.00259986
-0.455159
0.37728
0.
0.00200393
0.55769
0.409622
0.
-0.000715742
-0.32881
0.287188
0.
0.00319969
-0.441921
0.357286
0.
-0.00703757
0.605695
0.389412
0.000851468
0.
0.614191
0.401218
0.0141894
0.
-0.347173
0.278147
0.0161903
0.
-0.449873
0.35454
0.000892474
0.
0.644524
0.417565
0.00548383
0.
-0.321431
0.281293
0.00654326
0.
-0.455923
0.227087
-0.00388341
-0.0157656
-0.244989
0.238579
-0.0032148
0.00475259
-0.40422
0.261217
-0.019941
-0.00340143
0.117417
0.448114
0.00199231
-0.0433412
0.827847
0.392085
0.00136107
-0.0439179
0.663546
0.175474
0.0286734
0.00531332
0.252375
0.326788
0.00493801
0.0297017
0.696341
0.195231
0.000803073
-0.0141419
-0.0670716
0.23817
0.000333301
0.000454586
0.175281
0.240691
-0.00515554
0.00738315
-0.2925
0.23073
-0.0208637
0.00839049
0.166852
0.309806
0.000940076
0.0428546
0.614697
0.252419
0.00930952
-0.00358099
0.258665
0.10007
-0.0321991
0.00535567
0.417552
0.310964
-0.013054
0.0374726
0.685474
