Vec Object: 1 MPI process
  type: seq
0.
0.
0.
-0.0764088
0.
0.
0.
0.0195551
0.170282
-0.168163
0.
-0.0469312
0.176207
-0.180228
0.
-0.0503143
0.189997
0.207786
0.
-0.0420649
0.183308
0.163616
0.
-0.037314
0.389962
0.00840938
0.
-0.000930346
0.376957
0.00699337
0.
0.0098557
0.392972
-0.022112
0.
0.00926627
0.399581
-0.0160311
0.
0.00275113
0.
0.
0.
-0.0176117
0.
0.
0.
-0.0545931
0.326488
-0.0581783
0.
-0.0112643
0.316012
0.0902463
0.
0.00284416
0.331736
-0.0500282
0.
-0.0153364
0.320987
0.108752
0.
0.0149576
0.35878
0.0760272
0.
-0.00524112
0.321556
-0.101266
0.
0.0117373
0.325025
0.035405
0.
-0.00917667
0.320647
-0.0617243
0.
-0.00349885
0.
0.
0.
-0.101803
0.
0.
0.
0.0276995
0.
0.
0.
-0.011961
0.
0.
0.
0.15449
0.
0.
0.
-0.0389214
0.
0.
0.
-0.134278
0.
0.
0.
-0.232869
0.
0.
0.
-0.0155465
0.
0.
0.
-0.0692695
0.
0.
0.
-0.0379358
0.
0.
0.
-0.137944
0.
0.
0.
0.0392896
0.
0.
0.
-0.0940575
0.
0.
0.
0.0151572
0.
0.
0.
0.054895
0.
0.
0.
-0.0422945
0.
0.
0.
-0.011103
0.
0.
0.
0.0106147
1.
0.
0.
0.0314162
0.389387
-0.00772739
0.000346867
-0.000719244
0.383308
0.
-0.00482852
-0.00583917
0.264709
0.
-0.00480307
-0.00628173
0.269205
0.
0.0252593
0.03285
0.375679
0.
0.00582541
-0.00951904
0.264478
0.
0.0176534
-0.000615002
0.285424
0.
-0.00342948
0.0321776
0.262953
0.0251764
0.
0.0297239
0.384607
0.0169958
0.
-0.00346284
0.2517
0.0156458
0.
-0.0101597
0.244578
0.00936571
0.
0.030388
0.381942
0.0168849
0.
-0.00367761
0.259981
0.0185835
0.
-0.00566919
0.252995
0.0274369
-0.0531444
0.000256843
0.248813
-0.022888
0.0208029
-0.0024495
0.372017
-0.0204912
-0.0995288
-0.00471236
0.437608
-0.175684
-0.177525
0.0835439
0.366221
0.166376
-0.184819
0.0503998
0.329083
-0.0623504
0.021761
0.0120301
0.372302
0.137257
0.12455
0.0590476
0.301305
-0.0158786
-0.031407
-0.00786685
0.412271
0.00216455
-0.0596992
-0.00190788
0.252751
0.0169328
0.0334609
0.0166978
0.410395
0.0253433
0.0709869
-0.00185037
0.335103
-0.143094
0.157387
0.0658771
0.429107
-0.0113485
0.000667014
0.00549809
0.307805
0.0651095
0.0904371
-0.079109
0.362888
0.0501092
0.156477
0.0517471
