Vec Object: 1 MPI process
  type: seq
0.
0.
0.
-0.0822814
0.
0.
0.
0.0191124
0.168733
-0.167704
0.
-0.0523411
0.175224
-0.179578
0.
-0.0545277
0.18954
0.206952
0.
-0.0457283
0.182174
0.163863
0.
-0.0439537
0.389464
0.00845371
0.
-0.00020347
0.376308
0.00772553
0.
0.00929847
0.392002
-0.0216967
0.
0.00931747
0.39884
-0.0163888
0.
0.00400088
0.
0.
0.
-0.019325
0.
0.
0.
-0.0572579
0.323055
-0.0577354
0.
-0.0123772
0.317069
0.089794
0.
0.00311618
0.328114
-0.050589
0.
-0.0146644
0.3214
0.110267
0.
0.0162554
0.355016
0.0752513
0.
-0.00459268
0.321805
-0.102087
0.
0.0128003
0.322287
0.0365414
0.
-0.0110566
0.320268
-0.0621344
0.
-0.00294683
0.
0.
0.
-0.110626
0.
0.
0.
0.022397
0.
0.
0.
-0.0132665
0.
0.
0.
0.150468
0.
0.
0.
-0.0410554
0.
0.
0.
-0.141328
0.
0.
0.
-0.231455
0.
0.
0.
-0.00839402
0.
0.
0.
-0.062007
0.
0.
0.
-0.0379751
0.
0.
0.
-0.149538
0.
0.
0.
0.0361222
0.
0.
0.
-0.0957032
0.
0.
0.
0.0111716
0.
0.
0.
0.0725334
0.
0.
0.
-0.0295606
0.
0.
0.
-0.012745
0.
0.
0.
0.0111651
1.
0.
0.
0.0348116
0.391778
-0.00795935
9.67065e-05
-0.00141088
0.382161
0.
-0.00455893
-0.0054598
0.265968
0.
-0.0041992
-0.00782911
0.277885
0.
0.0237149
0.0364006
0.376649
0.
0.00563075
-0.00984738
0.266602
0.
0.0166359
-0.00330371
0.292934
0.
-0.00427978
0.0380158
0.273865
0.0238967
0.
0.0356083
0.383606
0.0173633
0.
-0.00310124
0.2527
0.0173934
0.
-0.0116608
0.255197
0.00713428
0.
0.0350297
0.382502
0.016503
0.
-0.00359296
0.261157
0.0184573
0.
-0.0080755
0.251727
0.0261412
-0.0543744
-0.00082126
0.248925
-0.0243605
0.0220755
-0.00590626
0.371902
-0.0212251
-0.0919714
-0.00207545
0.433616
-0.168211
-0.170836
0.0919686
0.361573
0.159136
-0.177714
0.056772
0.335415
-0.0541285
0.0234963
0.0157368
0.368811
0.134291
0.118433
0.06631
0.295179
-0.0160321
-0.0309507
-0.00733557
0.411952
0.00213066
-0.0578017
0.000652166
0.254494
0.0193946
0.0332418
0.013325
0.400884
0.0205659
0.0640791
0.000608562
0.328777
-0.136993
0.153193
0.0714283
0.423597
-0.0111399
-0.00100019
0.00855163
0.313641
0.0507921
0.087128
-0.0809872
0.35699
0.0478539
0.154311
0.0580813
