Vec Object: 1 MPI process
  type: seq
0.
0.
0.
-0.0984712
0.
0.
0.
0.0246666
0.165283
-0.16722
0.
-0.0654151
0.173451
-0.178524
0.
-0.0634843
0.189369
0.20519
0.
-0.0533261
0.179226
0.164992
0.
-0.0604062
0.388382
0.00899811
0.
0.00188093
0.375516
0.00878921
0.
0.00740623
0.390543
-0.0208185
0.
0.00844188
0.397216
-0.0175323
0.
0.00727001
0.
0.
0.
-0.0262506
0.
0.
0.
-0.0694926
0.315917
-0.0569278
0.
-0.0151182
0.318993
0.088919
0.
0.00366192
0.320808
-0.0511907
0.
-0.0119666
0.322446
0.113159
0.
0.0189476
0.347276
0.0730273
0.
-0.0016909
0.322493
-0.103574
0.
0.0148368
0.316273
0.0392097
0.
-0.0161395
0.320135
-0.0627525
0.
-0.00196745
0.
0.
0.
-0.127449
0.
0.
0.
0.00445323
0.
0.
0.
-0.00870844
0.
0.
0.
0.129686
0.
0.
0.
-0.053557
0.
0.
0.
-0.152443
0.
0.
0.
-0.217383
0.
0.
0.
0.0172891
0.
0.
0.
-0.034662
0.
0.
0.
-0.0295768
0.
0.
0.
-0.164383
0.
0.
0.
0.0302935
0.
0.
0.
-0.0889561
0.
0.
0.
0.00189553
0.
0.
0.
0.11984
0.
0.
0.
0.0101869
0.
0.
0.
-0.0069176
0.
0.
0.
0.00937822
1.
0.
0.
0.0413481
0.39599
-0.008263
-0.000322982
-0.0029017
0.379804
0.
-0.0038823
-0.00431322
0.268995
0.
-0.00298207
-0.0117092
0.295691
0.
0.0204079
0.0447083
0.377972
0.
0.00498813
-0.0100761
0.27085
0.
0.0145143
-0.0100239
0.308193
0.
-0.00564425
0.0522278
0.296127
0.0207563
0.
0.0509171
0.381629
0.0182822
0.
-0.0019915
0.255662
0.0203434
0.
-0.0157565
0.276056
0.00316747
0.
0.0473342
0.383079
0.0153404
0.
-0.00312253
0.26391
0.0173881
0.
-0.0143879
0.24898
0.0230979
-0.0551312
-0.00539285
0.248759
-0.025388
0.0235438
-0.0158002
0.368616
-0.0235165
-0.0753355
0.00458918
0.427426
-0.14952
-0.156427
0.112692
0.356344
0.141432
-0.161616
0.0737043
0.340846
-0.0327778
0.0264958
0.0256341
0.362164
0.125314
0.104204
0.0856401
0.282068
-0.015826
-0.0299957
-0.00722318
0.406834
0.00195685
-0.0510612
0.00701475
0.256893
0.0216858
0.0324474
0.00363689
0.380805
0.0104167
0.0503675
0.00746166
0.318663
-0.122291
0.143149
0.0858202
0.4087
-0.00957488
-0.00496713
0.017384
0.318533
0.0172099
0.076053
-0.0789849
0.34718
0.0412975
0.146835
0.0757024
