Vec Object: 1 MPI process
  type: seq
0.
0.
0.
-0.121108
0.
0.
0.
0.108424
0.153207
-0.168172
0.
-0.112165
0.167135
-0.177625
0.
-0.0948699
0.193252
0.199649
0.
-0.0698861
0.168058
0.170301
0.
-0.115361
0.383964
0.0135822
0.
0.0166762
0.373828
0.0116695
0.
0.00806046
0.388191
-0.0188703
0.
0.00734928
0.391113
-0.0234629
0.
0.0252239
0.
0.
0.
-0.0528063
0.
0.
0.
-0.132398
0.295706
-0.0527981
0.
-0.0171955
0.323098
0.0842619
0.
-0.00320413
0.301568
-0.0489505
0.
0.00268737
0.325727
0.116564
0.
0.0163641
0.326455
0.0631956
0.
0.0152804
0.324978
-0.103404
0.
0.00998626
0.297073
0.0460574
0.
-0.0292143
0.322071
-0.0613939
0.
-0.0101699
0.
0.
0.
-0.109297
0.
0.
0.
-0.058962
0.
0.
0.
0.0813668
0.
0.
0.
0.049102
0.
0.
0.
-0.111668
0.
0.
0.
-0.10932
0.
0.
0.
-0.0741193
0.
0.
0.
0.175041
0.
0.
0.
0.136111
0.
0.
0.
0.0758778
0.
0.
0.
-0.0855368
0.
0.
0.
0.0513932
0.
0.
0.
0.0265012
0.
0.
0.
-0.0124134
0.
0.
0.
0.316799
0.
0.
0.
0.212765
0.
0.
0.
0.108106
0.
0.
0.
-0.0047348
1.
0.
0.
0.052587
0.402819
-0.00858912
-0.00124559
0.00225721
0.375488
0.
-0.00162992
-0.0031369
0.278135
0.
9.54372e-05
-0.0307307
0.345071
0.
0.0116881
0.0760957
0.380376
0.
0.00214889
-0.011576
0.280637
0.
0.00872325
-0.0366321
0.347461
0.
-0.008028
0.101446
0.354568
0.0110943
0.
0.109446
0.378711
0.0207596
0.
-0.000927649
0.265979
0.0250515
0.
-0.0361667
0.32858
-0.00329856
0.
0.100952
0.384064
0.010445
0.
-0.00366389
0.272528
0.0113213
0.
-0.0426822
0.242671
0.010982
-0.0450994
-0.0314054
0.247924
-0.01891
0.0196947
-0.0577527
0.340715
-0.0326287
-0.0335732
0.0325865
0.427827
-0.0865274
-0.113369
0.187698
0.366264
0.0826086
-0.113522
0.14144
0.304805
0.0227127
0.0253676
0.0686922
0.350357
0.0826732
0.0659327
0.167257
0.246836
-0.00761375
-0.0259094
-0.0112541
0.361258
0.000534636
-0.024227
0.0352541
0.257306
0.0113487
0.0254872
-0.0330411
0.323143
-0.0133846
0.0218259
0.0435236
0.309832
-0.073116
0.107463
0.147456
0.35227
-0.00103502
-0.0128686
0.0618041
0.271784
-0.0512161
0.0368218
-0.00132284
0.333309
0.0168281
0.109818
0.157896
