Vec Object: 1 MPI process
  type: seq
0.
0.
0.
-0.0811528
0.
0.
0.
0.0190727
0.169002
-0.167771
0.
-0.0513738
0.175384
-0.179682
0.
-0.0538064
0.1896
0.207095
0.
-0.0450996
0.182382
0.163805
0.
-0.0427512
0.389551
0.00843525
0.
-0.000339754
0.376405
0.00761238
0.
0.00941564
0.392155
-0.0217674
0.
0.00933206
0.398968
-0.0163184
0.
0.00377344
0.
0.
0.
-0.0189523
0.
0.
0.
-0.0566564
0.323641
-0.0578071
0.
-0.0121719
0.316895
0.0898681
0.
0.00306648
0.328727
-0.0505057
0.
-0.0148097
0.321324
0.110013
0.
0.0160304
0.355657
0.0753973
0.
-0.00473749
0.321758
-0.101951
0.
0.0126192
0.32276
0.0363392
0.
-0.0107043
0.320317
-0.0620692
0.
-0.00304121
0.
0.
0.
-0.109103
0.
0.
0.
0.0234714
0.
0.
0.
-0.013171
0.
0.
0.
0.151471
0.
0.
0.
-0.0405007
0.
0.
0.
-0.140154
0.
0.
0.
-0.231914
0.
0.
0.
-0.00983747
0.
0.
0.
-0.0635011
0.
0.
0.
-0.0381254
0.
0.
0.
-0.147694
0.
0.
0.
0.0366774
0.
0.
0.
-0.0956102
0.
0.
0.
0.0118859
0.
0.
0.
0.0692783
0.
0.
0.
-0.0320234
0.
0.
0.
-0.0126225
0.
0.
0.
0.0111359
1.
0.
0.
0.0342381
0.391386
-0.00792431
0.000136775
-0.00128781
0.382358
0.
-0.0046078
-0.00553494
0.265742
0.
-0.00430115
-0.00754931
0.276407
0.
0.0239825
0.0357743
0.376501
0.
0.00566963
-0.00980385
0.266241
0.
0.0168096
-0.00281443
0.291658
0.
-0.00414543
0.0369659
0.272007
0.0241286
0.
0.0345312
0.383776
0.0172967
0.
-0.00317336
0.252506
0.0171121
0.
-0.0113808
0.253412
0.00750043
0.
0.0341789
0.382421
0.0165769
0.
-0.00361658
0.260949
0.0184983
0.
-0.00763326
0.251952
0.0263666
-0.0542005
-0.00058919
0.24892
-0.0241568
0.0218824
-0.00525215
0.37199
-0.0210825
-0.0932946
-0.00255469
0.434256
-0.169569
-0.171993
0.0904538
0.362267
0.160441
-0.178965
0.0555991
0.334492
-0.0556624
0.023205
0.0150499
0.369398
0.134859
0.119527
0.0649745
0.296241
-0.0160099
-0.0310269
-0.00741029
0.412098
0.0021386
-0.0581947
0.00019022
0.254226
0.0190357
0.0332824
0.0139653
0.402518
0.0213951
0.0652524
0.000149947
0.329791
-0.138087
0.153942
0.0704187
0.424622
-0.0112032
-0.000697508
0.00797779
0.312775
0.0533849
0.0878029
-0.0807637
0.357941
0.0482888
0.154749
0.0569041
