Vec Object: 1 MPI process
  type: seq
0.
0.
0.
-0.0851146
0.
0.
0.
0.0194249
0.168092
-0.167563
0.
-0.05469
0.174859
-0.179344
0.
-0.0562334
0.189427
0.206614
0.
-0.0472125
0.181663
0.164024
0.
-0.0468925
0.389259
0.00851409
0.
0.000138054
0.376102
0.0079745
0.
0.00899113
0.391662
-0.0215296
0.
0.00924581
0.398534
-0.0165697
0.
0.00456092
0.
0.
0.
-0.020332
0.
0.
0.
-0.0589234
0.321674
-0.0575716
0.
-0.0128812
0.317469
0.0896227
0.
0.00323531
0.326675
-0.050765
0.
-0.014273
0.321586
0.110856
0.
0.0167891
0.353506
0.0748845
0.
-0.00419446
0.321922
-0.102402
0.
0.0132237
0.321158
0.0370304
0.
-0.0119338
0.320179
-0.0622801
0.
-0.0027273
0.
0.
0.
-0.114197
0.
0.
0.
0.0195974
0.
0.
0.
-0.0132466
0.
0.
0.
0.147622
0.
0.
0.
-0.0426694
0.
0.
0.
-0.143999
0.
0.
0.
-0.229989
0.
0.
0.
-0.0046064
0.
0.
0.
-0.0580478
0.
0.
0.
-0.03733
0.
0.
0.
-0.15359
0.
0.
0.
0.0348205
0.
0.
0.
-0.0955738
0.
0.
0.
0.00944229
0.
0.
0.
0.0806014
0.
0.
0.
-0.0232723
0.
0.
0.
-0.0127246
0.
0.
0.
0.0111249
1.
0.
0.
0.0361481
0.392673
-0.00803508
6.12689e-06
-0.00170597
0.381696
0.
-0.00443925
-0.00526783
0.266516
0.
-0.00396019
-0.0085132
0.281362
0.
0.0230795
0.0379108
0.37697
0.
0.00553015
-0.00993178
0.267446
0.
0.0162259
-0.00450118
0.295933
0.
-0.00458102
0.0405714
0.278232
0.0233306
0.
0.0382631
0.383209
0.0175266
0.
-0.00291645
0.253193
0.0180309
0.
-0.0123575
0.259363
0.00629507
0.
0.0371322
0.38267
0.0163148
0.
-0.00352468
0.26166
0.01833
0.
-0.00916705
0.251192
0.0255983
-0.0547205
-0.00145256
0.248921
-0.024765
0.0224889
-0.00755023
0.371583
-0.02159
-0.0888099
-0.000901431
0.432178
-0.164887
-0.16809
0.0956608
0.3601
0.155957
-0.174713
0.0596746
0.337318
-0.0503348
0.0241657
0.0174383
0.367449
0.13285
0.11579
0.0696147
0.292658
-0.0160691
-0.0307717
-0.00719369
0.411448
0.00210837
-0.0567677
0.0017793
0.255079
0.020138
0.0331358
0.0117134
0.397019
0.0185981
0.0613313
0.00175231
0.326495
-0.134337
0.151378
0.0739123
0.421051
-0.0109477
-0.00173633
0.00999366
0.315431
0.0445026
0.0853718
-0.0813205
0.354838
0.0467561
0.153168
0.0610179
