Vec Object: 1 MPI process
  type: seq
0.
0.
0.
-0.0801528
0.
0.
0.
0.0190817
0.169248
-0.167837
0.
-0.0504958
0.175534
-0.17978
0.
-0.0531408
0.189661
0.207227
0.
-0.0445194
0.182568
0.163757
0.
-0.0416642
0.38963
0.00842208
0.
-0.000461199
0.376499
0.00750363
0.
0.00951631
0.392301
-0.0218327
0.
0.00933706
0.399086
-0.0162567
0.
0.00356851
0.
0.
0.
-0.0186373
0.
0.
0.
-0.0561555
0.324182
-0.0578747
0.
-0.0119874
0.316732
0.0899375
0.
0.0030214
0.329296
-0.0504241
0.
-0.0149329
0.321255
0.109777
0.
0.0158234
0.35625
0.0755271
0.
-0.00485864
0.321716
-0.101824
0.
0.0124515
0.323196
0.0361553
0.
-0.0103899
0.320367
-0.0620071
0.
-0.00312869
0.
0.
0.
-0.107696
0.
0.
0.
0.0244029
0.
0.
0.
-0.013032
0.
0.
0.
0.152284
0.
0.
0.
-0.0400577
0.
0.
0.
-0.139053
0.
0.
0.
-0.232255
0.
0.
0.
-0.0110874
0.
0.
0.
-0.064786
0.
0.
0.
-0.038203
0.
0.
0.
-0.145933
0.
0.
0.
0.0371885
0.
0.
0.
-0.0954507
0.
0.
0.
0.0125345
0.
0.
0.
0.0663592
0.
0.
0.
-0.0341922
0.
0.
0.
-0.0124459
0.
0.
0.
0.0110845
1.
0.
0.
0.0337052
0.391019
-0.00789032
0.000174726
-0.0011756
0.382539
0.
-0.00465193
-0.00560078
0.265537
0.
-0.00439572
-0.00729635
0.27504
0.
0.0242285
0.035203
0.376358
0.
0.00570352
-0.00975926
0.265908
0.
0.0169701
-0.00237279
0.290476
0.
-0.00401756
0.0360146
0.270288
0.0243383
0.
0.0335622
0.383933
0.0172365
0.
-0.00323641
0.252334
0.0168463
0.
-0.0111305
0.251752
0.00784418
0.
0.0334144
0.382342
0.016642
0.
-0.00363528
0.260759
0.0185291
0.
-0.00723586
0.252157
0.0265728
-0.054026
-0.000393039
0.248911
-0.0239513
0.0216948
-0.00467091
0.372046
-0.0209571
-0.0945065
-0.00298728
0.434864
-0.170795
-0.173056
0.0890818
0.362945
0.161623
-0.180107
0.0545463
0.333578
-0.0570357
0.022933
0.0144343
0.369943
0.135361
0.120521
0.0637755
0.297217
-0.0159868
-0.0310977
-0.00748617
0.412199
0.00214514
-0.0585331
-0.000227859
0.253968
0.0186812
0.0333182
0.0145337
0.404024
0.0221573
0.0663398
-0.000259754
0.330753
-0.139079
0.154622
0.0695086
0.425539
-0.0112518
-0.000423672
0.00746716
0.311924
0.0557335
0.0883878
-0.0805177
0.35884
0.0486734
0.155129
0.055852
