Vec Object: 1 MPI process
  type: seq
0.
0.
0.
-0.121022
0.
0.
0.
0.109063
0.153144
-0.16818
0.
-0.112392
0.167095
-0.177627
0.
-0.0950371
0.193284
0.199617
0.
-0.0699172
0.168001
0.170328
0.
-0.115618
0.38393
0.0136185
0.
0.0168163
0.37381
0.0116942
0.
0.00813369
0.388173
-0.0188714
0.
0.00740925
0.391073
-0.0235033
0.
0.0253718
0.
0.
0.
-0.0529056
0.
0.
0.
-0.132713
0.295612
-0.0527674
0.
-0.01718
0.323115
0.084222
0.
-0.00330727
0.301481
-0.0489283
0.
0.00276362
0.325743
0.116549
0.
0.0162657
0.326362
0.0631433
0.
0.0153631
0.32499
-0.103374
0.
0.00987786
0.296977
0.0460788
0.
-0.0292498
0.322083
-0.0613693
0.
-0.010294
0.
0.
0.
-0.108894
0.
0.
0.
-0.0591945
0.
0.
0.
0.0820686
0.
0.
0.
0.0488205
0.
0.
0.
-0.111911
0.
0.
0.
-0.108789
0.
0.
0.
-0.0730839
0.
0.
0.
0.176052
0.
0.
0.
0.137202
0.
0.
0.
0.0766547
0.
0.
0.
-0.0847067
0.
0.
0.
0.0516701
0.
0.
0.
0.02737
0.
0.
0.
-0.0123957
0.
0.
0.
0.317894
0.
0.
0.
0.213978
0.
0.
0.
0.108993
0.
0.
0.
-0.00479247
1.
0.
0.
0.0526264
0.402833
-0.00858985
-0.00124945
0.00237116
0.375483
0.
-0.00161953
-0.00315493
0.278174
0.
0.000107748
-0.0308826
0.345301
0.
0.0116514
0.0762751
0.380396
0.
0.00213445
-0.0115956
0.280672
0.
0.00869846
-0.036811
0.34763
0.
-0.00803499
0.101704
0.354826
0.0110507
0.
0.109752
0.378714
0.0207661
0.
-0.000946664
0.266024
0.0250609
0.
-0.0363256
0.328809
-0.00331265
0.
0.10127
0.384081
0.0104201
0.
-0.00368089
0.272566
0.0112903
0.
-0.0428769
0.242643
0.010917
-0.0450222
-0.0315593
0.247917
-0.0188628
0.0196563
-0.0580004
0.340535
-0.0326682
-0.0334174
0.032749
0.427888
-0.086224
-0.113161
0.188092
0.366369
0.0823248
-0.113299
0.141804
0.304507
0.0228937
0.025329
0.0689475
0.350327
0.0824316
0.065779
0.167723
0.24668
-0.00755148
-0.0258841
-0.0112714
0.36096
0.000525179
-0.024108
0.035431
0.257289
0.0112601
0.0254397
-0.0332304
0.322872
-0.01347
0.0217333
0.0437568
0.309846
-0.0728745
0.107277
0.147815
0.351983
-0.000992069
-0.0128811
0.062069
0.271393
-0.0513715
0.0366588
-0.000681985
0.33328
0.016708
0.109609
0.158387
