Vec Object: 1 MPI process
  type: seq
0.
0.
0.
-0.0784016
0.
0.
0.
0.0192078
0.169705
-0.167971
0.
-0.048895
0.175823
-0.179971
0.
-0.051898
0.189795
0.207473
0.
-0.0434377
0.182904
0.163682
0.
-0.0396969
0.389777
0.00840772
0.
-0.000676787
0.376689
0.00728912
0.
0.00968378
0.392586
-0.021955
0.
0.00932435
0.399305
-0.0161502
0.
0.00319863
0.
0.
0.
-0.0181239
0.
0.
0.
-0.0553577
0.325194
-0.0580048
0.
-0.0116567
0.316421
0.0900702
0.
0.00294014
0.330364
-0.0502599
0.
-0.0151343
0.321133
0.10933
0.
0.0154398
0.35736
0.0757572
0.
-0.00505292
0.321642
-0.101582
0.
0.0121374
0.324004
0.0358192
0.
-0.00983152
0.320477
-0.0618866
0.
-0.00329216
0.
0.
0.
-0.105081
0.
0.
0.
0.0259848
0.
0.
0.
-0.012651
0.
0.
0.
0.153507
0.
0.
0.
-0.0394095
0.
0.
0.
-0.136966
0.
0.
0.
-0.232686
0.
0.
0.
-0.0132143
0.
0.
0.
-0.0669483
0.
0.
0.
-0.038199
0.
0.
0.
-0.14251
0.
0.
0.
0.0381309
0.
0.
0.
-0.0949742
0.
0.
0.
0.0137155
0.
0.
0.
0.0611312
0.
0.
0.
-0.0379745
0.
0.
0.
-0.0119656
0.
0.
0.
0.0109272
1.
0.
0.
0.0327028
0.390315
-0.00782246
0.000248174
-0.000970453
0.382878
0.
-0.00473176
-0.00571413
0.265165
0.
-0.00457361
-0.00683807
0.272479
0.
0.0246848
0.0341538
0.376074
0.
0.00576154
-0.00966408
0.265281
0.
0.0172702
-0.0015754
0.288261
0.
-0.00376829
0.0342857
0.267069
0.0247176
0.
0.0318188
0.384228
0.0171277
0.
-0.00334454
0.252036
0.016333
0.
-0.010685
0.248623
0.00850092
0.
0.0320398
0.382178
0.0167556
0.
-0.00366163
0.260412
0.0185685
0.
-0.00652236
0.252533
0.0269542
-0.0536654
-7.17971e-05
0.248881
-0.0235219
0.0213212
-0.00364447
0.372087
-0.020739
-0.0967418
-0.00376884
0.436039
-0.17301
-0.175032
0.0865882
0.364307
0.163767
-0.182209
0.052658
0.331721
-0.0594814
0.0224195
0.013334
0.370973
0.136241
0.122334
0.0616239
0.299028
-0.0159398
-0.0312317
-0.0076434
0.4123
0.00215535
-0.0591006
-0.000986239
0.253458
0.0179603
0.033382
0.0155355
0.406832
0.0235701
0.068379
-0.000989274
0.332613
-0.140885
0.155863
0.0678655
0.427174
-0.0113166
7.14604e-05
0.006562
0.310207
0.0599863
0.0893776
-0.0799655
0.360574
0.0493457
0.155775
0.0539752
