Vec Object: 1 MPI process
  type: seq
0.
0.
0.
-0.0854419
0.
0.
0.
0.0194795
0.16802
-0.167549
0.
-0.0549561
0.17482
-0.179319
0.
-0.056423
0.189417
0.206577
0.
-0.047377
0.181605
0.164044
0.
-0.0472266
0.389236
0.00852221
0.
0.000177661
0.376081
0.00800061
0.
0.00895461
0.391627
-0.021511
0.
0.0092347
0.3985
-0.016591
0.
0.00462507
0.
0.
0.
-0.0204545
0.
0.
0.
-0.0591294
0.321521
-0.0575538
0.
-0.0129386
0.317512
0.089604
0.
0.00324854
0.326516
-0.0507827
0.
-0.0142255
0.321608
0.110921
0.
0.0168483
0.353339
0.0748419
0.
-0.00414541
0.321935
-0.102436
0.
0.0132702
0.321032
0.0370856
0.
-0.0120349
0.320171
-0.0622955
0.
-0.00270338
0.
0.
0.
-0.114589
0.
0.
0.
0.0192647
0.
0.
0.
-0.0132219
0.
0.
0.
0.147267
0.
0.
0.
-0.0428743
0.
0.
0.
-0.144285
0.
0.
0.
-0.229792
0.
0.
0.
-0.00415279
0.
0.
0.
-0.0575706
0.
0.
0.
-0.0372321
0.
0.
0.
-0.154011
0.
0.
0.
0.0346782
0.
0.
0.
-0.0955279
0.
0.
0.
0.0092472
0.
0.
0.
0.0815291
0.
0.
0.
-0.0225337
0.
0.
0.
-0.0126937
0.
0.
0.
0.0111109
1.
0.
0.
0.0362946
0.39277
-0.00804291
-3.59035e-06
-0.00173895
0.381645
0.
-0.00442561
-0.00524537
0.266579
0.
-0.00393381
-0.00859107
0.281746
0.
0.0230087
0.038081
0.377004
0.
0.00551824
-0.00993965
0.267539
0.
0.0161805
-0.00463746
0.296265
0.
-0.00461313
0.0408613
0.278715
0.0232664
0.
0.0385671
0.383165
0.0175452
0.
-0.00289479
0.25325
0.0180994
0.
-0.0124378
0.259821
0.00620415
0.
0.0373736
0.382686
0.0162928
0.
-0.00351613
0.261717
0.0183133
0.
-0.00929213
0.251132
0.025537
-0.0547531
-0.00152994
0.248919
-0.0248034
0.0225311
-0.00774103
0.371539
-0.0216329
-0.0884564
-0.000767645
0.432026
-0.164509
-0.167784
0.0960801
0.35995
0.155596
-0.174376
0.0600079
0.337504
-0.0499005
0.0242381
0.0176337
0.3673
0.132681
0.115492
0.0699943
0.292377
-0.0160715
-0.0307518
-0.00718118
0.411378
0.00210558
-0.0566441
0.00190741
0.25514
0.0202114
0.033123
0.0115263
0.39659
0.0183793
0.0610287
0.00188443
0.326251
-0.134036
0.151173
0.0741965
0.420757
-0.0109227
-0.00181957
0.0101613
0.315607
0.0437929
0.0851637
-0.0813394
0.354607
0.0466285
0.153032
0.0613574
