Vec Object: 1 MPI process
  type: seq
0.
0.
0.
-0.120481
0.
0.
0.
0.0598254
0.158729
-0.167481
0.
-0.0911774
0.170325
-0.177625
0.
-0.0801866
0.190924
0.20218
0.
-0.0644835
0.173133
0.167853
0.
-0.0915172
0.386304
0.0110097
0.
0.00778508
0.374856
0.010078
0.
0.00517568
0.389263
-0.0193815
0.
0.0059078
0.394156
-0.0204147
0.
0.0152377
0.
0.
0.
-0.0424467
0.
0.
0.
-0.103821
0.304237
-0.0551448
0.
-0.0180359
0.321544
0.0869721
0.
0.002495
0.309496
-0.0505888
0.
-0.00449227
0.324338
0.116458
0.
0.020887
0.33505
0.0678379
0.
0.00711765
0.323889
-0.104708
0.
0.0154591
0.30553
0.0436396
0.
-0.0250071
0.321063
-0.0627635
0.
-0.00322589
0.
0.
0.
-0.132941
0.
0.
0.
-0.0342577
0.
0.
0.
0.0283511
0.
0.
0.
0.0801119
0.
0.
0.
-0.0873559
0.
0.
0.
-0.144377
0.
0.
0.
-0.15416
0.
0.
0.
0.0934779
0.
0.
0.
0.0478808
0.
0.
0.
0.0160167
0.
0.
0.
-0.143201
0.
0.
0.
0.0333636
0.
0.
0.
-0.0400951
0.
0.
0.
-0.0104581
0.
0.
0.
0.223832
0.
0.
0.
0.112396
0.
0.
0.
0.0407444
0.
0.
0.
0.00111688
1.
0.
0.
0.0491359
0.400829
-0.00849071
-0.000874692
-0.00323246
0.376643
0.
-0.00258922
-0.002661
0.274416
0.
-0.00110884
-0.0203622
0.324229
0.
0.0151796
0.0612419
0.37916
0.
0.00344815
-0.0103472
0.276998
0.
0.0110812
-0.0234173
0.331601
0.
-0.00722241
0.0793034
0.330653
0.0151336
0.
0.0827463
0.379209
0.0199011
0.
-0.00038994
0.261654
0.0236833
0.
-0.0251728
0.307284
-0.0014072
0.
0.0749196
0.383285
0.0126758
0.
-0.00270636
0.268932
0.0141304
0.
-0.0282578
0.245141
0.016631
-0.0511287
-0.0188234
0.248357
-0.0227405
0.0225219
-0.0378187
0.355329
-0.0287335
-0.0493703
0.0188703
0.424478
-0.11391
-0.131943
0.153686
0.358604
0.10817
-0.13383
0.110049
0.327609
0.00277803
0.0276839
0.0475485
0.353977
0.103203
0.0809427
0.128278
0.261245
-0.0124638
-0.0279517
-0.00960779
0.385371
0.00130193
-0.0356497
0.0209599
0.258148
0.0181215
0.0292815
-0.0168453
0.347617
-0.00459152
0.0317798
0.0247403
0.310443
-0.0946829
0.123662
0.117688
0.377637
-0.00495367
-0.010668
0.0396178
0.301411
-0.0304201
0.0528461
-0.0487796
0.337112
0.0276455
0.127623
0.117502
