Vec Object: 1 MPI process
  type: seq
0.
0.
0.
-0.073813
0.
0.
0.
0.0204787
0.171203
-0.168521
0.
-0.0439508
0.176868
-0.180679
0.
-0.0477616
0.190404
0.208291
0.
-0.0398728
0.183906
0.163583
0.
-0.0337827
0.390255
0.00846125
0.
-0.00128933
0.377457
0.00646119
0.
0.0100275
0.393647
-0.02237
0.
0.00907403
0.400016
-0.015879
0.
0.00208416
0.
0.
0.
-0.0171136
0.
0.
0.
-0.053913
0.328588
-0.0584778
0.
-0.0107074
0.315319
0.0905511
0.
0.00271413
0.333974
-0.0496032
0.
-0.0155337
0.320779
0.107794
0.
0.0141994
0.361083
0.0764105
0.
-0.00541059
0.321433
-0.100744
0.
0.0110976
0.326656
0.0347711
0.
-0.00826087
0.320993
-0.0614424
0.
-0.00382258
0.
0.
0.
-0.0967423
0.
0.
0.
0.0297553
0.
0.
0.
-0.0104585
0.
0.
0.
0.154684
0.
0.
0.
-0.0389133
0.
0.
0.
-0.129978
0.
0.
0.
-0.232363
0.
0.
0.
-0.0184721
0.
0.
0.
-0.0720477
0.
0.
0.
-0.036989
0.
0.
0.
-0.130274
0.
0.
0.
0.0409921
0.
0.
0.
-0.0919571
0.
0.
0.
0.0173156
0.
0.
0.
0.0458532
0.
0.
0.
-0.048112
0.
0.
0.
-0.00924563
0.
0.
0.
0.00986823
1.
0.
0.
0.029336
0.38782
-0.00755282
0.000518742
-0.000343938
0.383993
0.
-0.0049727
-0.00599137
0.264025
0.
-0.00518122
-0.0054531
0.263903
0.
0.0261644
0.0308263
0.374957
0.
0.00590436
-0.00922532
0.263176
0.
0.0182752
0.000788475
0.280818
0.
-0.00282788
0.0290162
0.256292
0.0258524
0.
0.0266493
0.385223
0.0167992
0.
-0.00360364
0.251268
0.0144532
0.
-0.00941754
0.237922
0.0108259
0.
0.0279547
0.381493
0.0170566
0.
-0.00365762
0.25932
0.0185234
0.
-0.00443178
0.253681
0.0282211
-0.0521763
0.000615854
0.248621
-0.0216605
0.019875
-0.000791633
0.371619
-0.0201602
-0.103849
-0.00609978
0.440288
-0.17962
-0.181479
0.0789573
0.369721
0.170271
-0.188851
0.0471079
0.324261
-0.0663171
0.020712
0.0101765
0.374475
0.138652
0.127859
0.0552804
0.304886
-0.0158009
-0.0317052
-0.00825574
0.411879
0.00217008
-0.0603644
-0.00327804
0.251472
0.0150313
0.0335954
0.0182993
0.416095
0.0281137
0.075189
-0.00307196
0.339393
-0.146419
0.159696
0.0629149
0.431859
-0.0112764
0.00152724
0.00398466
0.303522
0.0725156
0.0916482
-0.0774487
0.366867
0.0510972
0.157325
0.0485256
