Vec Object: 1 MPI process
  type: seq
0.
0.
0.
-0.106462
0.
0.
0.
0.0313331
0.163487
-0.167179
0.
-0.0724568
0.172624
-0.178151
0.
-0.0680223
0.189615
0.204329
0.
-0.056833
0.177572
0.165739
0.
-0.0691678
0.387834
0.00944702
0.
0.00320645
0.375307
0.00916493
0.
0.00643211
0.390071
-0.0203821
0.
0.00767858
0.396389
-0.0182523
0.
0.00920677
0.
0.
0.
-0.0307555
0.
0.
0.
-0.0782212
0.312486
-0.0565189
0.
-0.0163577
0.319808
0.0884612
0.
0.00373729
0.317412
-0.0512158
0.
-0.0101365
0.322993
0.11437
0.
0.0200299
0.343625
0.0716859
0.
0.000414997
0.322881
-0.104127
0.
0.0155466
0.313228
0.040561
0.
-0.0188732
0.320305
-0.0629119
0.
-0.00178247
0.
0.
0.
-0.132819
0.
0.
0.
-0.0064784
0.
0.
0.
-0.0019776
0.
0.
0.
0.115823
0.
0.
0.
-0.0625195
0.
0.
0.
-0.154253
0.
0.
0.
-0.204319
0.
0.
0.
0.0352207
0.
0.
0.
-0.0152856
0.
0.
0.
-0.020551
0.
0.
0.
-0.164784
0.
0.
0.
0.0290357
0.
0.
0.
-0.0797501
0.
0.
0.
-0.00246455
0.
0.
0.
0.147218
0.
0.
0.
0.0355857
0.
0.
0.
0.00175966
0.
0.
0.
0.007344
1.
0.
0.
0.0440669
0.397662
-0.00835028
-0.000493985
-0.00344685
0.37875
0.
-0.00351668
-0.00370975
0.270569
0.
-0.00241302
-0.0138888
0.304116
0.
0.0188313
0.0491615
0.378379
0.
0.00458544
-0.0100872
0.272771
0.
0.0134955
-0.0136422
0.315277
0.
-0.00616989
0.0597769
0.30651
0.0191247
0.
0.0595213
0.380779
0.0187676
0.
-0.001404
0.257349
0.0214965
0.
-0.018134
0.285541
0.00158256
0.
0.0544935
0.383166
0.0146357
0.
-0.00287723
0.265345
0.0165718
0.
-0.0179811
0.247752
0.0213901
-0.0545831
-0.00869664
0.248633
-0.0250605
0.0236582
-0.021635
0.365656
-0.0249239
-0.0673601
0.00830442
0.425617
-0.1395
-0.149347
0.123941
0.355782
0.132045
-0.153537
0.0833979
0.339599
-0.0218377
0.0273852
0.0313046
0.359381
0.1197
0.0971825
0.0968164
0.275819
-0.0152653
-0.0294757
-0.00771137
0.402142
0.00181577
-0.0468593
0.0105729
0.257565
0.0214868
0.0317814
-0.00199617
0.371097
0.00571561
0.0443466
0.0116469
0.315243
-0.11453
0.137789
0.0941096
0.400247
-0.00840648
-0.00685569
0.0228832
0.316724
0.00146713
0.0694903
-0.074032
0.343534
0.0375476
0.141978
0.0863254
