Vec Object: 1 MPI process
  type: seq
0.
0.
0.
-0.0784853
0.
0.
0.
0.0191983
0.169683
-0.167964
0.
-0.0489737
0.175808
-0.179962
0.
-0.0519601
0.189787
0.207461
0.
-0.0434917
0.182887
0.163685
0.
-0.0397931
0.38977
0.00840812
0.
-0.000666368
0.376679
0.00730019
0.
0.00967608
0.392571
-0.0219488
0.
0.00932567
0.399294
-0.0161552
0.
0.00321671
0.
0.
0.
-0.0181472
0.
0.
0.
-0.0553934
0.325144
-0.0579982
0.
-0.0116727
0.316437
0.0900635
0.
0.00294409
0.330311
-0.0502684
0.
-0.0151252
0.321138
0.109353
0.
0.0154588
0.357305
0.0757461
0.
-0.0050442
0.321646
-0.101594
0.
0.0121531
0.323963
0.0358358
0.
-0.0098585
0.320471
-0.0618927
0.
-0.00328401
0.
0.
0.
-0.105211
0.
0.
0.
0.0259107
0.
0.
0.
-0.0126736
0.
0.
0.
0.153455
0.
0.
0.
-0.0394363
0.
0.
0.
-0.137071
0.
0.
0.
-0.232671
0.
0.
0.
-0.0131144
0.
0.
0.
-0.0668476
0.
0.
0.
-0.0382036
0.
0.
0.
-0.142685
0.
0.
0.
0.0380844
0.
0.
0.
-0.0950032
0.
0.
0.
0.0136575
0.
0.
0.
0.0613853
0.
0.
0.
-0.0377939
0.
0.
0.
-0.011994
0.
0.
0.
0.010937
1.
0.
0.
0.0327531
0.390351
-0.00782599
0.000244425
-0.000980544
0.382861
0.
-0.00472785
-0.00570878
0.265183
0.
-0.00456468
-0.00686051
0.272607
0.
0.0246622
0.0342056
0.376089
0.
0.00575881
-0.00966922
0.265312
0.
0.0172552
-0.00161434
0.288372
0.
-0.00378107
0.0343705
0.26723
0.0246991
0.
0.0319038
0.384214
0.017133
0.
-0.00333945
0.25205
0.0163592
0.
-0.0107065
0.24878
0.00846767
0.
0.0321068
0.382187
0.0167502
0.
-0.0036606
0.260429
0.0185671
0.
-0.00655709
0.252514
0.0269353
-0.0536844
-8.64805e-05
0.248883
-0.0235448
0.0213405
-0.00369388
0.372087
-0.0207494
-0.0966311
-0.00373065
0.435979
-0.172902
-0.174933
0.0867106
0.364236
0.163662
-0.182105
0.0527499
0.331818
-0.0593632
0.0224453
0.0133874
0.370921
0.136199
0.122245
0.0617286
0.298938
-0.0159423
-0.031225
-0.00763513
0.412297
0.00215491
-0.0590743
-0.000949083
0.253484
0.0179981
0.0333789
0.0154874
0.406692
0.0234999
0.068277
-0.000953957
0.332518
-0.140797
0.155802
0.0679458
0.427095
-0.0113142
4.72797e-05
0.00660572
0.310297
0.0597784
0.0893314
-0.0799958
0.360486
0.0493136
0.155744
0.0540662
