Vec Object: 1 MPI process
  type: seq
0.
0.
0.
0.0453544
0.
0.
0.
0.48439
0.17975
-0.129999
0.
0.406533
0.196034
-0.139194
0.
0.426547
0.250594
0.146264
0.
0.517943
0.19672
0.136945
0.
0.398438
0.351006
0.0453522
0.
-0.0361248
0.351165
0.038134
0.
-0.0816998
0.355367
-0.0444299
0.
-0.0317777
0.357605
-0.0545504
0.
-0.0324073
0.
0.
0.
-0.0819907
0.
0.
0.
-0.24924
0.261234
-0.0746399
0.
-0.152596
0.32986
0.040027
0.
-0.364235
0.270014
-0.0795247
0.
-0.139193
0.333693
0.0654901
0.
-0.366755
0.29332
0.0791005
0.
-0.0946881
0.331544
-0.0488253
0.
-0.370486
0.259251
0.0763419
0.
-0.12002
0.325835
-0.0273105
0.
-0.387358
0.
0.
0.
0.218194
0.
0.
0.
-0.0750901
0.
0.
0.
0.492872
0.
0.
0.
0.0828646
0.
0.
0.
-0.149954
0.
0.
0.
0.266898
0.
0.
0.
0.50503
0.
0.
0.
0.734806
0.
0.
0.
0.700108
0.
0.
0.
0.504508
0.
0.
0.
0.437731
0.
0.
0.
0.250932
0.
0.
0.
0.493032
0.
0.
0.
0.0472184
0.
0.
0.
0.965626
0.
0.
0.
0.858069
0.
0.
0.
0.670437
0.
0.
0.
-0.0439941
1.
0.
0.
0.693381
0.391055
-0.0056296
-0.000825376
-0.0233251
0.392466
0.
0.001608
-0.263177
0.288077
0.
0.00258189
-0.400646
0.381201
0.
0.00219665
0.452565
0.409178
0.
-0.000721237
-0.242178
0.287478
0.
0.00324178
-0.392559
0.361414
0.
-0.00712871
0.503173
0.393503
0.000904681
0.
0.512386
0.400938
0.015046
0.
-0.260086
0.278189
0.0171962
0.
-0.396652
0.358689
0.000690249
0.
0.541118
0.417257
0.00545598
0.
-0.234274
0.28149
0.00643047
0.
-0.405441
0.228202
-0.00378384
-0.0164626
-0.244765
0.239487
-0.00368352
0.00507061
-0.376273
0.263854
-0.0209477
-0.00377098
0.0759868
0.44911
0.00157778
-0.0450446
0.709048
0.393446
0.00139374
-0.0455022
0.563425
0.179206
0.0298942
0.00575673
0.204198
0.329533
0.00535913
0.0303631
0.601992
0.1968
0.000887393
-0.0145641
-0.0900582
0.241662
8.02351e-05
0.000105209
0.131738
0.241872
-0.00526774
0.00781864
-0.285491
0.233124
-0.021287
0.00845836
0.125853
0.311594
0.000676766
0.0444492
0.523478
0.255326
0.00921564
-0.00394443
0.206809
0.104899
-0.034186
0.00557368
0.358036
0.31369
-0.0140208
0.0391014
0.594036
