Vec Object: 1 MPI process
  type: seq
0.
0.
0.
-0.0739928
0.
0.
0.
0.0203901
0.171129
-0.16849
0.
-0.0441825
0.176813
-0.180641
0.
-0.0479674
0.190368
0.20825
0.
-0.0400484
0.18386
0.163582
0.
-0.0340529
0.390231
0.00845475
0.
-0.00126265
0.377413
0.00650671
0.
0.0100186
0.39359
-0.0223489
0.
0.009094
0.399982
-0.0158894
0.
0.00213553
0.
0.
0.
-0.0171392
0.
0.
0.
-0.0539444
0.328418
-0.0584527
0.
-0.0107487
0.315377
0.0905254
0.
0.00272327
0.333793
-0.0496398
0.
-0.0155236
0.320795
0.107872
0.
0.0142596
0.360897
0.0763818
0.
-0.00540278
0.321442
-0.100786
0.
0.0111488
0.326525
0.0348207
0.
-0.0083282
0.320962
-0.061466
0.
-0.00379707
0.
0.
0.
-0.0971372
0.
0.
0.
0.0296214
0.
0.
0.
-0.0105943
0.
0.
0.
0.154732
0.
0.
0.
-0.0388795
0.
0.
0.
-0.13032
0.
0.
0.
-0.232439
0.
0.
0.
-0.0182722
0.
0.
0.
-0.0718655
0.
0.
0.
-0.0370863
0.
0.
0.
-0.130901
0.
0.
0.
0.0408644
0.
0.
0.
-0.0921513
0.
0.
0.
0.0171495
0.
0.
0.
0.0465361
0.
0.
0.
-0.047694
0.
0.
0.
-0.00941261
0.
0.
0.
0.0099386
1.
0.
0.
0.0295035
0.38795
-0.0075679
0.000504276
-0.000372691
0.383939
0.
-0.00496161
-0.00598145
0.264077
0.
-0.00515028
-0.00551672
0.264332
0.
0.0260925
0.030986
0.37502
0.
0.00589909
-0.00925185
0.263281
0.
0.0182248
0.000682328
0.281191
0.
-0.00287912
0.02926
0.25683
0.0258009
0.
0.0268834
0.385173
0.0168144
0.
-0.00359468
0.251297
0.0145535
0.
-0.00947252
0.238465
0.0107052
0.
0.0281406
0.381533
0.0170444
0.
-0.00366143
0.259372
0.0185321
0.
-0.0045251
0.253629
0.0281571
-0.0522596
0.000593968
0.248641
-0.0217689
0.0199538
-0.000913091
0.371664
-0.0201839
-0.10351
-0.00599433
0.440066
-0.179321
-0.181164
0.0793123
0.36942
0.169972
-0.188534
0.0473576
0.324673
-0.0660295
0.0207953
0.0103141
0.374298
0.13855
0.127606
0.0555668
0.304602
-0.0158054
-0.0316803
-0.008224
0.411925
0.00217008
-0.0603245
-0.00317319
0.251582
0.0151954
0.0335838
0.0181826
0.415637
0.0278952
0.074851
-0.00298123
0.339035
-0.146162
0.159517
0.0631429
0.431654
-0.011288
0.00146297
0.00409786
0.303883
0.0719623
0.0915737
-0.0775927
0.366535
0.0510294
0.157269
0.0487691
