Vec Object: 1 MPI process
  type: seq
0.
0.
0.
-0.0879206
0.
0.
0.
0.235267
0.145697
-0.16642
0.
-0.125832
0.161963
-0.175935
0.
-0.103456
0.203754
0.189862
0.
-0.0426457
0.161305
0.172204
0.
-0.134735
0.37233
0.0255331
0.
0.0780318
0.365884
0.0213289
0.
0.0547439
0.378586
-0.0254411
0.
0.0616866
0.378703
-0.0355935
0.
0.0858492
0.
0.
0.
-0.0791299
0.
0.
0.
-0.196898
0.279228
-0.0506903
0.
-0.0398844
0.326005
0.0719583
0.
-0.0472817
0.286491
-0.0491597
0.
-0.0138468
0.328835
0.1056
0.
-0.0309891
0.310395
0.0585462
0.
0.00137392
0.327499
-0.090193
0.
-0.0385204
0.279471
0.0515349
0.
-0.0521619
0.323895
-0.0524675
0.
-0.0603678
0.
0.
0.
-0.00916018
0.
0.
0.
-0.0961643
0.
0.
0.
0.222819
0.
0.
0.
0.0140431
0.
0.
0.
-0.154575
0.
0.
0.
0.0131192
0.
0.
0.
0.136475
0.
0.
0.
0.370166
0.
0.
0.
0.344548
0.
0.
0.
0.22934
0.
0.
0.
0.100499
0.
0.
0.
0.108536
0.
0.
0.
0.199773
0.
0.
0.
-0.0109735
0.
0.
0.
0.520791
0.
0.
0.
0.442081
0.
0.
0.
0.292128
0.
0.
0.
-0.0282747
1.
0.
0.
0.0865825
0.400633
-0.0082321
-0.00161608
0.0670104
0.379039
0.
9.0195e-05
-0.00981344
0.283786
0.
0.00183975
-0.0906318
0.381466
0.
0.00609308
0.112906
0.388686
0.
-2.97838e-05
-0.012432
0.285255
0.
0.00509391
-0.0992906
0.371759
0.
-0.00835354
0.152411
0.394023
0.00419447
0.
0.165412
0.384317
0.0203755
0.
-0.00767109
0.272965
0.0243651
0.
-0.0963247
0.362847
-0.0033999
0.
0.168606
0.393238
0.00662916
0.
-0.00389875
0.278063
0.00683437
0.
-0.107839
0.236944
0.000297144
-0.0299202
-0.0846569
0.245418
-0.0103841
0.0118942
-0.130717
0.304844
-0.0353365
-0.0130434
0.0440781
0.442885
-0.0353987
-0.0768849
0.267024
0.387163
0.0346092
-0.0760842
0.209541
0.243924
0.0397959
0.015869
0.104469
0.346387
0.0388209
0.0436698
0.256942
0.2205
0.00279673
-0.0206573
-0.0341558
0.302769
-0.000959393
-0.00762177
0.0573982
0.251654
-0.00425517
0.0162729
-0.0937003
0.276223
-0.0234666
0.0111695
0.0723431
0.315859
-0.0314009
0.0739915
0.215497
0.302241
0.00552142
-0.0109802
0.0971999
0.190484
-0.0562145
0.0147666
0.127887
0.329876
-0.00312714
0.0718469
0.253978
