Vec Object: 1 MPI process
  type: seq
0.
0.
0.
-0.113047
0.
0.
0.
0.148449
0.149674
-0.168494
0.
-0.124198
0.164768
-0.17773
0.
-0.103926
0.195459
0.197541
0.
-0.0696915
0.164833
0.171776
0.
-0.129173
0.38159
0.0161113
0.
0.0273601
0.372422
0.0135088
0.
0.0147239
0.386704
-0.0193755
0.
0.0137857
0.388365
-0.0261714
0.
0.036147
0.
0.
0.
-0.0584208
0.
0.
0.
-0.15071
0.29023
-0.0510195
0.
-0.0171111
0.324026
0.0814623
0.
-0.0112888
0.29655
-0.0477119
0.
0.00592754
0.326642
0.114916
0.
0.00818137
0.321054
0.0603188
0.
0.0187318
0.32571
-0.100936
0.
0.00125008
0.291402
0.0472099
0.
-0.0315559
0.322725
-0.0595369
0.
-0.0197465
0.
0.
0.
-0.0813838
0.
0.
0.
-0.0710927
0.
0.
0.
0.125476
0.
0.
0.
0.0351041
0.
0.
0.
-0.124896
0.
0.
0.
-0.0739677
0.
0.
0.
-0.00946782
0.
0.
0.
0.236845
0.
0.
0.
0.202633
0.
0.
0.
0.124257
0.
0.
0.
-0.0313605
0.
0.
0.
0.0696728
0.
0.
0.
0.0807292
0.
0.
0.
-0.0104186
0.
0.
0.
0.382259
0.
0.
0.
0.286091
0.
0.
0.
0.163975
0.
0.
0.
-0.00830737
1.
0.
0.
0.0559379
0.403231
-0.00860223
-0.0014494
0.0120488
0.375595
0.
-0.00103791
-0.00467973
0.280231
0.
0.000768913
-0.0418252
0.358289
0.
0.00964038
0.087092
0.381889
0.
0.00132992
-0.012784
0.2825
0.
0.00734909
-0.0491128
0.356918
0.
-0.00834625
0.116915
0.369194
0.00861182
0.
0.127458
0.379338
0.020992
0.
-0.00253466
0.268505
0.025367
0.
-0.0476421
0.341485
-0.00386445
0.
0.120615
0.385528
0.00902667
0.
-0.00471339
0.274598
0.00958019
0.
-0.0560957
0.240978
0.00719151
-0.0403443
-0.0415939
0.247386
-0.0160765
0.0172879
-0.0739348
0.329711
-0.0346431
-0.0252645
0.0416732
0.432031
-0.0690323
-0.101209
0.211304
0.372893
0.0662167
-0.100706
0.163058
0.286297
0.0316657
0.022744
0.0837073
0.348925
0.0683109
0.0574942
0.195429
0.237868
-0.00383583
-0.0243412
-0.0128926
0.343092
-2.70819e-05
-0.0177204
0.0457022
0.255977
0.00592722
0.0225803
-0.0452713
0.307418
-0.0178691
0.0170832
0.0572379
0.311249
-0.0590861
0.0964527
0.169192
0.335567
0.00138544
-0.0131388
0.0771778
0.247277
-0.0575969
0.0280172
0.0392413
0.331982
0.00992382
0.0973889
0.187834
