Vec Object: 1 MPI process
  type: seq
0.
0.
0.
-0.122643
0.
0.
0.
0.0759467
0.156698
-0.167719
0.
-0.0990523
0.169226
-0.177567
0.
-0.085533
0.191681
0.201284
0.
-0.0669815
0.171257
0.168762
0.
-0.100546
0.385552
0.0118386
0.
0.0104312
0.37458
0.0105555
0.
0.00554735
0.388948
-0.0190799
0.
0.00575236
0.393129
-0.0214462
0.
0.0183752
0.
0.
0.
-0.0466939
0.
0.
0.
-0.114613
0.301016
-0.0543739
0.
-0.0179724
0.322154
0.0861341
0.
0.00106516
0.306479
-0.0500762
0.
-0.00184533
0.324863
0.116809
0.
0.0200562
0.331775
0.0661343
0.
0.0102085
0.324296
-0.104507
0.
0.0142621
0.302393
0.0446673
0.
-0.0268871
0.321432
-0.0624258
0.
-0.00498178
0.
0.
0.
-0.127007
0.
0.
0.
-0.044385
0.
0.
0.
0.0458465
0.
0.
0.
0.0672204
0.
0.
0.
-0.0970218
0.
0.
0.
-0.134199
0.
0.
0.
-0.127205
0.
0.
0.
0.121879
0.
0.
0.
0.0786503
0.
0.
0.
0.0360921
0.
0.
0.
-0.125592
0.
0.
0.
0.03849
0.
0.
0.
-0.0178621
0.
0.
0.
-0.0120492
0.
0.
0.
0.257458
0.
0.
0.
0.148004
0.
0.
0.
0.0630635
0.
0.
0.
-0.00126763
1.
0.
0.
0.0505487
0.401745
-0.00853335
-0.00101835
-0.00207201
0.376054
0.
-0.00222334
-0.00259261
0.275873
0.
-0.000633863
-0.0236462
0.332092
0.
0.0138227
0.0665452
0.379518
0.
0.00296335
-0.0106743
0.278471
0.
0.0101673
-0.0278615
0.337716
0.
-0.00756362
0.0874183
0.339807
0.0135899
0.
0.0925784
0.378853
0.0202806
0.
-0.000339271
0.263329
0.0243138
0.
-0.0286902
0.315459
-0.00226477
0.
0.0841383
0.383439
0.0118446
0.
-0.00291869
0.270326
0.013078
0.
-0.0330957
0.244207
0.0145633
-0.0490955
-0.0233385
0.248232
-0.021416
0.0216189
-0.0448854
0.350223
-0.0302564
-0.0430202
0.0237433
0.425231
-0.103607
-0.124995
0.166171
0.361022
0.0985623
-0.12613
0.121518
0.320038
0.0110991
0.0270991
0.0550233
0.352381
0.0957922
0.0750264
0.14225
0.255733
-0.0108365
-0.027238
-0.0103064
0.376969
0.00103612
-0.0312163
0.0259164
0.258004
0.0158879
0.0279765
-0.0228467
0.338392
-0.00815333
0.0276518
0.0312204
0.309744
-0.0866196
0.117713
0.128295
0.368213
-0.00347965
-0.0117388
0.047492
0.291662
-0.0398366
0.0465319
-0.0333893
0.335377
0.0235867
0.121187
0.131803
