Vec Object: 1 MPI process
  type: seq
0.
0.
0.
-0.090218
0.
0.
0.
0.226805
0.145721
-0.166947
0.
-0.128275
0.161941
-0.176398
0.
-0.105898
0.202522
0.191001
0.
-0.0482176
0.161292
0.172474
0.
-0.136832
0.373684
0.0241745
0.
0.0701018
0.366884
0.0201578
0.
0.0481879
0.379899
-0.0243463
0.
0.0534747
0.380072
-0.0342557
0.
0.0781056
0.
0.
0.
-0.0755739
0.
0.
0.
-0.190789
0.280361
-0.0502639
0.
-0.0347324
0.325779
0.0732273
0.
-0.0418766
0.287529
-0.0484703
0.
-0.00868466
0.328569
0.107002
0.
-0.0250331
0.311484
0.0582534
0.
0.00585318
0.32728
-0.0917264
0.
-0.0325635
0.280731
0.0507454
0.
-0.0479118
0.323786
-0.0534386
0.
-0.0543972
0.
0.
0.
-0.0166462
0.
0.
0.
-0.0927394
0.
0.
0.
0.213166
0.
0.
0.
0.0164599
0.
0.
0.
-0.150581
0.
0.
0.
0.00409199
0.
0.
0.
0.121343
0.
0.
0.
0.356606
0.
0.
0.
0.330259
0.
0.
0.
0.218951
0.
0.
0.
0.0865368
0.
0.
0.
0.105296
0.
0.
0.
0.187875
0.
0.
0.
-0.00978946
0.
0.
0.
0.506395
0.
0.
0.
0.426129
0.
0.
0.
0.27873
0.
0.
0.
-0.0245084
1.
0.
0.
0.080523
0.401187
-0.00830957
-0.0016216
0.0581172
0.37843
0.
-2.3156e-05
-0.00922731
0.283441
0.
0.00174907
-0.0830459
0.379489
0.
0.00642129
0.109975
0.387662
0.
8.27785e-05
-0.0128567
0.285012
0.
0.00529019
-0.0916724
0.370653
0.
-0.0083936
0.148351
0.391943
0.0045933
0.
0.161292
0.383505
0.0205146
0.
-0.00710852
0.27253
0.0245785
0.
-0.0888755
0.361114
-0.0035505
0.
0.163038
0.392036
0.00683002
0.
-0.00438348
0.277738
0.00704466
0.
-0.100094
0.237398
0.000901956
-0.0309956
-0.0776327
0.245672
-0.0109379
0.0124512
-0.122368
0.307543
-0.0355933
-0.0140388
0.045892
0.441764
-0.0387181
-0.0793418
0.260413
0.385796
0.0377252
-0.0785166
0.204477
0.248474
0.0395682
0.0166301
0.103737
0.346742
0.0418046
0.0448956
0.250429
0.222238
0.00231928
-0.0210623
-0.0297256
0.307066
-0.000895671
-0.00846065
0.0575997
0.252176
-0.00342884
0.0169251
-0.0859644
0.279392
-0.0231371
0.0115788
0.0726183
0.315416
-0.034188
0.0762706
0.210781
0.305624
0.0051518
-0.0113523
0.0966078
0.196592
-0.0570685
0.0158479
0.119364
0.33018
-0.00185458
0.0744353
0.24699
