Vec Object: 1 MPI process
  type: seq
0.
0.
0.
-0.10021
0.
0.
0.
0.193212
0.146777
-0.16816
0.
-0.130965
0.162673
-0.177428
0.
-0.108981
0.198783
0.194456
0.
-0.0624063
0.162195
0.172699
0.
-0.137991
0.377862
0.0199527
0.
0.0464983
0.3699
0.0165876
0.
0.0290959
0.383736
-0.0213165
0.
0.0301428
0.384364
-0.0300716
0.
0.0550348
0.
0.
0.
-0.0658411
0.
0.
0.
-0.171252
0.28463
-0.0498355
0.
-0.0223054
0.324985
0.0773745
0.
-0.0254345
0.291434
-0.0472519
0.
0.00300812
0.327665
0.111322
0.
-0.00700701
0.315602
0.0583255
0.
0.0161768
0.326538
-0.096575
0.
-0.0143806
0.285415
0.0486799
0.
-0.0372914
0.323351
-0.0565708
0.
-0.0359951
0.
0.
0.
-0.0455655
0.
0.
0.
-0.0822912
0.
0.
0.
0.175276
0.
0.
0.
0.0244326
0.
0.
0.
-0.138136
0.
0.
0.
-0.03059
0.
0.
0.
0.0638154
0.
0.
0.
0.304581
0.
0.
0.
0.27508
0.
0.
0.
0.178158
0.
0.
0.
0.03386
0.
0.
0.
0.0907592
0.
0.
0.
0.141491
0.
0.
0.
-0.00837949
0.
0.
0.
0.452225
0.
0.
0.
0.365297
0.
0.
0.
0.228039
0.
0.
0.
-0.014642
1.
0.
0.
0.0650154
0.402624
-0.00850839
-0.00158977
0.0320738
0.376701
0.
-0.000455061
-0.00711828
0.282119
0.
0.00136516
-0.0605409
0.371015
0.
0.00773455
0.0995864
0.384542
0.
0.000570605
-0.0135178
0.284033
0.
0.00610623
-0.0687992
0.365466
0.
-0.0084616
0.134062
0.382946
0.00623063
0.
0.146376
0.381117
0.0208778
0.
-0.00502399
0.270856
0.0251501
0.
-0.0665641
0.353457
-0.00390298
0.
0.143485
0.388435
0.0076955
0.
-0.00524448
0.276462
0.00800669
0.
-0.076668
0.239036
0.00344881
-0.0350842
-0.0575592
0.24653
-0.0131149
0.0145711
-0.0969385
0.317447
-0.0357822
-0.0183156
0.0475461
0.437421
-0.0515605
-0.0887339
0.2377
0.380298
0.0497984
-0.0879228
0.186124
0.265327
0.0374624
0.0194231
0.0973855
0.347785
0.0532279
0.0499224
0.2262
0.228903
-2.81888e-05
-0.0225427
-0.018639
0.323024
-0.000571834
-0.012042
0.0547448
0.25401
0.000293726
0.0193962
-0.0635987
0.291435
-0.0213566
0.0135096
0.0689727
0.31356
-0.044844
0.0849718
0.192758
0.318493
0.00363759
-0.0124643
0.0906956
0.219223
-0.0589669
0.0205042
0.0851197
0.331039
0.00310059
0.0843338
0.220902
