Vec Object: 1 MPI process
  type: seq
0.
0.
0.
-0.0830539
0.
0.
0.
0.256122
0.146296
-0.164515
0.
-0.114598
0.162622
-0.17421
0.
-0.092362
0.207562
0.186337
0.
-0.0231649
0.162014
0.170936
0.
-0.124159
0.368255
0.029606
0.
0.102101
0.362839
0.0248784
0.
0.0748167
0.374503
-0.0289501
0.
0.087303
0.374618
-0.0395946
0.
0.109355
0.
0.
0.
-0.0907876
0.
0.
0.
-0.21513
0.276264
-0.0526056
0.
-0.0578605
0.326636
0.0682831
0.
-0.0640199
0.283774
-0.0518988
0.
-0.0323633
0.329594
0.101393
0.
-0.0494501
0.307553
0.0600774
0.
-0.0144486
0.328129
-0.0856638
0.
-0.0568774
0.276148
0.0542373
0.
-0.0668006
0.324166
-0.0496344
0.
-0.0786604
0.
0.
0.
0.00955238
0.
0.
0.
-0.106844
0.
0.
0.
0.24686
0.
0.
0.
0.00678148
0.
0.
0.
-0.166787
0.
0.
0.
0.0359095
0.
0.
0.
0.175394
0.
0.
0.
0.404906
0.
0.
0.
0.380888
0.
0.
0.
0.255238
0.
0.
0.
0.136459
0.
0.
0.
0.115358
0.
0.
0.
0.229616
0.
0.
0.
-0.0160836
0.
0.
0.
0.558624
0.
0.
0.
0.483261
0.
0.
0.
0.3268
0.
0.
0.
-0.0408797
1.
0.
0.
0.107888
0.398809
-0.00797224
-0.00157023
0.0942908
0.380951
0.
0.000384528
-0.0117137
0.284693
0.
0.00205299
-0.114402
0.385933
0.
0.00527422
0.121379
0.391791
0.
-0.000285851
-0.0110687
0.285875
0.
0.00462163
-0.122979
0.373978
0.
-0.00820937
0.164073
0.398692
0.00323972
0.
0.177031
0.386817
0.0199247
0.
-0.00946374
0.274096
0.0236829
0.
-0.119508
0.366636
-0.00289283
0.
0.18437
0.396916
0.00617108
0.
-0.00236836
0.278901
0.00638882
0.
-0.131827
0.235725
-0.00110164
-0.0271614
-0.107155
0.244713
-0.00900021
0.0104677
-0.156413
0.297673
-0.0341795
-0.0107003
0.036064
0.445636
-0.0269371
-0.0705684
0.286202
0.390438
0.0266872
-0.0698807
0.223669
0.231953
0.0397548
0.0138674
0.104144
0.345214
0.0311814
0.0406773
0.274416
0.216028
0.00365884
-0.0195826
-0.0493344
0.291471
-0.00106759
-0.00564819
0.0545798
0.25024
-0.00597515
0.01459
-0.118323
0.268011
-0.024023
0.0102809
0.0686218
0.316814
-0.0242228
0.0681316
0.227901
0.293479
0.00642206
-0.00987734
0.096529
0.174441
-0.0534223
0.0122378
0.148525
0.32884
-0.00635389
0.0652072
0.272588
