Vec Object: 1 MPI process
  type: seq
0.
0.
0.
-0.119068
0.
0.
0.
0.121294
0.151985
-0.168315
0.
-0.116534
0.166344
-0.17767
0.
-0.098108
0.193915
0.199003
0.
-0.0703143
0.166942
0.170826
0.
-0.120312
0.383266
0.0143346
0.
0.0196618
0.373442
0.0121934
0.
0.00972589
0.387797
-0.0189333
0.
0.00879898
0.39028
-0.0242885
0.
0.0283396
0.
0.
0.
-0.0547123
0.
0.
0.
-0.138542
0.293858
-0.0521903
0.
-0.0169374
0.323415
0.0834299
0.
-0.00543286
0.299871
-0.0485135
0.
0.00409624
0.326031
0.116187
0.
0.0141905
0.324624
0.06218
0.
0.0167938
0.32522
-0.102742
0.
0.00761834
0.29518
0.0464622
0.
-0.0299087
0.322294
-0.0608679
0.
-0.0128389
0.
0.
0.
-0.100886
0.
0.
0.
-0.0633493
0.
0.
0.
0.0955124
0.
0.
0.
0.0438566
0.
0.
0.
-0.116314
0.
0.
0.
-0.0983964
0.
0.
0.
-0.0533096
0.
0.
0.
0.195209
0.
0.
0.
0.157855
0.
0.
0.
0.0914866
0.
0.
0.
-0.0685838
0.
0.
0.
0.0570864
0.
0.
0.
0.043969
0.
0.
0.
-0.011937
0.
0.
0.
0.338466
0.
0.
0.
0.23687
0.
0.
0.
0.125999
0.
0.
0.
-0.0058637
1.
0.
0.
0.0534317
0.403048
-0.00860081
-0.00131926
0.00479204
0.375434
0.
-0.00142762
-0.00354553
0.278871
0.
0.000332112
-0.0339204
0.34957
0.
0.0109783
0.0796725
0.380797
0.
0.00186759
-0.0119754
0.281308
0.
0.00824439
-0.0403329
0.350735
0.
-0.00815577
0.106542
0.35959
0.0102441
0.
0.115466
0.378821
0.0208716
0.
-0.00135652
0.266857
0.0252119
0.
-0.0394917
0.333024
-0.00354682
0.
0.10731
0.384442
0.00995947
0.
-0.00401174
0.273253
0.0107198
0.
-0.0466954
0.242117
0.00970466
-0.0435544
-0.034522
0.247772
-0.0179726
0.0189217
-0.0627678
0.337125
-0.0333754
-0.0306024
0.0357634
0.429092
-0.0805955
-0.10928
0.195484
0.368389
0.077057
-0.10917
0.148626
0.298832
0.0260892
0.0245666
0.0737387
0.349811
0.0778993
0.0629742
0.176512
0.243788
-0.00637089
-0.0254024
-0.0116305
0.355323
0.000347237
-0.0219378
0.0387627
0.256927
0.00957654
0.0245383
-0.0368454
0.317832
-0.0150068
0.020083
0.0481424
0.31018
-0.0683825
0.103788
0.154589
0.346648
-0.000200459
-0.0130635
0.0670204
0.263911
-0.0539642
0.0336996
0.0116315
0.332786
0.0144819
0.105686
0.167679
