Vec Object: 1 MPI process
  type: seq
0.
0.
0.
-0.12055
0.
0.
0.
0.0601409
0.158686
-0.167486
0.
-0.0913434
0.170303
-0.177623
0.
-0.0802974
0.190939
0.202162
0.
-0.0645408
0.173094
0.167872
0.
-0.0917093
0.386289
0.011026
0.
0.00783518
0.374851
0.0100871
0.
0.0051769
0.389257
-0.0193742
0.
0.0058991
0.394135
-0.0204356
0.
0.015299
0.
0.
0.
-0.0425412
0.
0.
0.
-0.104051
0.304168
-0.0551299
0.
-0.018039
0.321557
0.0869561
0.
0.00247151
0.309431
-0.0505794
0.
-0.00443792
0.324349
0.116469
0.
0.020878
0.33498
0.0678025
0.
0.00718186
0.323897
-0.104707
0.
0.0154421
0.305464
0.0436629
0.
-0.0250512
0.32107
-0.0627582
0.
-0.00325469
0.
0.
0.
-0.132851
0.
0.
0.
-0.0344823
0.
0.
0.
0.0286922
0.
0.
0.
0.0798245
0.
0.
0.
-0.0875666
0.
0.
0.
-0.144198
0.
0.
0.
-0.153626
0.
0.
0.
0.0940533
0.
0.
0.
0.0485046
0.
0.
0.
0.0164126
0.
0.
0.
-0.142879
0.
0.
0.
0.0334518
0.
0.
0.
-0.0396584
0.
0.
0.
-0.0105026
0.
0.
0.
0.224531
0.
0.
0.
0.113127
0.
0.
0.
0.0411806
0.
0.
0.
0.00106405
1.
0.
0.
0.0491692
0.400851
-0.00849167
-0.000877791
-0.00321601
0.376629
0.
-0.00258137
-0.00265691
0.274447
0.
-0.00109845
-0.0204267
0.324397
0.
0.0151502
0.0613517
0.379167
0.
0.00343793
-0.0103525
0.277031
0.
0.0110614
-0.0235076
0.331733
0.
-0.00723012
0.0794742
0.33085
0.0151004
0.
0.0829529
0.379199
0.0199098
0.
-0.00038618
0.261691
0.0236981
0.
-0.0252423
0.30746
-0.00142737
0.
0.0751094
0.383287
0.0126583
0.
-0.00270898
0.268962
0.0141082
0.
-0.0283554
0.245121
0.0165878
-0.0510887
-0.0189174
0.248355
-0.0227141
0.022505
-0.0379654
0.355225
-0.0287663
-0.0492299
0.0189699
0.424488
-0.11369
-0.131795
0.153948
0.358649
0.107966
-0.133665
0.110289
0.327462
0.0029652
0.0276754
0.0477015
0.35394
0.10305
0.0808132
0.128568
0.261126
-0.012432
-0.0279372
-0.00962387
0.385201
0.0012966
-0.0355541
0.0210602
0.258147
0.0180785
0.0292554
-0.0169731
0.34742
-0.00467064
0.0316868
0.0248705
0.310421
-0.0945118
0.123537
0.117907
0.377438
-0.00492251
-0.0106937
0.0397787
0.301222
-0.0306409
0.0527086
-0.0484834
0.33707
0.0275594
0.12749
0.117796
