Vec Object: 1 MPI process
  type: seq
0.
0.
0.
-0.086663
0.
0.
0.
0.0197161
0.167755
-0.167499
0.
-0.0559419
0.174676
-0.179228
0.
-0.0571194
0.189385
0.206439
0.
-0.0479802
0.181387
0.164119
0.
-0.0484663
0.389152
0.00855434
0.
0.000325985
0.376007
0.00809401
0.
0.00881683
0.391498
-0.0214428
0.
0.00918868
0.398374
-0.0166713
0.
0.00486397
0.
0.
0.
-0.020922
0.
0.
0.
-0.0599218
0.320959
-0.0574893
0.
-0.0131512
0.31767
0.0895354
0.
0.00329688
0.325934
-0.0508448
0.
-0.0140443
0.321687
0.111157
0.
0.0170657
0.352727
0.0746824
0.
-0.00395709
0.321985
-0.10256
0.
0.0134398
0.320567
0.0372897
0.
-0.0124118
0.320146
-0.0623509
0.
-0.00261658
0.
0.
0.
-0.116017
0.
0.
0.
0.0180073
0.
0.
0.
-0.0130907
0.
0.
0.
0.145897
0.
0.
0.
-0.0436693
0.
0.
0.
-0.145312
0.
0.
0.
-0.229008
0.
0.
0.
-0.0024299
0.
0.
0.
-0.0557537
0.
0.
0.
-0.0368262
0.
0.
0.
-0.155502
0.
0.
0.
0.0341613
0.
0.
0.
-0.0953029
0.
0.
0.
0.00852653
0.
0.
0.
0.0849889
0.
0.
0.
-0.0197525
0.
0.
0.
-0.0125288
0.
0.
0.
0.0110438
1.
0.
0.
0.036829
0.393122
-0.00807067
-3.87168e-05
-0.00186015
0.381457
0.
-0.00437496
-0.00516113
0.266809
0.
-0.00383721
-0.00888018
0.283156
0.
0.0227488
0.0387105
0.377123
0.
0.0054733
-0.00996618
0.267879
0.
0.0160136
-0.0051431
0.297478
0.
-0.00472889
0.0419353
0.280483
0.0230281
0.
0.0396987
0.383005
0.0176142
0.
-0.00281348
0.253466
0.0183473
0.
-0.0127374
0.261494
0.00587423
0.
0.0382733
0.382745
0.0162101
0.
-0.00348327
0.261926
0.0182479
0.
-0.00975782
0.250913
0.02531
-0.054863
-0.00182665
0.248911
-0.0249334
0.0226791
-0.0084554
0.371358
-0.0217944
-0.0871554
-0.000270773
0.431477
-0.163104
-0.166659
0.0976356
0.359426
0.154259
-0.173133
0.0612505
0.338145
-0.0482861
0.0244997
0.0183618
0.366756
0.132048
0.114393
0.0714095
0.291346
-0.0160773
-0.0306789
-0.00714113
0.411097
0.00209481
-0.0561759
0.00238268
0.255358
0.0204656
0.033074
0.0108253
0.395013
0.0175758
0.0599227
0.00237825
0.325375
-0.132922
0.150413
0.0752546
0.419664
-0.0108254
-0.0021273
0.0107895
0.316211
0.0411723
0.0843781
-0.0813754
0.353774
0.0461509
0.152517
0.0626267
