Vec Object: 1 MPI process
  type: seq
0.
0.
0.
-0.0762659
0.
0.
0.
0.290851
0.150443
-0.158761
0.
-0.0652539
0.166719
-0.168699
0.
-0.0434288
0.216733
0.17783
0.
0.039785
0.16644
0.166034
0.
-0.0747179
0.35968
0.0380952
0.
0.146063
0.35637
0.0323622
0.
0.110668
0.36549
-0.0369412
0.
0.136789
0.366117
-0.0479078
0.
0.152158
0.
0.
0.
-0.116901
0.
0.
0.
-0.252575
0.271149
-0.0589856
0.
-0.103909
0.327863
0.0606237
0.
-0.107468
0.279081
-0.0602135
0.
-0.0813714
0.331119
0.0921402
0.
-0.0969531
0.302668
0.0655732
0.
-0.0550897
0.3294
-0.0759425
0.
-0.103742
0.270336
0.061366
0.
-0.103314
0.324608
-0.0436671
0.
-0.124983
0.
0.
0.
0.0411817
0.
0.
0.
-0.129027
0.
0.
0.
0.287267
0.
0.
0.
-0.00633584
0.
0.
0.
-0.191839
0.
0.
0.
0.0748299
0.
0.
0.
0.243322
0.
0.
0.
0.466402
0.
0.
0.
0.443563
0.
0.
0.
0.298485
0.
0.
0.
0.198848
0.
0.
0.
0.124071
0.
0.
0.
0.279387
0.
0.
0.
-0.0292867
0.
0.
0.
0.630677
0.
0.
0.
0.556969
0.
0.
0.
0.389506
0.
0.
0.
-0.070076
1.
0.
0.
0.177253
0.394565
-0.00731419
-0.00137998
0.146034
0.385253
0.
0.000880694
-0.023382
0.286293
0.
0.00233393
-0.172937
0.390478
0.
0.0039954
0.14728
0.398489
0.
-0.000585795
-0.0150662
0.286917
0.
0.00394879
-0.180359
0.374904
0.
-0.00785539
0.19609
0.403354
0.00195647
0.
0.208387
0.392306
0.0188272
0.
-0.0207742
0.276022
0.0220727
0.
-0.176044
0.369948
-0.00166901
0.
0.223653
0.404932
0.0056371
0.
-0.00610561
0.280307
0.0060143
0.
-0.18974
0.233528
-0.00277101
-0.0227256
-0.160363
0.243367
-0.00687905
0.0081847
-0.215931
0.285082
-0.0304128
-0.0074739
0.0136901
0.449299
-0.0134409
-0.060243
0.335429
0.394565
0.0141842
-0.0598865
0.259167
0.211482
0.0376872
0.010503
0.0990689
0.341995
0.0189681
0.0362349
0.313027
0.208656
0.00360679
-0.0177184
-0.0864429
0.272138
-0.00100549
-0.00296677
0.0446477
0.2477
-0.00712908
0.0118318
-0.176579
0.254269
-0.0239156
0.00926817
0.0543309
0.317343
-0.0125183
0.0585604
0.256316
0.278803
0.0077432
-0.00766145
0.0914457
0.147181
-0.0472424
0.00885269
0.18094
0.325853
-0.011368
0.0544401
0.312344
