Vec Object: 1 MPI process
  type: seq
0.
0.
0.
-0.104534
0.
0.
0.
0.0294043
0.163943
-0.167179
0.
-0.0706616
0.172833
-0.178236
0.
-0.0668712
0.189536
0.204544
0.
-0.0559737
0.177996
0.165544
0.
-0.0669502
0.387973
0.00932468
0.
0.00285279
0.375353
0.00907542
0.
0.00666437
0.390177
-0.0204912
0.
0.00788056
0.396599
-0.0180634
0.
0.00869944
0.
0.
0.
-0.0295888
0.
0.
0.
-0.0759073
0.31334
-0.0566258
0.
-0.0160674
0.319611
0.0885805
0.
0.00373914
0.31825
-0.0512251
0.
-0.0106211
0.322856
0.114083
0.
0.0197852
0.344529
0.072035
0.
-0.000149646
0.322782
-0.104002
0.
0.0153968
0.313995
0.0402245
0.
-0.0181889
0.320252
-0.0628821
0.
-0.00179984
0.
0.
0.
-0.131722
0.
0.
0.
-0.00367221
0.
0.
0.
-0.00395934
0.
0.
0.
0.119409
0.
0.
0.
-0.0601626
0.
0.
0.
-0.154083
0.
0.
0.
-0.207982
0.
0.
0.
0.0304121
0.
0.
0.
-0.0204899
0.
0.
0.
-0.0231254
0.
0.
0.
-0.165164
0.
0.
0.
0.0292112
0.
0.
0.
-0.082431
0.
0.
0.
-0.00141222
0.
0.
0.
0.140143
0.
0.
0.
0.0288933
0.
0.
0.
-0.000796828
0.
0.
0.
0.00790268
1.
0.
0.
0.0434211
0.397266
-0.00833096
-0.000452573
-0.00333216
0.379005
0.
-0.00360939
-0.0038572
0.270173
0.
-0.00255349
-0.0133249
0.302026
0.
0.0192212
0.048024
0.378287
0.
0.00469038
-0.0100847
0.272301
0.
0.0137486
-0.0127208
0.31353
0.
-0.00604489
0.0578634
0.303946
0.0195344
0.
0.0573144
0.380982
0.0186458
0.
-0.00154765
0.256919
0.0212236
0.
-0.0175174
0.283209
0.00195787
0.
0.0526381
0.383151
0.0148185
0.
-0.0029338
0.264982
0.0167892
0.
-0.0170534
0.248049
0.0218309
-0.0547727
-0.00781408
0.248664
-0.0251839
0.0236645
-0.0201273
0.366471
-0.0245593
-0.0693278
0.00734744
0.425994
-0.142039
-0.151117
0.121074
0.355815
0.13442
-0.155559
0.0809011
0.340134
-0.0245525
0.0272041
0.0298386
0.360046
0.121172
0.0989243
0.0939269
0.277365
-0.0154374
-0.0296105
-0.00756209
0.403442
0.00185472
-0.0479454
0.00965302
0.257423
0.0216091
0.0319672
-0.000550647
0.373516
0.00686675
0.0458039
0.010545
0.316011
-0.116494
0.139152
0.0919637
0.402414
-0.00871677
-0.00639608
0.0214364
0.317434
0.00528842
0.0711665
-0.0755455
0.344382
0.0385072
0.143255
0.0835522
