Vec Object: 1 MPI process
  type: seq
0.
0.
0.
-0.117559
0.
0.
0.
0.0497941
0.160158
-0.167344
0.
-0.0855754
0.17105
-0.17772
0.
-0.0764843
0.190454
0.202812
0.
-0.06244
0.174463
0.167212
0.
-0.0849761
0.386788
0.010487
0.
0.00620952
0.375006
0.00978781
0.
0.00527995
0.389474
-0.0196476
0.
0.0063025
0.394844
-0.0197301
0.
0.0132636
0.
0.
0.
-0.0391378
0.
0.
0.
-0.096061
0.3066
-0.0556175
0.
-0.0178095
0.321074
0.0874787
0.
0.00314198
0.311732
-0.0508691
0.
-0.00628549
0.323952
0.116012
0.
0.0210016
0.337477
0.0690225
0.
0.00498746
0.323593
-0.10468
0.
0.0158454
0.307787
0.0428092
0.
-0.0234026
0.320811
-0.0628992
0.
-0.00243748
0.
0.
0.
-0.135044
0.
0.
0.
-0.0264084
0.
0.
0.
0.0175457
0.
0.
0.
0.0901843
0.
0.
0.
-0.0800901
0.
0.
0.
-0.1495
0.
0.
0.
-0.171302
0.
0.
0.
0.0746281
0.
0.
0.
0.0274406
0.
0.
0.
0.0033524
0.
0.
0.
-0.152809
0.
0.
0.
0.030893
0.
0.
0.
-0.0540145
0.
0.
0.
-0.00867623
0.
0.
0.
0.200432
0.
0.
0.
0.0882154
0.
0.
0.
0.0268973
0.
0.
0.
0.0029526
1.
0.
0.
0.0479078
0.400042
-0.00845625
-0.000767877
-0.00361587
0.377169
0.
-0.00285808
-0.00285978
0.273322
0.
-0.00147082
-0.0182758
0.318471
0.
0.0162013
0.0575702
0.378936
0.
0.00379262
-0.0102044
0.27585
0.
0.0117643
-0.0204257
0.327024
0.
-0.00694727
0.0735268
0.323846
0.0162752
0.
0.0757784
0.379573
0.0195931
0.
-0.000578277
0.260412
0.0231395
0.
-0.0229182
0.301185
-0.000667852
0.
0.0686065
0.383232
0.013267
0.
-0.0026638
0.267898
0.0148779
0.
-0.0250429
0.245848
0.0180801
-0.0523955
-0.0156786
0.248436
-0.0235841
0.0230328
-0.0329044
0.358713
-0.0276112
-0.054294
0.0155753
0.424346
-0.121388
-0.136985
0.144819
0.357263
0.115142
-0.139488
0.101986
0.332212
-0.00385657
0.0278679
0.0424855
0.355332
0.108321
0.0854526
0.118624
0.26535
-0.0134742
-0.0284317
-0.00903905
0.390911
0.00147451
-0.0389276
0.0176707
0.258122
0.0194577
0.030126
-0.012487
0.354364
-0.001805
0.03509
0.0204968
0.311356
-0.100504
0.127877
0.110408
0.384373
-0.00600564
-0.00971731
0.0343112
0.30729
-0.0223581
0.0576035
-0.0580619
0.338644
0.0305724
0.132074
0.107766
