Vec Object: 1 MPI process
  type: seq
0.
0.
0.
-0.108189
0.
0.
0.
0.0332779
0.16306
-0.167185
0.
-0.0741391
0.172428
-0.178078
0.
-0.0691001
0.189699
0.204129
0.
-0.0576176
0.177175
0.165924
0.
-0.071235
0.387703
0.00956623
0.
0.00354869
0.375266
0.00924639
0.
0.00622746
0.389979
-0.0202814
0.
0.00748801
0.396193
-0.0184323
0.
0.00969141
0.
0.
0.
-0.0318526
0.
0.
0.
-0.0804316
0.311698
-0.056416
0.
-0.0166117
0.319987
0.088347
0.
0.0037206
0.316641
-0.051198
0.
-0.00967233
0.323121
0.114626
0.
0.0202376
0.342793
0.0713549
0.
0.000959573
0.322973
-0.104233
0.
0.0156658
0.312515
0.0408707
0.
-0.0195035
0.320359
-0.0629331
0.
-0.00178682
0.
0.
0.
-0.133674
0.
0.
0.
-0.00910565
0.
0.
0.
3.85426e-05
0.
0.
0.
0.112454
0.
0.
0.
-0.0647559
0.
0.
0.
-0.15423
0.
0.
0.
-0.200688
0.
0.
0.
0.0398653
0.
0.
0.
-0.0102552
0.
0.
0.
-0.0179764
0.
0.
0.
-0.164139
0.
0.
0.
0.028964
0.
0.
0.
-0.0770409
0.
0.
0.
-0.00341016
0.
0.
0.
0.1539
0.
0.
0.
0.0419813
0.
0.
0.
0.00436055
0.
0.
0.
0.00680314
1.
0.
0.
0.0446442
0.398015
-0.00836699
-0.000531706
-0.00353714
0.37852
0.
-0.00343024
-0.00357687
0.270936
0.
-0.00228406
-0.0144234
0.306043
0.
0.0184729
0.0502297
0.378461
0.
0.00448599
-0.0100909
0.2732
0.
0.013262
-0.0145058
0.316879
0.
-0.00628226
0.0615629
0.308865
0.018745
0.
0.0615957
0.380597
0.0188802
0.
-0.00127452
0.257751
0.0217405
0.
-0.0187188
0.287678
0.00124712
0.
0.0562501
0.383177
0.014463
0.
-0.00282907
0.265681
0.0163635
0.
-0.018858
0.247482
0.0209739
-0.0543778
-0.0095445
0.248605
-0.0249239
0.0236325
-0.0230577
0.364858
-0.0252678
-0.0655564
0.00920829
0.425313
-0.137132
-0.147708
0.126628
0.35581
0.129832
-0.151665
0.0857509
0.338979
-0.0193452
0.0275279
0.0326916
0.358785
0.1183
0.0955806
0.0995471
0.274398
-0.0150867
-0.0293478
-0.00786291
0.400864
0.00177747
-0.045837
0.0114444
0.257681
0.0213329
0.0315977
-0.00335267
0.368863
0.004665
0.0430259
0.0127022
0.314581
-0.112699
0.136513
0.0961401
0.398212
-0.00810985
-0.00727206
0.024266
0.315916
-0.00199141
0.0679243
-0.0724613
0.342783
0.0366477
0.14076
0.0889621
