Vec Object: 1 MPI process
  type: seq
0.
0.
0.
-0.11628
0.
0.
0.
0.134978
0.150774
-0.16843
0.
-0.120672
0.165531
-0.177711
0.
-0.10123
0.194663
0.198289
0.
-0.0702801
0.165838
0.171333
0.
-0.125053
0.382462
0.0151927
0.
0.0232714
0.372966
0.0128166
0.
0.0119708
0.387297
-0.0191
0.
0.0109523
0.389348
-0.0252076
0.
0.0320306
0.
0.
0.
-0.0565966
0.
0.
0.
-0.14476
0.291993
-0.0515754
0.
-0.0168612
0.32373
0.0824774
0.
-0.0081746
0.298162
-0.0480818
0.
0.0052473
0.326343
0.115626
0.
0.0114159
0.322784
0.0611919
0.
0.0180108
0.325469
-0.101903
0.
0.00465453
0.293247
0.0468477
0.
-0.0306692
0.322518
-0.0602358
0.
-0.0160902
0.
0.
0.
-0.0913206
0.
0.
0.
-0.0674535
0.
0.
0.
0.110592
0.
0.
0.
0.0391153
0.
0.
0.
-0.120796
0.
0.
0.
-0.0862956
0.
0.
0.
-0.0312252
0.
0.
0.
0.216311
0.
0.
0.
0.180569
0.
0.
0.
0.108022
0.
0.
0.
-0.0500545
0.
0.
0.
0.0633574
0.
0.
0.
0.0625029
0.
0.
0.
-0.0112239
0.
0.
0.
0.360791
0.
0.
0.
0.261894
0.
0.
0.
0.145088
0.
0.
0.
-0.00705132
1.
0.
0.
0.0545293
0.40319
-0.00860583
-0.00138901
0.00809333
0.37547
0.
-0.00122601
-0.00407552
0.279585
0.
0.000561409
-0.0376726
0.354079
0.
0.0102809
0.0834207
0.381309
0.
0.00158806
-0.0123963
0.281942
0.
0.00777615
-0.0445572
0.353961
0.
-0.00826423
0.111811
0.364577
0.00939807
0.
0.121605
0.379033
0.0209509
0.
-0.00190879
0.267717
0.025319
0.
-0.0433753
0.337424
-0.00373839
0.
0.11401
0.384937
0.00947538
0.
-0.00437916
0.273958
0.0101254
0.
-0.0512396
0.241542
0.00841068
-0.04193
-0.0379587
0.247589
-0.0170046
0.0180987
-0.0682506
0.33337
-0.0340655
-0.0277757
0.0388953
0.430533
-0.0746333
-0.105136
0.20352
0.370657
0.0714705
-0.104804
0.155995
0.292511
0.0291326
0.023668
0.0788846
0.349329
0.0729995
0.0601015
0.18612
0.240734
-0.00507697
-0.0248675
-0.0121538
0.349124
0.000154943
-0.0197208
0.0423509
0.256472
0.00772037
0.0235456
-0.0409722
0.312474
-0.0165334
0.0184715
0.0528534
0.310672
-0.0636009
0.100033
0.162006
0.340955
0.000625031
-0.0131532
0.07229
0.255539
-0.0561179
0.0307015
0.0255071
0.332341
0.0121284
0.101446
0.177893
