Vec Object: 1 MPI process
  type: seq
0.
0.
0.
-0.0944171
0.
0.
0.
0.0224017
0.166133
-0.167282
0.
-0.0621162
0.173854
-0.178739
0.
-0.061319
0.189321
0.205611
0.
-0.0515517
0.179989
0.164664
0.
-0.0562554
0.388644
0.0088194
0.
0.00131214
0.37565
0.00858067
0.
0.00790117
0.390825
-0.0210306
0.
0.00875326
0.397611
-0.0172163
0.
0.00640829
0.
0.
0.
-0.0242572
0.
0.
0.
-0.0658092
0.317609
-0.0571162
0.
-0.0144594
0.318567
0.0891291
0.
0.00356111
0.32251
-0.0511164
0.
-0.0127497
0.322183
0.112512
0.
0.0183395
0.349095
0.0736263
0.
-0.00256461
0.322313
-0.103257
0.
0.0144015
0.317739
0.0385516
0.
-0.0148322
0.320099
-0.062638
0.
-0.00214991
0.
0.
0.
-0.123978
0.
0.
0.
0.00940673
0.
0.
0.
-0.0108647
0.
0.
0.
0.135811
0.
0.
0.
-0.0497333
0.
0.
0.
-0.15055
0.
0.
0.
-0.222244
0.
0.
0.
0.00980479
0.
0.
0.
-0.0427105
0.
0.
0.
-0.0327698
0.
0.
0.
-0.162403
0.
0.
0.
0.0313847
0.
0.
0.
-0.0919969
0.
0.
0.
0.00412681
0.
0.
0.
0.107407
0.
0.
0.
-0.000850647
0.
0.
0.
-0.00968832
0.
0.
0.
0.0101372
1.
0.
0.
0.0398943
0.395084
-0.0082086
-0.000233004
-0.00257039
0.380348
0.
-0.00405451
-0.00461071
0.26824
0.
-0.00326666
-0.010713
0.291508
0.
0.0211924
0.0426254
0.377727
0.
0.00516636
-0.0100594
0.269871
0.
0.0150174
-0.00832407
0.304636
0.
-0.00535913
0.0486557
0.290928
0.0215405
0.
0.0469506
0.382077
0.0180499
0.
-0.00228049
0.254879
0.0197166
0.
-0.0146799
0.271258
0.0040249
0.
0.0440982
0.383
0.0156562
0.
-0.00325118
0.263226
0.0177271
0.
-0.012747
0.249616
0.023878
-0.055186
-0.00401721
0.24882
-0.0253705
0.0233474
-0.0131591
0.369756
-0.0228873
-0.0793102
0.0028802
0.428604
-0.154252
-0.159884
0.107432
0.357063
0.145883
-0.16554
0.0692749
0.340553
-0.0381253
0.0259075
0.0230517
0.363643
0.12778
0.107664
0.080566
0.285176
-0.0159793
-0.0302331
-0.0071058
0.408616
0.00201182
-0.0529425
0.00538635
0.256457
0.0214851
0.0327
0.00621417
0.385581
0.0127968
0.0534889
0.00562241
0.320686
-0.125973
0.145671
0.0820608
0.412592
-0.0100642
-0.00400992
0.0149773
0.318401
0.0252426
0.079066
-0.0803804
0.34922
0.0430269
0.148946
0.0709777
