Vec Object: 1 MPI process
  type: seq
0.
0.
0.
-0.0831972
0.
0.
0.
0.0191811
0.168521
-0.167654
0.
-0.053111
0.175101
-0.179498
0.
-0.0550935
0.189498
0.20684
0.
-0.0462213
0.182008
0.163913
0.
-0.0449144
0.389396
0.00847118
0.
-9.31512e-05
0.376236
0.00781097
0.
0.009201
0.391886
-0.0216413
0.
0.00929941
0.398738
-0.0164466
0.
0.00418323
0.
0.
0.
-0.0196397
0.
0.
0.
-0.0577726
0.322596
-0.0576802
0.
-0.0125417
0.317203
0.0897366
0.
0.00315558
0.327634
-0.0506507
0.
-0.0145419
0.32146
0.110464
0.
0.0164324
0.354514
0.0751329
0.
-0.00446923
0.321843
-0.102193
0.
0.0129416
0.321913
0.036702
0.
-0.0113409
0.320235
-0.0621841
0.
-0.0028733
0.
0.
0.
-0.111818
0.
0.
0.
0.0215078
0.
0.
0.
-0.0132992
0.
0.
0.
0.149597
0.
0.
0.
-0.0415443
0.
0.
0.
-0.142232
0.
0.
0.
-0.231029
0.
0.
0.
-0.00719602
0.
0.
0.
-0.0607602
0.
0.
0.
-0.0378071
0.
0.
0.
-0.150933
0.
0.
0.
0.0356874
0.
0.
0.
-0.0957159
0.
0.
0.
0.0106037
0.
0.
0.
0.0751531
0.
0.
0.
-0.0275464
0.
0.
0.
-0.012788
0.
0.
0.
0.0111688
1.
0.
0.
0.0352583
0.39208
-0.00798556
6.60176e-05
-0.00150828
0.382006
0.
-0.00451985
-0.00539824
0.266148
0.
-0.00411958
-0.00805265
0.279041
0.
0.0235044
0.0368971
0.37676
0.
0.00559871
-0.00987818
0.266883
0.
0.0164998
-0.00369495
0.293933
0.
-0.00438222
0.0388527
0.275318
0.0237115
0.
0.0364726
0.383474
0.0174166
0.
-0.00304206
0.252859
0.0176091
0.
-0.0118867
0.256588
0.00685169
0.
0.0357132
0.382561
0.0164426
0.
-0.00357214
0.261323
0.0184197
0.
-0.00843067
0.25155
0.0259627
-0.0544995
-0.00101777
0.248926
-0.0245067
0.0222195
-0.00643678
0.371813
-0.0213419
-0.090927
-0.00169212
0.433126
-0.167125
-0.169927
0.0931767
0.361058
0.158096
-0.176725
0.0577152
0.336091
-0.0528943
0.0237217
0.0162896
0.368356
0.133828
0.117564
0.0673838
0.294344
-0.0160471
-0.0308912
-0.00728285
0.41181
0.00212382
-0.0574746
0.00102084
0.254696
0.0196576
0.0332083
0.0128052
0.399602
0.0199138
0.0631629
0.000978886
0.328001
-0.136123
0.152598
0.0722375
0.422771
-0.0110826
-0.00124153
0.00901681
0.314275
0.0487275
0.0865696
-0.0811294
0.356261
0.0475001
0.153948
0.0590319
