Vec Object: 1 MPI process
  type: seq
0.
0.
0.
-0.118096
0.
0.
0.
0.0512984
0.159933
-0.167364
0.
-0.0864607
0.170938
-0.177702
0.
-0.0770646
0.190525
0.202712
0.
-0.062777
0.174253
0.167313
0.
-0.0860176
0.386714
0.0105664
0.
0.00644459
0.374984
0.00983174
0.
0.00524558
0.38944
-0.0196032
0.
0.00622852
0.394737
-0.019836
0.
0.0135641
0.
0.
0.
-0.0396754
0.
0.
0.
-0.0972892
0.306221
-0.0555467
0.
-0.0178612
0.321151
0.0874028
0.
0.00305768
0.311372
-0.0508297
0.
-0.00600761
0.324014
0.116093
0.
0.0210072
0.337087
0.0688369
0.
0.00531869
0.32364
-0.104693
0.
0.0158073
0.307428
0.0429459
0.
-0.0236708
0.32085
-0.0628832
0.
-0.00253932
0.
0.
0.
-0.134831
0.
0.
0.
-0.0276821
0.
0.
0.
0.0191606
0.
0.
0.
0.0885467
0.
0.
0.
-0.0812564
0.
0.
0.
-0.14881
0.
0.
0.
-0.168707
0.
0.
0.
0.077532
0.
0.
0.
0.0305901
0.
0.
0.
0.00526221
0.
0.
0.
-0.151459
0.
0.
0.
0.0312175
0.
0.
0.
-0.051923
0.
0.
0.
-0.00899376
0.
0.
0.
0.204105
0.
0.
0.
0.0919743
0.
0.
0.
0.02897
0.
0.
0.
0.00265665
1.
0.
0.
0.0481165
0.400174
-0.00846198
-0.000785064
-0.00357629
0.37708
0.
-0.00281507
-0.00282082
0.273498
0.
-0.00141214
-0.0185948
0.319393
0.
0.0160363
0.0581463
0.37897
0.
0.00373826
-0.0102224
0.276038
0.
0.0116543
-0.0208923
0.327763
0.
-0.00699271
0.0744422
0.324942
0.016092
0.
0.0768791
0.379509
0.0196437
0.
-0.000540902
0.260611
0.0232311
0.
-0.0232639
0.302168
-0.000792554
0.
0.0695924
0.383238
0.0131736
0.
-0.0026647
0.268064
0.01476
0.
-0.0255412
0.245733
0.0178522
-0.0522064
-0.0161715
0.248424
-0.0234573
0.0229602
-0.0336769
0.358193
-0.0277904
-0.0534913
0.0160874
0.424343
-0.120196
-0.136181
0.146222
0.357451
0.114031
-0.138581
0.103256
0.331533
-0.00276666
0.0278528
0.043273
0.355105
0.107521
0.0847214
0.120136
0.264689
-0.0133233
-0.0283573
-0.00913163
0.390061
0.00144821
-0.0384032
0.0181788
0.258133
0.0192622
0.0299974
-0.0131817
0.353285
-0.00226082
0.0345439
0.0211481
0.311186
-0.0995775
0.127211
0.111545
0.383306
-0.00583956
-0.00987827
0.0351335
0.306425
-0.0237124
0.056837
-0.0566888
0.338383
0.0301073
0.131378
0.109282
