Vec Object: 1 MPI process
  type: seq
0.
0.
0.
-0.100267
0.
0.
0.
0.0258856
0.164897
-0.167201
0.
-0.0669203
0.173272
-0.178434
0.
-0.0644612
0.189406
0.205002
0.
-0.054107
0.178874
0.165147
0.
-0.062292
0.388264
0.0090868
0.
0.00215089
0.375464
0.00887605
0.
0.00718578
0.390429
-0.0207233
0.
0.00828732
0.397038
-0.0176813
0.
0.00767237
0.
0.
0.
-0.0271921
0.
0.
0.
-0.0712712
0.315164
-0.0568421
0.
-0.0154044
0.319178
0.088823
0.
0.00369552
0.320057
-0.0512106
0.
-0.0115922
0.322565
0.113437
0.
0.0192052
0.346471
0.0727473
0.
-0.00126658
0.322575
-0.103706
0.
0.0150149
0.315614
0.0395052
0.
-0.016733
0.320162
-0.0627962
0.
-0.00190285
0.
0.
0.
-0.128835
0.
0.
0.
0.00214359
0.
0.
0.
-0.00750869
0.
0.
0.
0.126787
0.
0.
0.
-0.0553974
0.
0.
0.
-0.153087
0.
0.
0.
-0.21489
0.
0.
0.
0.0209061
0.
0.
0.
-0.0307618
0.
0.
0.
-0.0278943
0.
0.
0.
-0.164901
0.
0.
0.
0.0298984
0.
0.
0.
-0.0872905
0.
0.
0.
0.00091379
0.
0.
0.
0.125603
0.
0.
0.
0.0154159
0.
0.
0.
-0.00537281
0.
0.
0.
0.00898388
1.
0.
0.
0.041972
0.396375
-0.00828453
-0.000361653
-0.00303843
0.379566
0.
-0.0038038
-0.00417944
0.269336
0.
-0.00285625
-0.0121683
0.297546
0.
0.02006
0.0456587
0.37807
0.
0.00490429
-0.0100798
0.271278
0.
0.0142905
-0.0107985
0.309762
0.
-0.00576517
0.0538508
0.298423
0.0204022
0.
0.0527427
0.381435
0.0183874
0.
-0.00186138
0.256022
0.0206095
0.
-0.0162556
0.278164
0.00280221
0.
0.0488368
0.383105
0.0151928
0.
-0.00306561
0.26422
0.0172228
0.
-0.0151456
0.248703
0.0227378
-0.0550604
-0.00606061
0.248732
-0.0253559
0.0236011
-0.0170276
0.36804
-0.0238113
-0.0735726
0.00537509
0.426962
-0.147366
-0.154881
0.115096
0.356121
0.13941
-0.159855
0.0757517
0.340781
-0.030378
0.026727
0.0268282
0.361529
0.124152
0.102661
0.0879918
0.280689
-0.0157324
-0.0298863
-0.00730324
0.405927
0.00192937
-0.0501796
0.00776484
0.257064
0.0217101
0.0323194
0.00244398
0.378678
0.00936927
0.0490099
0.00832594
0.317836
-0.12062
0.142
0.0875625
0.406906
-0.00933743
-0.00538952
0.018519
0.318375
0.0136781
0.0746579
-0.0781501
0.346325
0.0405006
0.145834
0.0779138
