Vec Object: 1 MPI process
  type: seq
0.
0.
0.
-0.118271
0.
0.
0.
0.0518138
0.159857
-0.16737
0.
-0.08676
0.1709
-0.177696
0.
-0.0772611
0.190549
0.202678
0.
-0.0628897
0.174182
0.167347
0.
-0.0863689
0.386689
0.0105934
0.
0.00652515
0.374976
0.00984674
0.
0.00523541
0.389429
-0.0195884
0.
0.00620438
0.3947
-0.019872
0.
0.0136666
0.
0.
0.
-0.0398559
0.
0.
0.
-0.0977043
0.306094
-0.0555225
0.
-0.0178773
0.321177
0.0873768
0.
0.00302772
0.311251
-0.050816
0.
-0.00591321
0.324035
0.116119
0.
0.0210071
0.336956
0.068774
0.
0.00543115
0.323656
-0.104697
0.
0.0157926
0.307307
0.0429917
0.
-0.0237602
0.320863
-0.0628773
0.
-0.0025756
0.
0.
0.
-0.134749
0.
0.
0.
-0.02811
0.
0.
0.
0.0197144
0.
0.
0.
0.0879969
0.
0.
0.
-0.0816492
0.
0.
0.
-0.148567
0.
0.
0.
-0.16782
0.
0.
0.
0.07852
0.
0.
0.
0.0316616
0.
0.
0.
0.00591565
0.
0.
0.
-0.150988
0.
0.
0.
0.0313328
0.
0.
0.
-0.0512067
0.
0.
0.
-0.00909805
0.
0.
0.
0.205349
0.
0.
0.
0.0932502
0.
0.
0.
0.0296805
0.
0.
0.
0.00255702
1.
0.
0.
0.0481857
0.400218
-0.00846389
-0.000790845
-0.00356122
0.37705
0.
-0.00280058
-0.00280827
0.273557
0.
-0.00139243
-0.0187034
0.319704
0.
0.0159808
0.0583414
0.378982
0.
0.00371987
-0.0102289
0.276101
0.
0.0116173
-0.0210505
0.328011
0.
-0.00700789
0.0747514
0.32531
0.0160303
0.
0.0772512
0.379488
0.0196607
0.
-0.000528889
0.260678
0.0232615
0.
-0.0233816
0.302498
-0.000834014
0.
0.0699267
0.38324
0.0131421
0.
-0.00266549
0.26812
0.0147202
0.
-0.0257104
0.245694
0.0177751
-0.0521415
-0.0163385
0.248419
-0.0234138
0.022935
-0.0339383
0.358016
-0.0278508
-0.0532221
0.0162612
0.424344
-0.119794
-0.135909
0.146696
0.357517
0.113656
-0.138276
0.103686
0.331299
-0.00240181
0.0278465
0.0435402
0.355029
0.107249
0.0844758
0.120649
0.264467
-0.0132715
-0.028332
-0.00916275
0.389772
0.00143923
-0.0382265
0.0183515
0.258137
0.0191947
0.0299536
-0.0134161
0.352921
-0.00241354
0.0343613
0.0213698
0.311131
-0.099265
0.126986
0.111931
0.382945
-0.0057834
-0.00993176
0.0354129
0.306127
-0.0241633
0.0565791
-0.0562166
0.338296
0.0299504
0.131142
0.109797
