Vec Object: 1 MPI process
  type: seq
0.
0.
0.
-0.0769662
0.
0.
0.
0.0194328
0.170113
-0.168104
0.
-0.0475002
0.176092
-0.180151
0.
-0.0507805
0.189934
0.207694
0.
-0.0424681
0.183192
0.163632
0.
-0.0380005
0.389908
0.00840652
0.
-0.000858175
0.376875
0.00708309
0.
0.00981011
0.392856
-0.0220656
0.
0.00928825
0.3995
-0.0160642
0.
0.00288011
0.
0.
0.
-0.017746
0.
0.
0.
-0.0547896
0.326107
-0.0581263
0.
-0.0113762
0.316134
0.0901936
0.
0.00287137
0.331331
-0.050099
0.
-0.0152833
0.321028
0.108923
0.
0.0150986
0.358361
0.0759504
0.
-0.00519253
0.32158
-0.10136
0.
0.011855
0.324725
0.0355253
0.
-0.00936266
0.320593
-0.0617731
0.
-0.00343834
0.
0.
0.
-0.10276
0.
0.
0.
0.02723
0.
0.
0.
-0.0121859
0.
0.
0.
0.154269
0.
0.
0.
-0.0390259
0.
0.
0.
-0.13507
0.
0.
0.
-0.232856
0.
0.
0.
-0.0149028
0.
0.
0.
-0.0686356
0.
0.
0.
-0.0380415
0.
0.
0.
-0.139308
0.
0.
0.
0.038955
0.
0.
0.
-0.094361
0.
0.
0.
0.0147406
0.
0.
0.
0.0566807
0.
0.
0.
-0.0410806
0.
0.
0.
-0.0113834
0.
0.
0.
0.0107193
1.
0.
0.
0.0317956
0.389664
-0.0077564
0.000317207
-0.000791864
0.383182
0.
-0.00480062
-0.00580471
0.264841
0.
-0.00473517
-0.00644219
0.27017
0.
0.0250912
0.0332299
0.3758
0.
0.00580779
-0.00956459
0.264714
0.
0.0175405
-0.000890901
0.28626
0.
-0.00353178
0.0327867
0.264166
0.0250443
0.
0.0303257
0.384495
0.0170338
0.
-0.00343038
0.251793
0.015852
0.
-0.0103093
0.245775
0.00910792
0.
0.0308627
0.382015
0.0168487
0.
-0.00367506
0.260107
0.0185832
0.
-0.00591365
0.252861
0.0272949
-0.0533045
0.000169118
0.248837
-0.0230847
0.0209602
-0.00278799
0.372052
-0.0205607
-0.0987163
-0.00444096
0.437138
-0.174915
-0.176794
0.0844243
0.365637
0.165623
-0.184059
0.0510472
0.32989
-0.0615365
0.0219548
0.0124021
0.371909
0.13697
0.123909
0.0597866
0.300638
-0.0158963
-0.0313548
-0.00779892
0.412297
0.00216229
-0.0595377
-0.00164202
0.252966
0.0172477
0.0334377
0.0163691
0.409348
0.0248251
0.0702187
-0.00160499
0.334357
-0.142455
0.156946
0.0664502
0.428556
-0.0113451
0.0004962
0.005801
0.308535
0.0636394
0.0901493
-0.0793771
0.362195
0.0498958
0.156284
0.0523842
