Vec Object: 1 MPI process
  type: seq
0.
0.
0.
-0.105067
0.
0.
0.
0.0299142
0.163819
-0.167179
0.
-0.0711503
0.172776
-0.178212
0.
-0.0671847
0.189557
0.204485
0.
-0.0562099
0.177881
0.165596
0.
-0.0675551
0.387935
0.00935748
0.
0.00294793
0.37534
0.00910011
0.
0.00659983
0.390148
-0.0204613
0.
0.00782584
0.396542
-0.0181145
0.
0.00883658
0.
0.
0.
-0.0299057
0.
0.
0.
-0.0765322
0.313106
-0.056597
0.
-0.0161483
0.319665
0.0885483
0.
0.0037402
0.31802
-0.0512236
0.
-0.0104903
0.322893
0.114162
0.
0.0198541
0.344281
0.0719404
0.
2.32623e-06
0.322809
-0.104037
0.
0.0154398
0.313786
0.0403167
0.
-0.0183763
0.320266
-0.062891
0.
-0.00179294
0.
0.
0.
-0.13204
0.
0.
0.
-0.00443595
0.
0.
0.
-0.00343741
0.
0.
0.
0.118435
0.
0.
0.
-0.0608006
0.
0.
0.
-0.154149
0.
0.
0.
-0.207007
0.
0.
0.
0.0317057
0.
0.
0.
-0.0190902
0.
0.
0.
-0.0224425
0.
0.
0.
-0.165092
0.
0.
0.
0.0291533
0.
0.
0.
-0.081723
0.
0.
0.
-0.00170301
0.
0.
0.
0.142063
0.
0.
0.
0.0307014
0.
0.
0.
-0.000123561
0.
0.
0.
0.00775273
1.
0.
0.
0.0436
0.397376
-0.00833639
-0.000463974
-0.00336518
0.378935
0.
-0.00358411
-0.00381653
0.270281
0.
-0.00251495
-0.0134777
0.302598
0.
0.0191143
0.0483335
0.378313
0.
0.00466194
-0.0100853
0.272431
0.
0.0136793
-0.0129717
0.31401
0.
-0.00607947
0.0583851
0.304649
0.0194224
0.
0.0579144
0.380926
0.0186791
0.
-0.00150803
0.257037
0.0212992
0.
-0.0176845
0.283849
0.00185387
0.
0.0531412
0.383156
0.0147689
0.
-0.00291791
0.265081
0.0167306
0.
-0.0173051
0.247967
0.0217112
-0.0547243
-0.00805193
0.248656
-0.0251527
0.023665
-0.0205366
0.366253
-0.0246583
-0.0687877
0.00760724
0.425886
-0.141347
-0.150633
0.121854
0.355799
0.133772
-0.155006
0.0815793
0.340002
-0.0238079
0.0272564
0.0302363
0.359862
0.120774
0.0984468
0.094711
0.276941
-0.0153925
-0.029574
-0.00760132
0.403095
0.00184432
-0.0476503
0.00990248
0.257464
0.0215803
0.0319177
-0.000943843
0.372854
0.00655024
0.0454021
0.0108426
0.315795
-0.115958
0.138781
0.0925458
0.401825
-0.008633
-0.00652275
0.0218273
0.317257
0.0042348
0.0707098
-0.0751502
0.344146
0.0382461
0.14291
0.084303
