Vec Object: 1 MPI process
  type: seq
0.
0.
0.
-0.0994625
0.
0.
0.
0.0253218
0.165071
-0.167209
0.
-0.0662417
0.173352
-0.178474
0.
-0.0640214
0.189388
0.205087
0.
-0.0537571
0.179033
0.165076
0.
-0.0614425
0.388318
0.00904629
0.
0.00202833
0.375487
0.00883745
0.
0.00728458
0.390479
-0.0207661
0.
0.00835782
0.397118
-0.0176137
0.
0.00749021
0.
0.
0.
-0.0267656
0.
0.
0.
-0.0704624
0.315502
-0.0568808
0.
-0.0152766
0.319095
0.0888663
0.
0.00368142
0.320394
-0.0512027
0.
-0.0117622
0.322511
0.113313
0.
0.0190907
0.346832
0.072874
0.
-0.00145978
0.322538
-0.103648
0.
0.0149363
0.315911
0.0393724
0.
-0.0164658
0.320149
-0.0627771
0.
-0.00193044
0.
0.
0.
-0.128226
0.
0.
0.
0.00318794
0.
0.
0.
-0.00806613
0.
0.
0.
0.1281
0.
0.
0.
-0.0545612
0.
0.
0.
-0.152814
0.
0.
0.
-0.216035
0.
0.
0.
0.0192601
0.
0.
0.
-0.0325374
0.
0.
0.
-0.02867
0.
0.
0.
-0.164697
0.
0.
0.
0.0300683
0.
0.
0.
-0.0880625
0.
0.
0.
0.00135339
0.
0.
0.
0.122998
0.
0.
0.
0.0130439
0.
0.
0.
-0.00609075
0.
0.
0.
0.00916498
1.
0.
0.
0.0416937
0.396204
-0.00827505
-0.000344383
-0.002978
0.379673
0.
-0.00383918
-0.00423953
0.269182
0.
-0.00291268
-0.0119609
0.296713
0.
0.0202161
0.0452301
0.378027
0.
0.00494227
-0.0100784
0.271086
0.
0.014391
-0.0104493
0.309058
0.
-0.0057113
0.0531196
0.297394
0.0205615
0.
0.0519185
0.381522
0.01834
0.
-0.00191984
0.255859
0.0204909
0.
-0.0160299
0.277219
0.00296499
0.
0.0481574
0.383094
0.0152596
0.
-0.00309107
0.26408
0.0172981
0.
-0.0148033
0.248827
0.0229005
-0.0550957
-0.00575663
0.248744
-0.0253733
0.0235777
-0.0164726
0.368304
-0.0236779
-0.0743636
0.00502024
0.427166
-0.148336
-0.155576
0.114012
0.356214
0.140321
-0.160646
0.0748267
0.340825
-0.0314565
0.0266256
0.0262886
0.361812
0.124678
0.103354
0.0869287
0.281308
-0.0157764
-0.0299357
-0.00726525
0.406343
0.00194194
-0.0505786
0.00742603
0.256989
0.021704
0.0323781
0.00298291
0.379633
0.00983858
0.049617
0.00793427
0.318202
-0.121372
0.142518
0.0867749
0.407716
-0.00944547
-0.00520025
0.0180044
0.318463
0.0152597
0.075288
-0.0785418
0.346705
0.0408604
0.146288
0.0769126
