Vec Object: 1 MPI process
  type: seq
0.
0.
0.
-0.122618
0.
0.
0.
0.0755247
0.156748
-0.167713
0.
-0.0988599
0.169254
-0.177567
0.
-0.0854001
0.191661
0.201306
0.
-0.0669261
0.171303
0.168739
0.
-0.100327
0.385572
0.0118168
0.
0.0103591
0.374588
0.0105425
0.
0.00552995
0.388956
-0.019086
0.
0.00574885
0.393155
-0.0214198
0.
0.0182922
0.
0.
0.
-0.0465959
0.
0.
0.
-0.114352
0.301093
-0.0543942
0.
-0.0179787
0.322139
0.0861567
0.
0.00110845
0.306552
-0.0500903
0.
-0.00191144
0.32485
0.116804
0.
0.020087
0.331854
0.0661765
0.
0.0101323
0.324286
-0.104515
0.
0.0143017
0.302469
0.0446441
0.
-0.0268463
0.321423
-0.0624363
0.
-0.00492867
0.
0.
0.
-0.127193
0.
0.
0.
-0.0441506
0.
0.
0.
0.045387
0.
0.
0.
0.0675169
0.
0.
0.
-0.096794
0.
0.
0.
-0.134489
0.
0.
0.
-0.127903
0.
0.
0.
0.121158
0.
0.
0.
0.0778693
0.
0.
0.
0.03557
0.
0.
0.
-0.126078
0.
0.
0.
0.0383419
0.
0.
0.
-0.0184421
0.
0.
0.
-0.012023
0.
0.
0.
0.256624
0.
0.
0.
0.14711
0.
0.
0.
0.0624787
0.
0.
0.
-0.00121247
1.
0.
0.
0.0505175
0.401725
-0.00853238
-0.00101492
-0.00211057
0.376067
0.
-0.00223214
-0.00259107
0.275838
0.
-0.000645057
-0.0235597
0.331902
0.
0.013855
0.066413
0.379509
0.
0.0029752
-0.0106644
0.278437
0.
0.0101891
-0.0277481
0.33757
0.
-0.00755587
0.0872191
0.339588
0.013627
0.
0.092337
0.378859
0.0202721
0.
-0.000337233
0.263289
0.0243002
0.
-0.028598
0.315263
-0.00224612
0.
0.0839072
0.383434
0.0118649
0.
-0.00291135
0.270292
0.0131037
0.
-0.0329717
0.24423
0.0146143
-0.0491484
-0.0232266
0.248235
-0.02145
0.0216433
-0.0447094
0.350353
-0.03022
-0.0431682
0.0236206
0.425205
-0.103857
-0.125163
0.165864
0.360956
0.0987953
-0.126315
0.121235
0.320237
0.010909
0.0271176
0.0548351
0.352416
0.0959765
0.0751658
0.141902
0.255865
-0.010879
-0.027256
-0.010291
0.377182
0.00104292
-0.0313222
0.0257902
0.25801
0.0159469
0.0280099
-0.022701
0.338615
-0.00807069
0.0277462
0.0310546
0.309754
-0.0868157
0.117859
0.128029
0.368443
-0.00351554
-0.0117163
0.0472937
0.29192
-0.0396314
0.0466812
-0.0337979
0.335415
0.0236853
0.121347
0.131444
