Vec Object: 1 MPI process
  type: seq
0.
0.
0.
-0.107325
0.
0.
0.
0.0322769
0.163276
-0.167181
0.
-0.0732874
0.172527
-0.178114
0.
-0.0685544
0.189656
0.20423
0.
-0.0572228
0.177376
0.16583
0.
-0.0701898
0.387769
0.00950533
0.
0.00337407
0.375286
0.00920539
0.
0.0063294
0.390025
-0.0203322
0.
0.00758453
0.396292
-0.0183408
0.
0.0094449
0.
0.
0.
-0.031297
0.
0.
0.
-0.0793079
0.312096
-0.0564684
0.
-0.0164853
0.319897
0.0884052
0.
0.00373093
0.317029
-0.051208
0.
-0.00990853
0.323057
0.114498
0.
0.0201352
0.343213
0.0715229
0.
0.00068206
0.322927
-0.104181
0.
0.0156081
0.312876
0.0407146
0.
-0.0191858
0.320331
-0.0629232
0.
-0.00178205
0.
0.
0.
-0.133262
0.
0.
0.
-0.00777631
0.
0.
0.
-0.00100119
0.
0.
0.
0.11416
0.
0.
0.
-0.0636208
0.
0.
0.
-0.154264
0.
0.
0.
-0.20255
0.
0.
0.
0.0374974
0.
0.
0.
-0.0128201
0.
0.
0.
-0.0192992
0.
0.
0.
-0.1645
0.
0.
0.
0.028989
0.
0.
0.
-0.078436
0.
0.
0.
-0.00293645
0.
0.
0.
0.150511
0.
0.
0.
0.0387287
0.
0.
0.
0.0030193
0.
0.
0.
0.0070788
1.
0.
0.
0.0443553
0.397838
-0.00835869
-0.000512732
-0.00349358
0.378635
0.
-0.00347395
-0.00364346
0.27075
0.
-0.00234903
-0.0141519
0.305071
0.
0.0186535
0.0496886
0.37842
0.
0.00453646
-0.0100888
0.272985
0.
0.0133798
-0.0140685
0.316072
0.
-0.00622592
0.0606595
0.307678
0.0189367
0.
0.0605448
0.380688
0.0188234
0.
-0.0013394
0.257548
0.0216183
0.
-0.0184218
0.286602
0.00141503
0.
0.0553587
0.383172
0.0145506
0.
-0.00285283
0.265511
0.0164694
0.
-0.0184131
0.247618
0.021185
-0.054485
-0.00911288
0.248619
-0.0249955
0.0236478
-0.0223363
0.365266
-0.0250935
-0.0664647
0.00874979
0.425461
-0.13833
-0.148536
0.125268
0.355789
0.130951
-0.15261
0.0845581
0.339307
-0.0206007
0.0274588
0.0319878
0.359083
0.119011
0.096388
0.0981619
0.275114
-0.0151792
-0.0294127
-0.00778492
0.401518
0.00179707
-0.0463549
0.011002
0.257624
0.0214154
0.0316918
-0.00266581
0.36999
0.00519354
0.0436892
0.0121651
0.314909
-0.113625
0.137158
0.0951098
0.399242
-0.00826067
-0.00706302
0.0235627
0.316342
-0.000255297
0.0687163
-0.0732748
0.343158
0.0371033
0.141379
0.0876227
