Vec Object: 1 MPI process
  type: seq
0.
0.
0.
-0.118008
0.
0.
0.
0.0510433
0.159971
-0.16736
0.
-0.0863119
0.170957
-0.177705
0.
-0.0769669
0.190513
0.202729
0.
-0.0627207
0.174289
0.167296
0.
-0.0858427
0.386726
0.0105529
0.
0.00640473
0.374987
0.00982432
0.
0.00525091
0.389446
-0.0196106
0.
0.00624069
0.394755
-0.0198181
0.
0.0135133
0.
0.
0.
-0.0395854
0.
0.
0.
-0.0970827
0.306285
-0.0555587
0.
-0.0178529
0.321138
0.0874157
0.
0.0030723
0.311433
-0.0508365
0.
-0.00605448
0.324004
0.116079
0.
0.0210068
0.337153
0.0688681
0.
0.00526285
0.323632
-0.104691
0.
0.0158143
0.307488
0.0429231
0.
-0.0236261
0.320843
-0.062886
0.
-0.00252162
0.
0.
0.
-0.13487
0.
0.
0.
-0.0274688
0.
0.
0.
0.0188866
0.
0.
0.
0.0888209
0.
0.
0.
-0.0810607
0.
0.
0.
-0.148929
0.
0.
0.
-0.169146
0.
0.
0.
0.0770418
0.
0.
0.
0.0300584
0.
0.
0.
0.00493868
0.
0.
0.
-0.15169
0.
0.
0.
0.0311612
0.
0.
0.
-0.0522776
0.
0.
0.
-0.00894131
0.
0.
0.
0.203487
0.
0.
0.
0.0913407
0.
0.
0.
0.0286184
0.
0.
0.
0.00270628
1.
0.
0.
0.0480818
0.400152
-0.00846102
-0.000782183
-0.00358347
0.377095
0.
-0.00282229
-0.00282718
0.273468
0.
-0.00142196
-0.0185409
0.319239
0.
0.0160639
0.0580494
0.378964
0.
0.0037474
-0.0102193
0.276007
0.
0.0116727
-0.0208137
0.327639
0.
-0.00698512
0.0742884
0.324758
0.0161227
0.
0.076694
0.37952
0.0196353
0.
-0.000546994
0.260577
0.0232158
0.
-0.0232055
0.302003
-0.000771803
0.
0.0694264
0.383237
0.0131893
0.
-0.0026644
0.268036
0.0147799
0.
-0.0254572
0.245752
0.0178905
-0.0522385
-0.0160885
0.248426
-0.0234788
0.0229726
-0.0335469
0.358281
-0.0277603
-0.0536256
0.0160011
0.424343
-0.120397
-0.136316
0.145986
0.357419
0.114218
-0.138733
0.103042
0.331649
-0.0029488
0.0278557
0.0431403
0.355143
0.107655
0.0848438
0.119882
0.2648
-0.0133489
-0.0283699
-0.00911612
0.390205
0.00145265
-0.0384912
0.0180931
0.258132
0.0192955
0.0300192
-0.0130651
0.353466
-0.00218461
0.0346351
0.0210381
0.311214
-0.099733
0.127323
0.111354
0.383485
-0.00586749
-0.00985149
0.0349949
0.306572
-0.0234869
0.0569655
-0.0569221
0.338426
0.0301855
0.131495
0.109027
