Vec Object: 1 MPI process
  type: seq
0.
0.
0.
-0.0896979
0.
0.
0.
0.020523
0.167113
-0.167397
0.
-0.0583619
0.17434
-0.179022
0.
-0.058795
0.189333
0.206107
0.
-0.0494212
0.180845
0.16432
0.
-0.0515174
0.38895
0.00864602
0.
0.000700741
0.375847
0.00830305
0.
0.00846552
0.391209
-0.0212784
0.
0.00904574
0.39807
-0.0168768
0.
0.00545919
0.
0.
0.
-0.0221532
0.
0.
0.
-0.0620508
0.319614
-0.0573378
0.
-0.0136711
0.318039
0.0893725
0.
0.00340965
0.32455
-0.050974
0.
-0.0135673
0.321881
0.111712
0.
0.0175838
0.351264
0.0742796
0.
-0.00345289
0.322112
-0.10285
0.
0.013838
0.319443
0.0377882
0.
-0.0133511
0.320107
-0.0624753
0.
-0.0024167
0.
0.
0.
-0.119349
0.
0.
0.
0.0147696
0.
0.
0.
-0.0125047
0.
0.
0.
0.142218
0.
0.
0.
-0.0458418
0.
0.
0.
-0.147618
0.
0.
0.
-0.226731
0.
0.
0.
0.00207612
0.
0.
0.
-0.0509734
0.
0.
0.
-0.0355434
0.
0.
0.
-0.158707
0.
0.
0.
0.0329708
0.
0.
0.
-0.0943908
0.
0.
0.
0.00677469
0.
0.
0.
0.0936297
0.
0.
0.
-0.0126372
0.
0.
0.
-0.0117854
0.
0.
0.
0.0107815
1.
0.
0.
0.0380868
0.393937
-0.00813146
-0.000119681
-0.00214988
0.381008
0.
-0.00424989
-0.00494876
0.267372
0.
-0.00360697
-0.00959405
0.286521
0.
0.0221244
0.0402496
0.377386
0.
0.00535782
-0.0100158
0.268687
0.
0.0156137
-0.0063883
0.30037
0.
-0.00499367
0.0445724
0.2847
0.0224432
0.
0.0425098
0.382627
0.0177846
0.
-0.00260816
0.254008
0.0189189
0.
-0.0134862
0.265459
0.00510724
0.
0.0405185
0.382865
0.0159997
0.
-0.00339623
0.262439
0.0180647
0.
-0.0109155
0.250388
0.0247518
-0.0550616
-0.00261974
0.248881
-0.0251768
0.022992
-0.0102555
0.370821
-0.0222072
-0.0840177
0.000956732
0.43024
-0.159642
-0.163951
0.101465
0.358323
0.150973
-0.170118
0.064349
0.339405
-0.0443006
0.0250994
0.0201754
0.365478
0.130434
0.11172
0.0749409
0.28887
-0.0160674
-0.0305027
-0.00708418
0.410268
0.00206543
-0.0549643
0.00355424
0.255839
0.0209765
0.0329419
0.00905902
0.39123
0.015651
0.0573029
0.00361912
0.323381
-0.130192
0.148551
0.0778857
0.416933
-0.0105556
-0.00287632
0.0123799
0.317389
0.0348131
0.0823655
-0.0812368
0.35186
0.0449499
0.151184
0.0658195
