Vec Object: 1 MPI process
  type: seq
0.
0.
0.
-0.111527
0.
0.
0.
0.0377563
0.162169
-0.167213
0.
-0.0776538
0.172015
-0.177943
0.
-0.0713539
0.189898
0.203717
0.
-0.0591932
0.176342
0.166315
0.
-0.0755162
0.387428
0.00982893
0.
0.00430034
0.375186
0.00941206
0.
0.00584723
0.389804
-0.0200764
0.
0.00709408
0.395782
-0.0188176
0.
0.0107346
0.
0.
0.
-0.0341388
0.
0.
0.
-0.0851506
0.310086
-0.0561909
0.
-0.0170812
0.320343
0.0880991
0.
0.00363441
0.315075
-0.0511342
0.
-0.00867305
0.323383
0.115117
0.
0.0205988
0.3411
0.0706522
0.
0.00214117
0.323166
-0.104423
0.
0.0158437
0.311041
0.0414988
0.
-0.0207796
0.320485
-0.062956
0.
-0.00186559
0.
0.
0.
-0.134918
0.
0.
0.
-0.0145545
0.
0.
0.
0.00473049
0.
0.
0.
0.105448
0.
0.
0.
-0.0694773
0.
0.
0.
-0.153619
0.
0.
0.
-0.192507
0.
0.
0.
0.0499777
0.
0.
0.
0.000705224
0.
0.
0.
-0.0121116
0.
0.
0.
-0.161916
0.
0.
0.
0.0291076
0.
0.
0.
-0.0707928
0.
0.
0.
-0.00525084
0.
0.
0.
0.168008
0.
0.
0.
0.0557017
0.
0.
0.
0.0104107
0.
0.
0.
0.00563619
1.
0.
0.
0.0457661
0.398705
-0.00839826
-0.000607619
-0.00366682
0.378065
0.
-0.00325132
-0.00331887
0.27169
0.
-0.00202268
-0.0155628
0.309979
0.
0.0177454
0.052469
0.378617
0.
0.00427549
-0.0101064
0.274062
0.
0.0127857
-0.016312
0.320129
0.
-0.00650369
0.0652713
0.31365
0.0179651
0.
0.0659433
0.380242
0.0191097
0.
-0.00102323
0.258583
0.0222163
0.
-0.0199644
0.292007
0.000593928
0.
0.059972
0.383194
0.0140986
0.
-0.00274607
0.266377
0.0159174
0.
-0.0207148
0.246946
0.0200956
-0.0538702
-0.0113705
0.24855
-0.0245812
0.0235221
-0.0260551
0.363095
-0.0259898
-0.0619124
0.0111208
0.42482
-0.132226
-0.144339
0.132233
0.35604
0.125251
-0.147823
0.090701
0.337341
-0.0143096
0.0277451
0.0356313
0.357616
0.115311
0.0923284
0.105318
0.271508
-0.0146623
-0.029075
-0.00820665
0.398028
0.00169203
-0.0436975
0.0132979
0.257879
0.0208999
0.0311852
-0.00618328
0.364285
0.00255545
0.0404011
0.0149798
0.313367
-0.108903
0.133852
0.10044
0.393954
-0.00747594
-0.0080957
0.0272358
0.313816
-0.00883074
0.0646817
-0.0687148
0.341343
0.0347701
0.13816
0.0945825
