Vec Object: 1 MPI process
  type: seq
0.
0.
0.
-0.122233
0.
0.
0.
0.0981658
0.154242
-0.168039
0.
-0.108357
0.167782
-0.177592
0.
-0.0920997
0.192744
0.200158
0.
-0.0692485
0.169004
0.169849
0.
-0.111066
0.384487
0.0130122
0.
0.0145303
0.374098
0.0112889
0.
0.00701419
0.388461
-0.0188806
0.
0.00654666
0.391757
-0.0228218
0.
0.0229335
0.
0.
0.
-0.0511249
0.
0.
0.
-0.127201
0.297265
-0.0532938
0.
-0.0174618
0.322828
0.0848857
0.
-0.00165247
0.303004
-0.0493088
0.
0.00138648
0.325473
0.116757
0.
0.0178069
0.328008
0.0640638
0.
0.0138563
0.324776
-0.103842
0.
0.0115971
0.298653
0.0456878
0.
-0.0286093
0.321882
-0.0617663
0.
-0.00829625
0.
0.
0.
-0.115511
0.
0.
0.
-0.0549869
0.
0.
0.
0.0701175
0.
0.
0.
0.0539617
0.
0.
0.
-0.107567
0.
0.
0.
-0.117651
0.
0.
0.
-0.0907721
0.
0.
0.
0.158664
0.
0.
0.
0.118431
0.
0.
0.
0.0633823
0.
0.
0.
-0.0986684
0.
0.
0.
0.0470495
0.
0.
0.
0.0125394
0.
0.
0.
-0.0125908
0.
0.
0.
0.29891
0.
0.
0.
0.193026
0.
0.
0.
0.0938669
0.
0.
0.
-0.00376987
1.
0.
0.
0.0519727
0.402565
-0.00857545
-0.00118079
0.000588078
0.375595
0.
-0.00180241
-0.0028827
0.277492
0.
-0.00011128
-0.0283727
0.341263
0.
0.0123007
0.0731824
0.380077
0.
0.00238804
-0.0112676
0.280036
0.
0.00913752
-0.0338112
0.344647
0.
-0.00790578
0.0972375
0.350281
0.0118195
0.
0.104422
0.378686
0.0206415
0.
-0.000658281
0.265219
0.0248762
0.
-0.0336933
0.324777
-0.00304423
0.
0.0957976
0.383818
0.0108568
0.
-0.00339923
0.271898
0.011835
0.
-0.039606
0.243127
0.0120502
-0.0463456
-0.0289304
0.248032
-0.0196786
0.0203088
-0.0537737
0.343636
-0.0319609
-0.0362085
0.0299164
0.4269
-0.0915418
-0.116802
0.181254
0.364582
0.0872968
-0.117209
0.135473
0.309592
0.0195915
0.0259677
0.0645282
0.350877
0.086625
0.0685129
0.159667
0.249426
-0.00861994
-0.0263192
-0.0109819
0.366088
0.000688532
-0.0262219
0.0323784
0.257571
0.0127757
0.0262571
-0.0299718
0.327623
-0.0119347
0.02341
0.0397327
0.309658
-0.0770993
0.110524
0.14162
0.356989
-0.0017483
-0.0126232
0.0574684
0.278065
-0.048414
0.0395652
-0.0115637
0.333824
0.0188132
0.11324
0.149919
