Vec Object: 1 MPI process
  type: seq
0.
0.
0.
-0.0811011
0.
0.
0.
0.0190721
0.169014
-0.167774
0.
-0.051329
0.175391
-0.179687
0.
-0.0537727
0.189603
0.207102
0.
-0.0450701
0.182391
0.163802
0.
-0.0426955
0.389555
0.00843449
0.
-0.000346015
0.376409
0.00760696
0.
0.00942092
0.392163
-0.0217707
0.
0.00933251
0.398974
-0.0163152
0.
0.00376293
0.
0.
0.
-0.0189357
0.
0.
0.
-0.0566298
0.323668
-0.0578105
0.
-0.0121625
0.316887
0.0898716
0.
0.00306417
0.328756
-0.0505017
0.
-0.0148162
0.32132
0.110001
0.
0.0160198
0.355687
0.075404
0.
-0.00474392
0.321756
-0.101945
0.
0.0126107
0.322783
0.0363298
0.
-0.0106881
0.320319
-0.0620661
0.
-0.00304564
0.
0.
0.
-0.109031
0.
0.
0.
0.02352
0.
0.
0.
-0.0131651
0.
0.
0.
0.151515
0.
0.
0.
-0.0404766
0.
0.
0.
-0.140098
0.
0.
0.
-0.231933
0.
0.
0.
-0.00990277
0.
0.
0.
-0.0635684
0.
0.
0.
-0.0381307
0.
0.
0.
-0.147606
0.
0.
0.
0.0367034
0.
0.
0.
-0.0956038
0.
0.
0.
0.0119191
0.
0.
0.
0.0691282
0.
0.
0.
-0.0321359
0.
0.
0.
-0.012615
0.
0.
0.
0.0111338
1.
0.
0.
0.0342111
0.391368
-0.00792262
0.000138677
-0.00128208
0.382367
0.
-0.00461006
-0.00553836
0.265732
0.
-0.00430594
-0.00753635
0.276338
0.
0.023995
0.0357452
0.376494
0.
0.0056714
-0.00980169
0.266225
0.
0.0168178
-0.00279179
0.291598
0.
-0.00413903
0.0369173
0.27192
0.0241393
0.
0.0344815
0.383784
0.0172936
0.
-0.00317664
0.252497
0.0170988
0.
-0.0113679
0.253328
0.00751773
0.
0.0341397
0.382417
0.0165803
0.
-0.0036176
0.260939
0.0185
0.
-0.00761286
0.251962
0.0263771
-0.054192
-0.000578826
0.24892
-0.0241468
0.0218731
-0.00522214
0.371993
-0.021076
-0.0933563
-0.00257686
0.434287
-0.169632
-0.172047
0.0903836
0.362301
0.160502
-0.179023
0.055545
0.334447
-0.055733
0.0231912
0.0150183
0.369425
0.134885
0.119577
0.0649129
0.296291
-0.0160087
-0.0310305
-0.00741398
0.412104
0.00213895
-0.0582125
0.00016882
0.254214
0.0190183
0.0332842
0.0139947
0.402594
0.0214338
0.0653075
0.000128851
0.329839
-0.138138
0.153977
0.070372
0.424669
-0.0112059
-0.000683485
0.00795145
0.312733
0.0535051
0.0878335
-0.0807521
0.357986
0.0483087
0.154769
0.05685
