Vec Object: 1 MPI process
  type: seq
0.
0.
0.
-0.119198
0.
0.
0.
0.0547792
0.159428
-0.16741
0.
-0.0884439
0.170684
-0.177665
0.
-0.0783707
0.190687
0.202488
0.
-0.0635128
0.173783
0.16754
0.
-0.0883396
0.386545
0.0107484
0.
0.00698936
0.374932
0.00993255
0.
0.0051923
0.389365
-0.0195068
0.
0.0060775
0.394495
-0.0200762
0.
0.0142522
0.
0.
0.
-0.0408601
0.
0.
0.
-0.100039
0.305381
-0.055383
0.
-0.0179552
0.321319
0.0872274
0.
0.00284506
0.310576
-0.0507347
0.
-0.00537756
0.324151
0.11626
0.
0.0209881
0.336222
0.0684189
0.
0.00606845
0.323745
-0.104711
0.
0.0156915
0.306628
0.0432447
0.
-0.0242517
0.320938
-0.06284
0.
-0.00279772
0.
0.
0.
-0.13419
0.
0.
0.
-0.030491
0.
0.
0.
0.0229052
0.
0.
0.
0.0849392
0.
0.
0.
-0.0838457
0.
0.
0.
-0.147101
0.
0.
0.
-0.162738
0.
0.
0.
0.0841395
0.
0.
0.
0.0377558
0.
0.
0.
0.00966605
0.
0.
0.
-0.148202
0.
0.
0.
0.0320346
0.
0.
0.
-0.0470891
0.
0.
0.
-0.00965617
0.
0.
0.
0.212366
0.
0.
0.
0.10048
0.
0.
0.
0.0337718
0.
0.
0.
0.0020009
1.
0.
0.
0.0485635
0.40046
-0.0084744
-0.000823126
-0.00345989
0.376888
0.
-0.00271945
-0.00274359
0.273888
0.
-0.00128274
-0.0193231
0.321441
0.
0.0156716
0.0594421
0.379049
0.
0.00361635
-0.0102688
0.276449
0.
0.0114108
-0.0219452
0.329395
0.
-0.00709176
0.0764888
0.327368
0.0156855
0.
0.0793452
0.379375
0.0197546
0.
-0.000467299
0.261053
0.0234284
0.
-0.0240519
0.304342
-0.00106095
0.
0.0718166
0.383254
0.0129644
0.
-0.00267458
0.268432
0.0144956
0.
-0.0266701
0.24548
0.0173402
-0.0517672
-0.0172816
0.248396
-0.023164
0.0227863
-0.0354125
0.357007
-0.0281893
-0.0517274
0.017246
0.424369
-0.117541
-0.13439
0.149362
0.357906
0.111555
-0.136569
0.106106
0.329944
-0.000382106
0.0277995
0.0450538
0.354614
0.105717
0.0831091
0.123541
0.263226
-0.0129731
-0.0281887
-0.00933587
0.388122
0.00138795
-0.037237
0.0193325
0.258149
0.0188023
0.0297027
-0.0147298
0.350886
-0.00326038
0.0333527
0.022633
0.310841
-0.0975119
0.125719
0.114111
0.380919
-0.00546717
-0.0102241
0.0369978
0.304398
-0.0266354
0.0551398
-0.0534844
0.337825
0.0290691
0.129808
0.112709
