Vec Object: 1 MPI process
  type: seq
0.
0.
0.
0.000935462
0.
0.
0.
0.423474
0.171628
-0.13762
0.
0.260466
0.187865
-0.147119
0.
0.281111
0.242359
0.153958
0.
0.374136
0.188402
0.14486
0.
0.252604
0.350489
0.0463406
0.
0.0493099
0.350253
0.0392681
0.
0.00407293
0.355055
-0.045348
0.
0.0517436
0.357085
-0.055692
0.
0.0534523
0.
0.
0.
-0.107515
0.
0.
0.
-0.267077
0.26308
-0.0724915
0.
-0.157912
0.329623
0.0444462
0.
-0.289833
0.271697
-0.0769544
0.
-0.143102
0.33338
0.0713399
0.
-0.289373
0.295042
0.0772902
0.
-0.100539
0.331286
-0.0547153
0.
-0.293807
0.261259
0.0744776
0.
-0.132287
0.325529
-0.030853
0.
-0.311954
0.
0.
0.
0.162385
0.
0.
0.
-0.105522
0.
0.
0.
0.429537
0.
0.
0.
0.0438016
0.
0.
0.
-0.176945
0.
0.
0.
0.208247
0.
0.
0.
0.431446
0.
0.
0.
0.656846
0.
0.
0.
0.626335
0.
0.
0.
0.441927
0.
0.
0.
0.370339
0.
0.
0.
0.204764
0.
0.
0.
0.429815
0.
0.
0.
0.0114369
0.
0.
0.
0.869003
0.
0.
0.
0.772839
0.
0.
0.
0.58867
0.
0.
0.
-0.0679373
1.
0.
0.
0.539294
0.390373
-0.00593387
-0.000919075
0.0610507
0.391728
0.
0.00151321
-0.180927
0.288038
0.
0.00255703
-0.344067
0.384955
0.
0.00244775
0.352217
0.408159
0.
-0.000723394
-0.161034
0.287669
0.
0.0033111
-0.340951
0.365556
0.
-0.00724356
0.404715
0.397431
0.000989618
0.
0.414678
0.400173
0.0159454
0.
-0.177803
0.278093
0.0182792
0.
-0.341546
0.362734
0.000383198
0.
0.441384
0.416236
0.00543386
0.
-0.152656
0.281573
0.00630116
0.
-0.352747
0.229381
-0.00368369
-0.0173508
-0.239003
0.240423
-0.0042224
0.00548958
-0.344447
0.267148
-0.0223628
-0.004251
0.0404381
0.449966
0.000431588
-0.0472267
0.59381
0.394656
0.00210712
-0.047541
0.467031
0.183969
0.031362
0.00636949
0.1607
0.332465
0.00642803
0.0311966
0.511152
0.198697
0.00118821
-0.0150746
-0.107269
0.246139
-0.000192742
-0.000322444
0.0929438
0.243129
-0.00555597
0.00838357
-0.272948
0.236201
-0.0218123
0.00854688
0.0900798
0.313388
-0.000264383
0.0464851
0.436423
0.258939
0.00906437
-0.00444788
0.159801
0.111081
-0.036508
0.00590384
0.301508
0.31659
-0.0146447
0.0412277
0.505941
