Vec Object: 1 MPI process
  type: seq
0.
0.
0.
-0.0797259
0.
0.
0.
0.0190989
0.169357
-0.167867
0.
-0.0501137
0.175601
-0.179825
0.
-0.0528477
0.189691
0.207285
0.
-0.0442641
0.182649
0.163737
0.
-0.0411929
0.389665
0.00841748
0.
-0.000513354
0.376542
0.0074544
0.
0.00955827
0.392367
-0.0218615
0.
0.00933665
0.399138
-0.0162306
0.
0.00347979
0.
0.
0.
-0.0185074
0.
0.
0.
-0.0559513
0.324421
-0.0579049
0.
-0.0119077
0.316659
0.0899684
0.
0.00300186
0.329547
-0.0503868
0.
-0.0149838
0.321226
0.109672
0.
0.0157326
0.356511
0.0755829
0.
-0.00490819
0.321699
-0.101767
0.
0.0123775
0.323387
0.0360752
0.
-0.0102548
0.320391
-0.0619792
0.
-0.00316726
0.
0.
0.
-0.107078
0.
0.
0.
0.0247945
0.
0.
0.
-0.012956
0.
0.
0.
0.152608
0.
0.
0.
-0.0398838
0.
0.
0.
-0.138564
0.
0.
0.
-0.23238
0.
0.
0.
-0.0116131
0.
0.
0.
-0.0653236
0.
0.
0.
-0.0382191
0.
0.
0.
-0.145141
0.
0.
0.
0.0374124
0.
0.
0.
-0.0953588
0.
0.
0.
0.0128167
0.
0.
0.
0.0651001
0.
0.
0.
-0.0351155
0.
0.
0.
-0.0123498
0.
0.
0.
0.0110546
1.
0.
0.
0.0334696
0.390855
-0.00787484
0.000191739
-0.00112667
0.382619
0.
-0.00467106
-0.00562866
0.265448
0.
-0.00443751
-0.00718661
0.274437
0.
0.0243365
0.0349535
0.376293
0.
0.00571782
-0.00973824
0.26576
0.
0.0170408
-0.00218147
0.289955
0.
-0.00396003
0.0356012
0.26953
0.0244292
0.
0.0331433
0.384003
0.0172104
0.
-0.00326306
0.252262
0.0167272
0.
-0.0110229
0.251018
0.00799731
0.
0.033084
0.382305
0.0166698
0.
-0.00364253
0.260676
0.0185406
0.
-0.00706421
0.252246
0.0266631
-0.0539449
-0.000312062
0.248906
-0.0238554
0.0216094
-0.0044219
0.372063
-0.0209038
-0.0950371
-0.00317472
0.435136
-0.171326
-0.173523
0.0884856
0.363255
0.162136
-0.180607
0.0540919
0.333158
-0.0576268
0.0228124
0.014169
0.370185
0.135575
0.120954
0.0632579
0.297646
-0.0159761
-0.0311291
-0.00752152
0.412233
0.00214779
-0.0586746
-0.000409363
0.253851
0.0185181
0.0333336
0.014777
0.404687
0.0224918
0.0668198
-0.000435984
0.331184
-0.139511
0.154918
0.0691145
0.425934
-0.0112702
-0.000304924
0.00724805
0.311534
0.0567528
0.0886334
-0.080398
0.359242
0.0488375
0.155289
0.0553991
