Vec Object: 1 MPI process
  type: seq
0.
0.
0.
-0.118531
0.
0.
0.
0.0526004
0.159742
-0.167381
0.
-0.0872129
0.170843
-0.177687
0.
-0.0775588
0.190586
0.202627
0.
-0.0630591
0.174075
0.167399
0.
-0.0868999
0.38665
0.0106347
0.
0.00664815
0.374965
0.00986956
0.
0.00522145
0.389412
-0.0195662
0.
0.00616875
0.394645
-0.0199266
0.
0.0138225
0.
0.
0.
-0.0401279
0.
0.
0.
-0.0983324
0.305902
-0.0554855
0.
-0.0179004
0.321215
0.0873372
0.
0.00298098
0.311069
-0.0507948
0.
-0.00576991
0.324066
0.116159
0.
0.0210051
0.336758
0.0686787
0.
0.0056018
0.32368
-0.104702
0.
0.0157684
0.307124
0.0430605
0.
-0.0238943
0.320883
-0.062868
0.
-0.00263232
0.
0.
0.
-0.134615
0.
0.
0.
-0.0287547
0.
0.
0.
0.0205601
0.
0.
0.
0.0871686
0.
0.
0.
-0.0822423
0.
0.
0.
-0.148188
0.
0.
0.
-0.166469
0.
0.
0.
0.0800211
0.
0.
0.
0.0332896
0.
0.
0.
0.00691195
0.
0.
0.
-0.150261
0.
0.
0.
0.0315127
0.
0.
0.
-0.0501139
0.
0.
0.
-0.00925294
0.
0.
0.
0.207232
0.
0.
0.
0.095186
0.
0.
0.
0.0307653
0.
0.
0.
0.00240671
1.
0.
0.
0.0482893
0.400284
-0.00846675
-0.000799567
-0.00353674
0.377006
0.
-0.00277869
-0.00278987
0.273647
0.
-0.00136273
-0.0188687
0.320172
0.
0.0158972
0.0586368
0.379
0.
0.00369204
-0.010239
0.276195
0.
0.0115615
-0.0212903
0.328385
0.
-0.00703071
0.0752189
0.325866
0.0159372
0.
0.0778142
0.379457
0.0196862
0.
-0.000511317
0.260779
0.0233072
0.
-0.0235605
0.302997
-0.000896096
0.
0.0704333
0.383244
0.0130943
0.
-0.00266716
0.268204
0.0146598
0.
-0.0259672
0.245636
0.0176583
-0.0520423
-0.0165916
0.248413
-0.0233475
0.0228961
-0.0343342
0.357746
-0.0279421
-0.0528169
0.0165249
0.424347
-0.119187
-0.1355
0.147413
0.357619
0.11309
-0.137815
0.104336
0.330941
-0.00185313
0.0278357
0.0439456
0.354916
0.106838
0.0841058
0.121425
0.264132
-0.0131924
-0.0282937
-0.00920966
0.389332
0.00142557
-0.0379596
0.0186137
0.258141
0.0190913
0.0298868
-0.0137701
0.352372
-0.00264335
0.034087
0.0217069
0.311049
-0.0987928
0.126645
0.112515
0.3824
-0.00569838
-0.0100118
0.0358369
0.30567
-0.0248388
0.0561901
-0.0554944
0.338167
0.029713
0.130784
0.110577
