Vec Object: 1 MPI process
  type: seq
0.
0.
0.
-0.122813
0.
0.
0.
0.0879713
0.155329
-0.167896
0.
-0.104278
0.168437
-0.17757
0.
-0.089186
0.192251
0.200666
0.
-0.0683615
0.169999
0.16937
0.
-0.106465
0.384984
0.0124657
0.
0.0125682
0.374335
0.0109386
0.
0.00620735
0.388698
-0.0189421
0.
0.0060299
0.392387
-0.0221917
0.
0.0207876
0.
0.
0.
-0.0492513
0.
0.
0.
-0.121688
0.298911
-0.0537901
0.
-0.0177268
0.322536
0.0854745
0.
-0.000298256
0.304525
-0.0496653
0.
-3.31515e-05
0.325205
0.116847
0.
0.0189893
0.329656
0.0649796
0.
0.0122728
0.324565
-0.104198
0.
0.0129603
0.300306
0.0452637
0.
-0.0279098
0.321683
-0.0620946
0.
-0.00664982
0.
0.
0.
-0.121165
0.
0.
0.
-0.0505099
0.
0.
0.
0.0589637
0.
0.
0.
0.059519
0.
0.
0.
-0.103052
0.
0.
0.
-0.125532
0.
0.
0.
-0.107412
0.
0.
0.
0.142047
0.
0.
0.
0.100472
0.
0.
0.
0.050905
0.
0.
0.
-0.111316
0.
0.
0.
0.0429545
0.
0.
0.
-0.00137873
0.
0.
0.
-0.0125271
0.
0.
0.
0.280429
0.
0.
0.
0.172818
0.
0.
0.
0.0797292
0.
0.
0.
-0.00270874
1.
0.
0.
0.0513572
0.402239
-0.00855826
-0.0011104
-0.000788272
0.375763
0.
-0.00198624
-0.00270153
0.276793
0.
-0.000336378
-0.0261533
0.337237
0.
0.0129606
0.0702058
0.379808
0.
0.00264111
-0.0109794
0.27937
0.
0.0095842
-0.0310732
0.341631
0.
-0.00776352
0.0928763
0.34571
0.0125925
0.
0.0991777
0.378723
0.0204955
0.
-0.000463128
0.264399
0.0246531
0.
-0.031352
0.320715
-0.0027312
0.
0.090554
0.383619
0.0112917
0.
-0.00315866
0.271217
0.0123807
0.
-0.036611
0.243603
0.0131648
-0.0475986
-0.0264242
0.248129
-0.0204629
0.0209149
-0.0497689
0.346607
-0.0312266
-0.0391178
0.0271512
0.426066
-0.0968406
-0.120411
0.174562
0.362929
0.0922467
-0.121117
0.129275
0.314374
0.0160311
0.0265208
0.0602577
0.351492
0.0907124
0.0713197
0.151873
0.252181
-0.00963147
-0.0267341
-0.0106987
0.370998
0.000845519
-0.0283841
0.0294553
0.257797
0.0142023
0.0270362
-0.0268141
0.332352
-0.010325
0.0251968
0.0358784
0.309605
-0.0812913
0.113711
0.135644
0.361942
-0.00250721
-0.0122852
0.0529971
0.284309
-0.0449689
0.0425634
-0.0216472
0.334448
0.0209109
0.116782
0.141777
