Vec Object: 1 MPI process
  type: seq
0.
0.
0.
-0.115262
0.
0.
0.
0.0443654
0.161013
-0.167278
0.
-0.0822119
0.171467
-0.177801
0.
-0.0742939
0.190202
0.203193
0.
-0.0611124
0.175261
0.166829
0.
-0.0809912
0.387065
0.0101964
0.
0.00535864
0.375084
0.00962556
0.
0.00546643
0.389607
-0.0198232
0.
0.00661437
0.395245
-0.0193351
0.
0.0121567
0.
0.
0.
-0.0370525
0.
0.
0.
-0.0914027
0.308057
-0.0558735
0.
-0.0175582
0.320775
0.0877541
0.
0.00340611
0.313122
-0.0510012
0.
-0.00732125
0.323714
0.115669
0.
0.0209055
0.338985
0.0697215
0.
0.00375142
0.323413
-0.104601
0.
0.0159172
0.309158
0.0422716
0.
-0.0223363
0.320667
-0.0629421
0.
-0.00212284
0.
0.
0.
-0.13544
0.
0.
0.
-0.0214678
0.
0.
0.
0.0117393
0.
0.
0.
0.0965434
0.
0.
0.
-0.0756131
0.
0.
0.
-0.151705
0.
0.
0.
-0.180755
0.
0.
0.
0.063863
0.
0.
0.
0.015764
0.
0.
0.
-0.00357745
0.
0.
0.
-0.157343
0.
0.
0.
0.0298882
0.
0.
0.
-0.0615732
0.
0.
0.
-0.00734871
0.
0.
0.
0.186567
0.
0.
0.
0.0741585
0.
0.
0.
0.0194355
0.
0.
0.
0.00408924
1.
0.
0.
0.0470607
0.399508
-0.00843329
-0.000701376
-0.00370104
0.377527
0.
-0.00302322
-0.00303158
0.272641
0.
-0.0016991
-0.0170954
0.314923
0.
0.0168416
0.0553936
0.378803
0.
0.00399861
-0.0101498
0.275116
0.
0.0121896
-0.018668
0.324164
0.
-0.00676743
0.0700373
0.319607
0.0169814
0.
0.071599
0.379835
0.0193942
0.
-0.000744122
0.259645
0.022771
0.
-0.0216358
0.297377
-0.000165331
0.
0.0648995
0.383213
0.0136212
0.
-0.00267948
0.26726
0.0153232
0.
-0.0231783
0.246297
0.0189412
-0.053072
-0.013824
0.248483
-0.0240401
0.0232774
-0.0299824
0.360637
-0.0269259
-0.0574308
0.0136572
0.424446
-0.125951
-0.140071
0.139484
0.356636
0.119397
-0.142975
0.0971762
0.334609
-0.00814059
0.0278743
0.0395344
0.356246
0.111327
0.0882972
0.112926
0.267909
-0.0140154
-0.0287098
-0.0086832
0.394045
0.00157088
-0.040938
0.0157777
0.25805
0.020141
0.0305963
-0.00982823
0.358516
-1.72644e-05
0.0372486
0.0180873
0.312097
-0.104044
0.130411
0.10613
0.388434
-0.0066344
-0.00906875
0.0312443
0.31034
-0.0169285
0.0605629
-0.0629487
0.339706
0.0323471
0.134691
0.102084
