Vec Object: 1 MPI process
  type: seq
0.
0.
0.
-0.077755
0.
0.
0.
0.0192942
0.169885
-0.168028
0.
-0.0482779
0.17594
-0.180049
0.
-0.0514077
0.189853
0.20757
0.
-0.0430119
0.183032
0.163658
0.
-0.038944
0.389835
0.00840581
0.
-0.000757815
0.376769
0.0072003
0.
0.00974212
0.392703
-0.0220034
0.
0.0093114
0.399391
-0.0161113
0.
0.00305727
0.
0.
0.
-0.0179484
0.
0.
0.
-0.0550914
0.325594
-0.0580575
0.
-0.0115316
0.316296
0.0901238
0.
0.0029094
0.330787
-0.0501908
0.
-0.0152034
0.321086
0.109152
0.
0.0152896
0.357799
0.0758436
0.
-0.00511821
0.321615
-0.101485
0.
0.0120135
0.324321
0.0356893
0.
-0.00962188
0.320526
-0.0618374
0.
-0.00335644
0.
0.
0.
-0.104058
0.
0.
0.
0.0265518
0.
0.
0.
-0.0124604
0.
0.
0.
0.153881
0.
0.
0.
-0.039218
0.
0.
0.
-0.136136
0.
0.
0.
-0.232786
0.
0.
0.
-0.0139806
0.
0.
0.
-0.067718
0.
0.
0.
-0.0381471
0.
0.
0.
-0.141118
0.
0.
0.
0.0384958
0.
0.
0.
-0.0947257
0.
0.
0.
0.0141696
0.
0.
0.
0.0591494
0.
0.
0.
-0.0393713
0.
0.
0.
-0.0117266
0.
0.
0.
0.0108436
1.
0.
0.
0.0323054
0.390032
-0.00779408
0.000278103
-0.000891362
0.383012
0.
-0.00476231
-0.00575523
0.265021
0.
-0.00464428
-0.00666248
0.271467
0.
0.0248636
0.0337462
0.375956
0.
0.00578253
-0.0096221
0.265033
0.
0.0173887
-0.00127119
0.287384
0.
-0.00366602
0.0336215
0.265796
0.0248627
0.
0.031155
0.384345
0.017086
0.
-0.00338357
0.251927
0.0161243
0.
-0.0105172
0.247378
0.00876529
0.
0.0315166
0.382109
0.0167975
0.
-0.00366876
0.260277
0.0185774
0.
-0.00625143
0.252678
0.0271038
-0.0535112
3.93206e-05
0.248864
-0.0233361
0.0211657
-0.00326094
0.37208
-0.0206587
-0.0976124
-0.00406737
0.436516
-0.173856
-0.175807
0.0856297
0.364878
0.16459
-0.183025
0.0519412
0.330936
-0.0604005
0.0222158
0.0129183
0.371382
0.136568
0.123032
0.0608065
0.299736
-0.0159207
-0.0312854
-0.00771021
0.412309
0.00215866
-0.059301
-0.00127707
0.253246
0.0176551
0.0334065
0.0159091
0.407936
0.0241227
0.0691856
-0.00126413
0.33337
-0.14158
0.156342
0.0672374
0.427791
-0.0113326
0.000260339
0.00622206
0.309488
0.0616103
0.0897302
-0.0797173
0.361278
0.0495936
0.156006
0.0532661
