Vec Object: 1 MPI process
  type: seq
0.
0.
0.
-0.0909788
0.
0.
0.
0.0209568
0.166846
-0.167361
0.
-0.0593781
0.174205
-0.178941
0.
-0.0594861
0.189322
0.205971
0.
-0.0500101
0.180615
0.16441
0.
-0.0528001
0.388866
0.00868946
0.
0.000862595
0.375788
0.00838325
0.
0.00831414
0.391097
-0.0212106
0.
0.00897431
0.397945
-0.0169664
0.
0.00571293
0.
0.
0.
-0.0227017
0.
0.
0.
-0.0630169
0.319062
-0.0572765
0.
-0.0138874
0.318187
0.0893057
0.
0.00345386
0.323986
-0.0510191
0.
-0.0133547
0.321963
0.111936
0.
0.0177945
0.350665
0.074106
0.
-0.00322456
0.322166
-0.102965
0.
0.0139973
0.318977
0.0379961
0.
-0.0137499
0.320099
-0.0625229
0.
-0.00233893
0.
0.
0.
-0.120669
0.
0.
0.
0.0133542
0.
0.
0.
-0.0121478
0.
0.
0.
0.140558
0.
0.
0.
-0.0468381
0.
0.
0.
-0.148491
0.
0.
0.
-0.22563
0.
0.
0.
0.00408161
0.
0.
0.
-0.0488357
0.
0.
0.
-0.0348854
0.
0.
0.
-0.15986
0.
0.
0.
0.0325082
0.
0.
0.
-0.0938584
0.
0.
0.
0.00604844
0.
0.
0.
0.0973163
0.
0.
0.
-0.00953345
0.
0.
0.
-0.0113305
0.
0.
0.
0.0106336
1.
0.
0.
0.0385928
0.394261
-0.00815421
-0.000151695
-0.00226758
0.380825
0.
-0.00419713
-0.00485791
0.267608
0.
-0.00351296
-0.00989552
0.287898
0.
0.0218678
0.0408937
0.377486
0.
0.00530736
-0.010031
0.269016
0.
0.0154496
-0.00691208
0.30155
0.
-0.00509756
0.0456789
0.286421
0.0221981
0.
0.0437029
0.382474
0.0178564
0.
-0.00252019
0.254241
0.0191447
0.
-0.0138057
0.267068
0.00480207
0.
0.0414761
0.382907
0.0159086
0.
-0.00335775
0.262652
0.0179792
0.
-0.0114072
0.250174
0.0245165
-0.0551164
-0.0029788
0.248866
-0.0252497
0.0231031
-0.0110292
0.370559
-0.0223869
-0.0827242
0.00147514
0.429764
-0.158184
-0.162835
0.103078
0.357931
0.149594
-0.168867
0.0656689
0.339808
-0.0426247
0.0253328
0.0209469
0.364965
0.129733
0.110611
0.0764466
0.287853
-0.0160525
-0.0304295
-0.00707728
0.409863
0.00205187
-0.0544323
0.00404827
0.25602
0.0211464
0.0328811
0.00830028
0.389676
0.0148628
0.0562415
0.00415202
0.322607
-0.129047
0.14777
0.0790047
0.415769
-0.0104305
-0.00318709
0.0130676
0.317758
0.032183
0.0814906
-0.0810821
0.351108
0.0444356
0.150597
0.0671917
