Vec Object: 1 MPI process
  type: seq
0.
0.
0.
-0.095236
0.
0.
0.
0.0228082
0.165963
-0.167267
0.
-0.0627743
0.173772
-0.178694
0.
-0.0617542
0.189326
0.205526
0.
-0.0519128
0.179838
0.164728
0.
-0.057085
0.388592
0.00885323
0.
0.00142319
0.375621
0.00862456
0.
0.0078017
0.390765
-0.0209879
0.
0.00869465
0.397532
-0.0172781
0.
0.00657806
0.
0.
0.
-0.0246457
0.
0.
0.
-0.0665182
0.317266
-0.0570784
0.
-0.0145939
0.318655
0.0890871
0.
0.00358393
0.322164
-0.0511348
0.
-0.0125979
0.322236
0.112645
0.
0.0184653
0.348726
0.0735085
0.
-0.00239684
0.322348
-0.103323
0.
0.014493
0.317444
0.0386839
0.
-0.0150931
0.320104
-0.0626629
0.
-0.00210932
0.
0.
0.
-0.124717
0.
0.
0.
0.00843327
0.
0.
0.
-0.0104872
0.
0.
0.
0.134619
0.
0.
0.
-0.0504697
0.
0.
0.
-0.15098
0.
0.
0.
-0.221341
0.
0.
0.
0.0112478
0.
0.
0.
-0.0411616
0.
0.
0.
-0.0321881
0.
0.
0.
-0.162891
0.
0.
0.
0.0311433
0.
0.
0.
-0.0914587
0.
0.
0.
0.0036737
0.
0.
0.
0.109864
0.
0.
0.
0.0013028
0.
0.
0.
-0.00920402
0.
0.
0.
0.0099987
1.
0.
0.
0.040194
0.395272
-0.00822034
-0.00025159
-0.00263966
0.380237
0.
-0.00402017
-0.00455113
0.268391
0.
-0.00320887
-0.0109107
0.292357
0.
0.0210334
0.0430411
0.377779
0.
0.00513147
-0.010064
0.270071
0.
0.0149156
-0.00866339
0.305359
0.
-0.00541842
0.0493697
0.291984
0.0213832
0.
0.0477376
0.381985
0.0180963
0.
-0.00222265
0.255034
0.0198468
0.
-0.0148927
0.272236
0.00384728
0.
0.0447372
0.383018
0.0155941
0.
-0.00322532
0.263363
0.0176623
0.
-0.0130721
0.249486
0.0237233
-0.0551867
-0.00428132
0.248808
-0.0253844
0.0233947
-0.01368
0.369543
-0.0230107
-0.0785051
0.0032197
0.428351
-0.153307
-0.159186
0.10848
0.356893
0.144993
-0.16475
0.0701516
0.340662
-0.0370505
0.0260339
0.0235629
0.363338
0.127298
0.106966
0.081569
0.284546
-0.0159545
-0.0301859
-0.00712234
0.408284
0.00200144
-0.0525738
0.00570966
0.256551
0.0215423
0.0326527
0.00570489
0.384615
0.0123126
0.0528497
0.00598338
0.320258
-0.125236
0.145167
0.0828041
0.41182
-0.00997036
-0.00420409
0.0154483
0.318482
0.0236097
0.0784714
-0.0801499
0.348793
0.0426843
0.148535
0.0719064
