Vec Object: 1 MPI process
  type: seq
0.
0.
0.
-0.0996628
0.
0.
0.
0.0254593
0.165028
-0.167207
0.
-0.0664098
0.173332
-0.178464
0.
-0.0641305
0.189392
0.205066
0.
-0.0538441
0.178994
0.165094
0.
-0.0616531
0.388304
0.00905625
0.
0.00205858
0.375481
0.0088471
0.
0.00726
0.390467
-0.0207555
0.
0.00834046
0.397098
-0.0176304
0.
0.00753524
0.
0.
0.
-0.026871
0.
0.
0.
-0.0706618
0.315418
-0.0568712
0.
-0.0153085
0.319116
0.0888556
0.
0.00368508
0.32031
-0.0512048
0.
-0.0117203
0.322524
0.113344
0.
0.0191193
0.346743
0.0728427
0.
-0.00141218
0.322547
-0.103662
0.
0.014956
0.315837
0.0394054
0.
-0.0165321
0.320152
-0.0627819
0.
-0.00192336
0.
0.
0.
-0.128379
0.
0.
0.
0.00292955
0.
0.
0.
-0.00793049
0.
0.
0.
0.127776
0.
0.
0.
-0.0547675
0.
0.
0.
-0.152884
0.
0.
0.
-0.215754
0.
0.
0.
0.0196657
0.
0.
0.
-0.0321
0.
0.
0.
-0.0284804
0.
0.
0.
-0.164752
0.
0.
0.
0.0300249
0.
0.
0.
-0.0878744
0.
0.
0.
0.00124397
0.
0.
0.
0.123643
0.
0.
0.
0.0136296
0.
0.
0.
-0.0059161
0.
0.
0.
0.00912059
1.
0.
0.
0.0417631
0.396246
-0.00827743
-0.000348688
-0.00299316
0.379646
0.
-0.00383041
-0.0042246
0.26922
0.
-0.00289865
-0.0120123
0.29692
0.
0.0201773
0.0453363
0.378038
0.
0.00493288
-0.0100787
0.271134
0.
0.014366
-0.0105359
0.309233
0.
-0.00572475
0.0533009
0.29765
0.020522
0.
0.0521226
0.3815
0.0183518
0.
-0.00190532
0.2559
0.0205205
0.
-0.0160858
0.277454
0.00292436
0.
0.0483255
0.383097
0.0152431
0.
-0.00308472
0.264115
0.0172795
0.
-0.014888
0.248796
0.0228602
-0.0550874
-0.00583153
0.248741
-0.0253694
0.0235839
-0.0166099
0.368239
-0.0237108
-0.074167
0.0051081
0.427114
-0.148096
-0.155403
0.114281
0.35619
0.140095
-0.16045
0.0750556
0.340816
-0.0311886
0.0266511
0.0264221
0.361742
0.124548
0.103182
0.0871918
0.281154
-0.0157658
-0.0299235
-0.00727438
0.406241
0.00193886
-0.0504799
0.0075099
0.257008
0.0217063
0.0323637
0.00284951
0.379396
0.00972183
0.0494658
0.00803103
0.31811
-0.121186
0.142389
0.0869698
0.407515
-0.00941884
-0.00524734
0.0181315
0.318443
0.0148661
0.075132
-0.078447
0.34661
0.0407713
0.146176
0.0771601
