Vec Object: 1 MPI process
  type: seq
0.
0.
0.
-0.0752552
0.
0.
0.
0.0198831
0.170659
-0.168301
0.
-0.0456877
0.17647
-0.180406
0.
-0.0492731
0.190151
0.207992
0.
-0.0411673
0.18356
0.163591
0.
-0.0358266
0.390083
0.00842305
0.
-0.00108415
0.377151
0.00678475
0.
0.00994188
0.393239
-0.0222163
0.
0.00920248
0.39976
-0.0159631
0.
0.00247116
0.
0.
0.
-0.0173605
0.
0.
0.
-0.0542371
0.327342
-0.0582975
0.
-0.0110255
0.315734
0.0903672
0.
0.00278698
0.332645
-0.0498625
0.
-0.0154358
0.320898
0.108365
0.
0.0146454
0.359717
0.076191
0.
-0.00532963
0.321503
-0.101055
0.
0.0114753
0.325692
0.0351415
0.
-0.00878203
0.320777
-0.0616123
0.
-0.00363266
0.
0.
0.
-0.0996992
0.
0.
0.
0.0286426
0.
0.
0.
-0.0113995
0.
0.
0.
0.154777
0.
0.
0.
-0.0388042
0.
0.
0.
-0.132513
0.
0.
0.
-0.232777
0.
0.
0.
-0.0168594
0.
0.
0.
-0.0705414
0.
0.
0.
-0.0376211
0.
0.
0.
-0.13485
0.
0.
0.
0.0400131
0.
0.
0.
-0.0932857
0.
0.
0.
0.0160631
0.
0.
0.
0.0510567
0.
0.
0.
-0.0448351
0.
0.
0.
-0.010406
0.
0.
0.
0.0103445
1.
0.
0.
0.0305675
0.388759
-0.00765943
0.00041501
-0.00056141
0.383589
0.
-0.00488908
-0.00590881
0.264423
0.
-0.00495592
-0.00593343
0.267046
0.
0.0256319
0.0320131
0.375398
0.
0.00586119
-0.00940843
0.263947
0.
0.0179062
-2.01426e-05
0.28355
0.
-0.00319279
0.0308522
0.260239
0.0254619
0.
0.0284249
0.384858
0.0169133
0.
-0.00352795
0.251507
0.0151725
0.
-0.00984126
0.241884
0.00995134
0.
0.029362
0.38177
0.0169604
0.
-0.00367653
0.259707
0.0185716
0.
-0.00514361
0.253284
0.0277546
-0.0527673
0.000427127
0.248749
-0.022418
0.0204377
-0.00173341
0.371897
-0.0203462
-0.101318
-0.0052988
0.43868
-0.177347
-0.179148
0.0816252
0.367587
0.168012
-0.186491
0.0490056
0.327196
-0.0640711
0.0213298
0.0112359
0.373184
0.137861
0.125942
0.0574542
0.30278
-0.015842
-0.031526
-0.00802317
0.41216
0.00216823
-0.0600153
-0.00248466
0.25225
0.0161928
0.0335137
0.0173915
0.412727
0.0264881
0.0727027
-0.00237373
0.336813
-0.144486
0.158352
0.0646333
0.430284
-0.0113378
0.00103387
0.00485161
0.306112
0.0682678
0.0910062
-0.0784678
0.364474
0.05055
0.156865
0.0503793
