Vec Object: 1 MPI process
  type: seq
0.
0.
0.
-0.102114
0.
0.
0.
0.0272935
0.164492
-0.167188
0.
-0.0685067
0.173085
-0.178346
0.
-0.0654856
0.189455
0.204806
0.
-0.0549112
0.178503
0.165313
0.
-0.0642726
0.388141
0.00918474
0.
0.00244295
0.375414
0.00896311
0.
0.00695937
0.390317
-0.0206241
0.
0.00811808
0.396851
-0.0178413
0.
0.00810304
0.
0.
0.
-0.0282004
0.
0.
0.
-0.0732025
0.314383
-0.0567512
0.
-0.0156945
0.319365
0.088721
0.
0.00372135
0.319281
-0.0512226
0.
-0.0111871
0.322689
0.113719
0.
0.0194621
0.345638
0.072448
0.
-0.000803387
0.322663
-0.103838
0.
0.0151878
0.314924
0.039813
0.
-0.0173544
0.320196
-0.0628366
0.
-0.00184871
0.
0.
0.
-0.130158
0.
0.
0.
-0.000312842
0.
0.
0.
-0.00610126
0.
0.
0.
0.123682
0.
0.
0.
-0.0573889
0.
0.
0.
-0.153616
0.
0.
0.
-0.212084
0.
0.
0.
0.024849
0.
0.
0.
-0.0265044
0.
0.
0.
-0.0259728
0.
0.
0.
-0.165188
0.
0.
0.
0.0295548
0.
0.
0.
-0.085353
0.
0.
0.
-9.3291e-05
0.
0.
0.
0.131732
0.
0.
0.
0.0210496
0.
0.
0.
-0.00355903
0.
0.
0.
0.00854127
1.
0.
0.
0.0426038
0.396764
-0.00830534
-0.000401041
-0.00317144
0.379323
0.
-0.00372121
-0.00404071
0.269693
0.
-0.00272618
-0.0126559
0.299467
0.
0.0196999
0.0466609
0.378167
0.
0.00481448
-0.0100822
0.27172
0.
0.0140583
-0.011614
0.311382
0.
-0.00588718
0.0555561
0.300796
0.0200321
0.
0.0546758
0.381238
0.0184976
0.
-0.00172636
0.256402
0.0208778
0.
-0.0167869
0.280335
0.00243351
0.
0.0504374
0.383128
0.0150353
0.
-0.00300775
0.264544
0.0170426
0.
-0.0159503
0.24842
0.0223552
-0.0549571
-0.00678874
0.248703
-0.0252981
0.0236413
-0.0183341
0.367397
-0.0241261
-0.0717489
0.00620795
0.42652
-0.145102
-0.153272
0.11763
0.35595
0.137288
-0.15802
0.0779252
0.340587
-0.027882
0.0269461
0.0280972
0.360883
0.122903
0.101059
0.0904933
0.279263
-0.0156181
-0.0297702
-0.00740336
0.404912
0.00189882
-0.0492385
0.00856103
0.257228
0.0216941
0.032176
0.00117838
0.376468
0.00829082
0.0476219
0.00925435
0.317023
-0.118865
0.140792
0.0894167
0.405006
-0.0090791
-0.00582409
0.0197395
0.318069
0.0100518
0.0731798
-0.0771374
0.345471
0.0396571
0.144755
0.0802805
