Vec Object: 1 MPI process
  type: seq
0.
0.
0.
-0.0840394
0.
0.
0.
0.0192719
0.168331
-0.167612
0.
-0.0538094
0.174993
-0.179429
0.
-0.055601
0.189464
0.20674
0.
-0.0466629
0.181856
0.163961
0.
-0.0457882
0.389335
0.00848902
0.
8.2952e-06
0.376175
0.00788516
0.
0.00910972
0.391785
-0.0215916
0.
0.00927836
0.398647
-0.0165003
0.
0.00434966
0.
0.
0.
-0.0199384
0.
0.
0.
-0.0582661
0.322185
-0.0576315
0.
-0.0126916
0.317322
0.0896857
0.
0.00319107
0.327206
-0.0507032
0.
-0.0144258
0.321516
0.11064
0.
0.0165912
0.354065
0.075024
0.
-0.0043512
0.321877
-0.102287
0.
0.0130677
0.321578
0.0368474
0.
-0.0116016
0.320208
-0.0622275
0.
-0.0028079
0.
0.
0.
-0.112881
0.
0.
0.
0.0206767
0.
0.
0.
-0.0132958
0.
0.
0.
0.148753
0.
0.
0.
-0.0420223
0.
0.
0.
-0.143029
0.
0.
0.
-0.230596
0.
0.
0.
-0.00607242
0.
0.
0.
-0.0595859
0.
0.
0.
-0.037618
0.
0.
0.
-0.152142
0.
0.
0.
0.0352996
0.
0.
0.
-0.0956808
0.
0.
0.
0.0100893
0.
0.
0.
0.0775506
0.
0.
0.
-0.0256794
0.
0.
0.
-0.0127852
0.
0.
0.
0.0111577
1.
0.
0.
0.0356562
0.392346
-0.00800814
3.90436e-05
-0.0015961
0.381868
0.
-0.00448427
-0.0053412
0.266311
0.
-0.00404847
-0.00825601
0.280076
0.
0.0233154
0.0373462
0.376856
0.
0.00556884
-0.00990339
0.267134
0.
0.0163778
-0.00405097
0.294825
0.
-0.00447194
0.0396126
0.276617
0.0235432
0.
0.0372616
0.383356
0.0174652
0.
-0.00298716
0.253005
0.017799
0.
-0.0120937
0.257828
0.0066018
0.
0.036338
0.382611
0.0163867
0.
-0.00355189
0.261472
0.018382
0.
-0.00875509
0.251391
0.0258013
-0.054603
-0.00120487
0.248925
-0.0246276
0.0223428
-0.00692517
0.371719
-0.0214502
-0.0899865
-0.00134311
0.432698
-0.166137
-0.16911
0.0942744
0.360619
0.15715
-0.175832
0.0585777
0.336659
-0.0517664
0.0239212
0.0167952
0.36795
0.1334
0.116778
0.0683659
0.293594
-0.0160583
-0.0308379
-0.00724026
0.411661
0.00211721
-0.0571677
0.00135592
0.25487
0.0198796
0.0331769
0.0123265
0.398452
0.0193282
0.0623451
0.00131869
0.327321
-0.135333
0.152058
0.0729757
0.422014
-0.0110257
-0.00146048
0.00944511
0.314811
0.0468566
0.0860481
-0.0812306
0.35562
0.0471739
0.153609
0.0599043
