Vec Object: 1 MPI process
  type: seq
0.
0.
0.
-0.117376
0.
0.
0.
0.0493064
0.160232
-0.167338
0.
-0.0852843
0.171087
-0.177726
0.
-0.0762938
0.190432
0.202845
0.
-0.062328
0.174532
0.167179
0.
-0.084633
0.386812
0.0104612
0.
0.0061333
0.375013
0.0097735
0.
0.00529263
0.389485
-0.0196624
0.
0.00632763
0.394879
-0.0196955
0.
0.0131657
0.
0.
0.
-0.03896
0.
0.
0.
-0.0956574
0.306725
-0.0556404
0.
-0.0177912
0.321049
0.0875033
0.
0.00316831
0.311851
-0.0508816
0.
-0.00637636
0.323932
0.115984
0.
0.020998
0.337606
0.0690833
0.
0.00487908
0.323578
-0.104675
0.
0.0158562
0.307905
0.0427639
0.
-0.0233133
0.320798
-0.062904
0.
-0.00240578
0.
0.
0.
-0.135105
0.
0.
0.
-0.0259872
0.
0.
0.
0.0170227
0.
0.
0.
0.0907261
0.
0.
0.
-0.0797055
0.
0.
0.
-0.149717
0.
0.
0.
-0.172145
0.
0.
0.
0.0736799
0.
0.
0.
0.0264121
0.
0.
0.
0.00273228
0.
0.
0.
-0.153239
0.
0.
0.
0.0307917
0.
0.
0.
-0.0546929
0.
0.
0.
-0.00856893
0.
0.
0.
0.199227
0.
0.
0.
0.0869851
0.
0.
0.
0.0262257
0.
0.
0.
0.00305025
1.
0.
0.
0.0478379
0.399997
-0.00845434
-0.0007622
-0.00362726
0.377199
0.
-0.00287226
-0.00287318
0.273263
0.
-0.00149024
-0.0181717
0.318167
0.
0.0162559
0.0573811
0.378924
0.
0.00381048
-0.0101988
0.275788
0.
0.0118006
-0.0202727
0.32678
0.
-0.00693216
0.0732256
0.323484
0.0163357
0.
0.0754166
0.379594
0.0195762
0.
-0.000591153
0.260346
0.0231089
0.
-0.0228053
0.30086
-0.000626186
0.
0.0682833
0.38323
0.0132977
0.
-0.00266397
0.267843
0.0149165
0.
-0.0248798
0.245886
0.0181548
-0.0524567
-0.015517
0.24844
-0.0236252
0.0230559
-0.0326507
0.358883
-0.0275522
-0.0545599
0.0154076
0.424349
-0.121781
-0.13725
0.144358
0.357203
0.115508
-0.139786
0.101569
0.332431
-0.00421828
0.0278717
0.0422276
0.355408
0.108583
0.0856945
0.118128
0.265569
-0.013523
-0.0284561
-0.00900846
0.391188
0.00148307
-0.0391004
0.0175046
0.258117
0.0195206
0.0301678
-0.0122581
0.35472
-0.00165384
0.0352715
0.0202843
0.311414
-0.100808
0.128096
0.110035
0.384724
-0.0060602
-0.00966351
0.0340422
0.307569
-0.0219061
0.0578567
-0.0585054
0.338731
0.0307255
0.132302
0.10727
