Vec Object: 1 MPI process
  type: seq
0.
0.
0.
-0.0923141
0.
0.
0.
0.0214687
0.166569
-0.167327
0.
-0.0604382
0.174067
-0.17886
0.
-0.0602004
0.189317
0.20583
0.
-0.0506147
0.180374
0.164506
0.
-0.0541383
0.38878
0.00873762
0.
0.00103429
0.375731
0.00846272
0.
0.00815479
0.390988
-0.0211404
0.
0.0088934
0.397815
-0.0170617
0.
0.00598009
0.
0.
0.
-0.0232914
0.
0.
0.
-0.0640664
0.318493
-0.0572138
0.
-0.014111
0.318338
0.0892369
0.
0.00349758
0.323407
-0.0510609
0.
-0.0131258
0.322048
0.112163
0.
0.0180095
0.35005
0.0739223
0.
-0.00297657
0.322222
-0.103081
0.
0.0141582
0.318495
0.038212
0.
-0.0141679
0.320096
-0.0625697
0.
-0.00226206
0.
0.
0.
-0.121995
0.
0.
0.
0.0118474
0.
0.
0.
-0.0117064
0.
0.
0.
0.138764
0.
0.
0.
-0.0479245
0.
0.
0.
-0.149339
0.
0.
0.
-0.22439
0.
0.
0.
0.00624288
0.
0.
0.
-0.0465265
0.
0.
0.
-0.0341251
0.
0.
0.
-0.160942
0.
0.
0.
0.0320512
0.
0.
0.
-0.0932109
0.
0.
0.
0.00529795
0.
0.
0.
0.101196
0.
0.
0.
-0.00622603
0.
0.
0.
-0.0107664
0.
0.
0.
0.0104576
1.
0.
0.
0.0391073
0.394588
-0.0081764
-0.000183984
-0.00238744
0.380638
0.
-0.00414198
-0.00476249
0.267853
0.
-0.00341643
-0.0102111
0.289312
0.
0.0216036
0.0415647
0.377584
0.
0.0052536
-0.010044
0.269352
0.
0.0152806
-0.00745871
0.30276
0.
-0.00520183
0.0468324
0.288188
0.0219429
0.
0.0449549
0.382317
0.0179313
0.
-0.00242771
0.254486
0.0193722
0.
-0.014142
0.268715
0.00449363
0.
0.0424841
0.382946
0.0158121
0.
-0.00331684
0.262875
0.0178852
0.
-0.0119234
0.249955
0.0242701
-0.0551565
-0.00336888
0.248849
-0.0253091
0.023207
-0.0118463
0.370265
-0.0225779
-0.0813901
0.0020177
0.429295
-0.156662
-0.161683
0.104762
0.357563
0.148156
-0.167571
0.0670567
0.340154
-0.0408787
0.0255647
0.0217574
0.364442
0.128988
0.109462
0.0780309
0.286806
-0.01603
-0.0303534
-0.00708036
0.409407
0.00203697
-0.0538646
0.00456505
0.256198
0.0212975
0.032814
0.00749939
0.388076
0.014053
0.0551576
0.0047153
0.321835
-0.127855
0.146957
0.0801808
0.414546
-0.0102935
-0.00350834
0.0137972
0.318067
0.0294693
0.0805624
-0.0808597
0.350354
0.0438938
0.14997
0.0686424
