Vec Object: 1 MPI process
  type: seq
0.
0.
0.
-0.109882
0.
0.
0.
0.160338
0.148782
-0.168499
0.
-0.126807
0.164135
-0.177718
0.
-0.105931
0.196223
0.196827
0.
-0.0686443
0.164018
0.172112
0.
-0.132315
0.38074
0.0169975
0.
0.0315044
0.371871
0.0141963
0.
0.017672
0.386083
-0.0197225
0.
0.0169734
0.387429
-0.0270861
0.
0.040275
0.
0.
0.
-0.0600982
0.
0.
0.
-0.15594
0.288717
-0.0505867
0.
-0.0177137
0.324281
0.0804939
0.
-0.0144231
0.295168
-0.0474515
0.
0.00605039
0.326906
0.114155
0.
0.0048691
0.319575
0.0596399
0.
0.0188924
0.325922
-0.0999602
0.
-0.00219893
0.289803
0.0475383
0.
-0.0325546
0.3229
-0.0588522
0.
-0.0233926
0.
0.
0.
-0.0722495
0.
0.
0.
-0.0740968
0.
0.
0.
0.138647
0.
0.
0.
0.0319735
0.
0.
0.
-0.12837
0.
0.
0.
-0.0627858
0.
0.
0.
0.00980026
0.
0.
0.
0.254849
0.
0.
0.
0.221942
0.
0.
0.
0.138567
0.
0.
0.
-0.0145068
0.
0.
0.
0.0753073
0.
0.
0.
0.0968198
0.
0.
0.
-0.00970523
0.
0.
0.
0.400935
0.
0.
0.
0.307212
0.
0.
0.
0.180758
0.
0.
0.
-0.00957547
1.
0.
0.
0.0575664
0.403186
-0.00859088
-0.00149594
0.0162197
0.375782
0.
-0.000878312
-0.00527088
0.280764
0.
0.000939668
-0.0459585
0.361844
0.
0.0091057
0.0903437
0.382473
0.
0.00111446
-0.0130836
0.282949
0.
0.00699549
-0.0535567
0.35937
0.
-0.00839979
0.1214
0.373066
0.00794904
0.
0.132519
0.379689
0.0209991
0.
-0.00314367
0.269162
0.0253653
0.
-0.0518608
0.344876
-0.0039296
0.
0.126504
0.386146
0.00865077
0.
-0.00496379
0.275126
0.00912832
0.
-0.0607921
0.240476
0.00615448
-0.0389508
-0.0451271
0.247186
-0.0152745
0.0165712
-0.0793061
0.326489
-0.0350679
-0.0232334
0.0438118
0.433407
-0.0642578
-0.0978347
0.218157
0.374865
0.0617339
-0.0972135
0.169196
0.2808
0.033571
0.0218993
0.0877339
0.348606
0.0642537
0.0553408
0.20358
0.235425
-0.00277177
-0.0238737
-0.013823
0.337796
-0.000181368
-0.0160817
0.0484691
0.255502
0.00437726
0.0217346
-0.049395
0.303085
-0.0189285
0.0159942
0.060845
0.311816
-0.0552191
0.0933608
0.175473
0.330943
0.00202024
-0.0130497
0.0812165
0.239944
-0.0584504
0.0258329
0.0514064
0.331711
0.00805049
0.0938781
0.196569
