Vec Object: 1 MPI process
  type: seq
0.
0.
0.
-0.122411
0.
0.
0.
0.0959126
0.154477
-0.168009
0.
-0.107481
0.167925
-0.177587
0.
-0.0914695
0.192634
0.200269
0.
-0.0690742
0.169219
0.169746
0.
-0.110078
0.384598
0.0128899
0.
0.0140831
0.374153
0.0112092
0.
0.00681618
0.388516
-0.0188899
0.
0.00640916
0.391896
-0.0226822
0.
0.0224493
0.
0.
0.
-0.0507303
0.
0.
0.
-0.126015
0.29762
-0.0534034
0.
-0.017522
0.322765
0.0850184
0.
-0.00133727
0.303331
-0.0493878
0.
0.00108281
0.325415
0.116786
0.
0.0180898
0.328362
0.0642615
0.
0.0135201
0.32473
-0.103928
0.
0.0119187
0.299011
0.0455995
0.
-0.0284649
0.321839
-0.0618425
0.
-0.00791399
0.
0.
0.
-0.116808
0.
0.
0.
-0.0540464
0.
0.
0.
0.0676499
0.
0.
0.
0.0551227
0.
0.
0.
-0.10661
0.
0.
0.
-0.119429
0.
0.
0.
-0.0944409
0.
0.
0.
0.155024
0.
0.
0.
0.114498
0.
0.
0.
0.0606301
0.
0.
0.
-0.101501
0.
0.
0.
0.0461236
0.
0.
0.
0.00946712
0.
0.
0.
-0.0125995
0.
0.
0.
0.294891
0.
0.
0.
0.188615
0.
0.
0.
0.0907413
0.
0.
0.
-0.00354557
1.
0.
0.
0.0518389
0.402499
-0.00857196
-0.00116577
0.000260335
0.375626
0.
-0.00184188
-0.00283622
0.277344
0.
-0.000159199
-0.0278727
0.340396
0.
0.0124418
0.0725325
0.380015
0.
0.00244257
-0.0112021
0.279896
0.
0.009233
-0.033202
0.344001
0.
-0.00787623
0.0962907
0.3493
0.0119855
0.
0.103286
0.378689
0.0206118
0.
-0.00060861
0.265044
0.0248314
0.
-0.033167
0.323906
-0.00298064
0.
0.0946508
0.38377
0.0109505
0.
-0.00334376
0.271753
0.0119524
0.
-0.0389402
0.24323
0.0122917
-0.0466213
-0.0283822
0.248055
-0.0198501
0.0204432
-0.0528951
0.344286
-0.0318049
-0.0368245
0.0293147
0.426707
-0.0926834
-0.117581
0.179802
0.364215
0.0883636
-0.11805
0.134129
0.310647
0.018847
0.0260941
0.0635961
0.351004
0.0875135
0.0691106
0.157968
0.250018
-0.00884259
-0.0264101
-0.0109215
0.367163
0.000722879
-0.0266833
0.031738
0.257625
0.0130905
0.026428
-0.0292856
0.328642
-0.0115946
0.0237851
0.0388881
0.309635
-0.078004
0.111215
0.140316
0.358059
-0.00191145
-0.0125571
0.0564944
0.279445
-0.047714
0.0402027
-0.0138012
0.333951
0.0192652
0.11401
0.14814
