Vec Object: 1 MPI process
  type: seq
0.
0.
0.
-0.092229
0.
0.
0.
0.0214343
0.166587
-0.167329
0.
-0.0603706
0.174076
-0.178865
0.
-0.0601551
0.189317
0.205839
0.
-0.0505764
0.180389
0.1645
0.
-0.054053
0.388785
0.00873447
0.
0.00102326
0.375735
0.00845777
0.
0.00816498
0.390994
-0.0211449
0.
0.00889874
0.397823
-0.0170556
0.
0.00596298
0.
0.
0.
-0.0232533
0.
0.
0.
-0.0639983
0.318529
-0.0572177
0.
-0.0140968
0.318328
0.0892413
0.
0.00349487
0.323443
-0.0510584
0.
-0.0131406
0.322043
0.112149
0.
0.0179959
0.350089
0.0739341
0.
-0.00299267
0.322219
-0.103074
0.
0.0141481
0.318526
0.0381983
0.
-0.0141412
0.320096
-0.0625668
0.
-0.00226682
0.
0.
0.
-0.121912
0.
0.
0.
0.0119443
0.
0.
0.
-0.0117366
0.
0.
0.
0.13888
0.
0.
0.
-0.0478539
0.
0.
0.
-0.149287
0.
0.
0.
-0.224472
0.
0.
0.
0.00610301
0.
0.
0.
-0.0466761
0.
0.
0.
-0.0341758
0.
0.
0.
-0.160877
0.
0.
0.
0.0320795
0.
0.
0.
-0.0932549
0.
0.
0.
0.00534557
0.
0.
0.
0.100948
0.
0.
0.
-0.00643898
0.
0.
0.
-0.0108051
0.
0.
0.
0.0104694
1.
0.
0.
0.0390749
0.394567
-0.00817503
-0.000181957
-0.00237989
0.380649
0.
-0.0041455
-0.00476858
0.267837
0.
-0.00342254
-0.0101909
0.289222
0.
0.0216204
0.0415219
0.377578
0.
0.00525706
-0.0100433
0.26933
0.
0.0152913
-0.00742386
0.302684
0.
-0.0051953
0.0467589
0.288076
0.0219592
0.
0.0448748
0.382327
0.0179265
0.
-0.00243363
0.25447
0.0193579
0.
-0.0141204
0.268611
0.004513
0.
0.0424196
0.382944
0.0158183
0.
-0.00331947
0.262861
0.0178913
0.
-0.0118904
0.249969
0.0242859
-0.0551544
-0.00334355
0.24885
-0.0253058
0.0232007
-0.0117939
0.370284
-0.0225657
-0.0814747
0.00198305
0.429324
-0.156759
-0.161756
0.104654
0.357585
0.148248
-0.167653
0.0669679
0.340134
-0.0409899
0.0255503
0.0217055
0.364475
0.129036
0.109535
0.0779295
0.286872
-0.0160316
-0.0303582
-0.00707986
0.409437
0.00203795
-0.0539011
0.00453205
0.256187
0.0212886
0.0328184
0.00755072
0.388177
0.0141043
0.055226
0.00467916
0.321883
-0.127931
0.147008
0.0801056
0.414624
-0.0103025
-0.00348795
0.0137504
0.31805
0.0296413
0.080622
-0.0808757
0.350402
0.0439285
0.15001
0.0685493
