Vec Object: 1 MPI process
  type: seq
0.
0.
0.
-0.113491
0.
0.
0.
0.146695
0.149812
-0.168489
0.
-0.123772
0.164865
-0.177729
0.
-0.103598
0.195351
0.197641
0.
-0.0698021
0.164959
0.171722
0.
-0.128669
0.381708
0.015987
0.
0.0267939
0.372497
0.0134138
0.
0.0143321
0.386787
-0.0193329
0.
0.0133727
0.388497
-0.0260419
0.
0.03558
0.
0.
0.
-0.058181
0.
0.
0.
-0.14994
0.290456
-0.0510884
0.
-0.0170555
0.323988
0.0815992
0.
-0.0108584
0.296757
-0.0477561
0.
0.00586878
0.326604
0.115018
0.
0.00863235
0.321276
0.0604264
0.
0.0186682
0.325678
-0.10107
0.
0.00172229
0.29164
0.0471627
0.
-0.0314284
0.322699
-0.0596324
0.
-0.0192432
0.
0.
0.
-0.0827033
0.
0.
0.
-0.0706361
0.
0.
0.
0.123536
0.
0.
0.
0.0355953
0.
0.
0.
-0.124375
0.
0.
0.
-0.0755936
0.
0.
0.
-0.0123029
0.
0.
0.
0.234182
0.
0.
0.
0.199774
0.
0.
0.
0.122146
0.
0.
0.
-0.0338181
0.
0.
0.
0.0688454
0.
0.
0.
0.0783571
0.
0.
0.
-0.0105256
0.
0.
0.
0.379487
0.
0.
0.
0.282961
0.
0.
0.
0.16151
0.
0.
0.
-0.00813523
1.
0.
0.
0.0557312
0.403231
-0.00860322
-0.001442
0.0114903
0.375574
0.
-0.00106191
-0.0045969
0.280149
0.
0.000742804
-0.0412551
0.357752
0.
0.0097215
0.086614
0.381808
0.
0.00136264
-0.012736
0.282431
0.
0.00740299
-0.0484934
0.356544
0.
-0.00833689
0.116253
0.368608
0.00871188
0.
0.126705
0.379293
0.0209886
0.
-0.00244908
0.268405
0.0253638
0.
-0.0470582
0.34097
-0.00385128
0.
0.119753
0.385445
0.00908364
0.
-0.00467237
0.274517
0.00964909
0.
-0.0554381
0.241051
0.00734741
-0.0405502
-0.0411016
0.247413
-0.0161961
0.0173935
-0.0731738
0.330186
-0.0345736
-0.025578
0.0413313
0.431832
-0.0697487
-0.101713
0.210294
0.372602
0.066889
-0.10123
0.162147
0.287106
0.0313595
0.0228663
0.0830944
0.348974
0.068915
0.0578227
0.194223
0.238235
-0.00399536
-0.0244098
-0.0127799
0.343875
-3.8128e-06
-0.0179716
0.0452778
0.256044
0.0061585
0.0227055
-0.0446926
0.308066
-0.0177037
0.017254
0.0566837
0.311169
-0.0596648
0.0969134
0.168261
0.336258
0.00128909
-0.013146
0.0765596
0.248355
-0.0574367
0.0283532
0.0374503
0.332026
0.0102054
0.0979116
0.186544
