Vec Object: 1 MPI process
  type: seq
0.
0.
0.
-0.0850497
0.
0.
0.
0.0194145
0.168106
-0.167565
0.
-0.0546372
0.174867
-0.179349
0.
-0.0561957
0.189429
0.206622
0.
-0.0471798
0.181675
0.16402
0.
-0.0468262
0.389264
0.00851251
0.
0.000130213
0.376106
0.00796927
0.
0.00899834
0.39167
-0.0215333
0.
0.00924794
0.398541
-0.0165655
0.
0.00454821
0.
0.
0.
-0.0203079
0.
0.
0.
-0.0588829
0.321704
-0.0575751
0.
-0.0128698
0.31746
0.0896265
0.
0.00323268
0.326706
-0.0507614
0.
-0.0142824
0.321582
0.110844
0.
0.0167773
0.353539
0.0748929
0.
-0.0042041
0.321919
-0.102395
0.
0.0132144
0.321183
0.0370194
0.
-0.0119138
0.32018
-0.062277
0.
-0.00273208
0.
0.
0.
-0.114119
0.
0.
0.
0.0196631
0.
0.
0.
-0.013251
0.
0.
0.
0.147692
0.
0.
0.
-0.0426293
0.
0.
0.
-0.143942
0.
0.
0.
-0.230027
0.
0.
0.
-0.00469587
0.
0.
0.
-0.0581419
0.
0.
0.
-0.0373488
0.
0.
0.
-0.153506
0.
0.
0.
0.0348489
0.
0.
0.
-0.0955822
0.
0.
0.
0.00948104
0.
0.
0.
0.0804175
0.
0.
0.
-0.0234183
0.
0.
0.
-0.01273
0.
0.
0.
0.0111274
1.
0.
0.
0.0361189
0.392654
-0.00803351
8.06834e-06
-0.00169941
0.381707
0.
-0.00444195
-0.00527227
0.266504
0.
-0.00396544
-0.00849775
0.281285
0.
0.0230935
0.0378769
0.376964
0.
0.0055325
-0.00993018
0.267427
0.
0.016235
-0.00447414
0.295867
0.
-0.0045746
0.0405139
0.278136
0.0233434
0.
0.0382029
0.383218
0.0175229
0.
-0.00292073
0.253182
0.0180172
0.
-0.0123416
0.259271
0.00631321
0.
0.0370844
0.382666
0.0163192
0.
-0.00352636
0.261649
0.0183333
0.
-0.00914225
0.251204
0.0256104
-0.0547138
-0.00143734
0.248921
-0.0247573
0.0224805
-0.00751245
0.371592
-0.0215815
-0.0888802
-0.000927973
0.432209
-0.164962
-0.168151
0.0955775
0.36013
0.156029
-0.17478
0.0596085
0.33728
-0.0504209
0.0241513
0.0173995
0.367479
0.132883
0.115849
0.0695395
0.292714
-0.0160685
-0.0307756
-0.00719626
0.411461
0.00210891
-0.0567921
0.00175388
0.255067
0.0201231
0.0331383
0.0117505
0.397104
0.0186416
0.0613916
0.00172614
0.326543
-0.134397
0.151419
0.0738559
0.421109
-0.0109525
-0.0017198
0.00996049
0.315396
0.0446436
0.0854129
-0.0813163
0.354884
0.0467813
0.153195
0.0609507
