Vec Object: 1 MPI process
  type: seq
0.
0.
0.
-0.0830217
0.
0.
0.
0.0191655
0.168562
-0.167663
0.
-0.0529644
0.175124
-0.179513
0.
-0.0549863
0.189505
0.206861
0.
-0.0461279
0.18204
0.163903
0.
-0.0447313
0.389409
0.00846767
0.
-0.000114282
0.37625
0.007795
0.
0.00921983
0.391908
-0.0216518
0.
0.00930328
0.398758
-0.0164355
0.
0.00414842
0.
0.
0.
-0.0195786
0.
0.
0.
-0.0576722
0.322683
-0.0576906
0.
-0.0125104
0.317178
0.0897474
0.
0.00314809
0.327725
-0.0506393
0.
-0.0145657
0.321449
0.110427
0.
0.0163988
0.354609
0.0751556
0.
-0.00449328
0.321835
-0.102173
0.
0.0129149
0.321984
0.0366714
0.
-0.0112865
0.320241
-0.0621748
0.
-0.00288719
0.
0.
0.
-0.111593
0.
0.
0.
0.0216794
0.
0.
0.
-0.0132959
0.
0.
0.
0.149767
0.
0.
0.
-0.0414481
0.
0.
0.
-0.142062
0.
0.
0.
-0.231115
0.
0.
0.
-0.00742745
0.
0.
0.
-0.0610015
0.
0.
0.
-0.0378424
0.
0.
0.
-0.150672
0.
0.
0.
0.0357697
0.
0.
0.
-0.0957177
0.
0.
0.
0.0107118
0.
0.
0.
0.0746524
0.
0.
0.
-0.0279335
0.
0.
0.
-0.0127836
0.
0.
0.
0.0111694
1.
0.
0.
0.0351739
0.392023
-0.00798068
7.17828e-05
-0.00148978
0.382036
0.
-0.0045273
-0.00541007
0.266114
0.
-0.00413464
-0.00801003
0.278822
0.
0.0235443
0.0368027
0.376739
0.
0.00560488
-0.00987256
0.26683
0.
0.0165256
-0.00362034
0.293744
0.
-0.00436301
0.0386933
0.275043
0.0237468
0.
0.0363075
0.383499
0.0174065
0.
-0.00305344
0.252828
0.0175686
0.
-0.0118435
0.256325
0.00690492
0.
0.0355826
0.38255
0.0164542
0.
-0.00357623
0.261291
0.0184272
0.
-0.00836283
0.251584
0.0259966
-0.0544766
-0.000979551
0.248926
-0.0244799
0.0221927
-0.00633511
0.371831
-0.0213194
-0.0911253
-0.00176523
0.433218
-0.167333
-0.170099
0.0929465
0.361154
0.158294
-0.176913
0.0575349
0.335966
-0.0531302
0.0236792
0.0161839
0.368442
0.133917
0.11773
0.0671786
0.294503
-0.0160444
-0.0309024
-0.00729242
0.411838
0.00212516
-0.0575378
0.000950571
0.254658
0.019609
0.0332148
0.0129049
0.399845
0.0200374
0.0633362
0.000908016
0.328147
-0.136288
0.152711
0.0720831
0.422929
-0.011094
-0.00119556
0.00892766
0.314158
0.0491206
0.0866773
-0.0811048
0.356398
0.047568
0.154018
0.0588499
