Vec Object: 1 MPI process
  type: seq
0.
0.
0.
-0.074974
0.
0.
0.
0.0199809
0.170757
-0.168339
0.
-0.045368
0.176541
-0.180454
0.
-0.049
0.190194
0.208046
0.
-0.0409326
0.183624
0.163587
0.
-0.0354472
0.390114
0.00842833
0.
-0.00112279
0.377204
0.00672814
0.
0.00996084
0.393311
-0.0222438
0.
0.00918241
0.399806
-0.0159466
0.
0.00239958
0.
0.
0.
-0.0173057
0.
0.
0.
-0.0541621
0.327566
-0.0583294
0.
-0.0109655
0.315661
0.0903996
0.
0.00277288
0.332884
-0.0498173
0.
-0.0154576
0.320875
0.108262
0.
0.0145642
0.359963
0.0762322
0.
-0.00534835
0.32149
-0.100999
0.
0.0114069
0.325866
0.0350736
0.
-0.00868334
0.320814
-0.0615823
0.
-0.00366738
0.
0.
0.
-0.099156
0.
0.
0.
0.0288658
0.
0.
0.
-0.0112398
0.
0.
0.
0.154805
0.
0.
0.
-0.0387997
0.
0.
0.
-0.132052
0.
0.
0.
-0.232726
0.
0.
0.
-0.0171759
0.
0.
0.
-0.0708427
0.
0.
0.
-0.0375216
0.
0.
0.
-0.13403
0.
0.
0.
0.0401967
0.
0.
0.
-0.0930631
0.
0.
0.
0.0162949
0.
0.
0.
0.0500846
0.
0.
0.
-0.0454626
0.
0.
0.
-0.0102085
0.
0.
0.
0.0102656
1.
0.
0.
0.0303449
0.388592
-0.00764088
0.000433319
-0.000521077
0.383662
0.
-0.00490456
-0.00592537
0.264349
0.
-0.0049963
-0.00584444
0.266479
0.
0.0257288
0.0317963
0.375321
0.
0.00586975
-0.00937735
0.263808
0.
0.0179727
0.000130811
0.283058
0.
-0.0031288
0.0305128
0.259527
0.0255345
0.
0.0280946
0.384923
0.0168922
0.
-0.00354329
0.25146
0.0150455
0.
-0.00976133
0.241173
0.0101072
0.
0.0291007
0.381722
0.0169789
0.
-0.00367466
0.259636
0.0185656
0.
-0.00501053
0.253358
0.0278383
-0.0526643
0.000466157
0.248729
-0.0222878
0.0203388
-0.00155477
0.371856
-0.0203104
-0.101782
-0.00544796
0.438966
-0.17777
-0.179572
0.081133
0.36796
0.168431
-0.186923
0.0486519
0.326683
-0.0644993
0.0212173
0.0110363
0.373416
0.138012
0.126297
0.0570495
0.303164
-0.0158333
-0.0315577
-0.0080649
0.41212
0.00216887
-0.060088
-0.00263188
0.252114
0.0159905
0.0335279
0.0175641
0.413337
0.0267851
0.0731523
-0.00250527
0.33727
-0.144843
0.158599
0.0643153
0.430581
-0.0113307
0.00112654
0.00468885
0.305655
0.0690657
0.0911383
-0.0782908
0.364898
0.0506571
0.156957
0.0500331
