Vec Object: 1 MPI process
  type: seq
0.
0.
0.
-0.0772218
0.
0.
0.
0.0193837
0.170038
-0.168078
0.
-0.0477555
0.176041
-0.180117
0.
-0.0509876
0.189906
0.207653
0.
-0.0426475
0.183139
0.16364
0.
-0.0383095
0.389884
0.00840589
0.
-0.000825451
0.376839
0.00712223
0.
0.0097885
0.392805
-0.022045
0.
0.00929671
0.399464
-0.0160794
0.
0.00293814
0.
0.
0.
-0.0178101
0.
0.
0.
-0.0548845
0.325938
-0.0581034
0.
-0.0114269
0.316188
0.0901704
0.
0.00288376
0.331151
-0.0501297
0.
-0.015258
0.321047
0.108999
0.
0.0151615
0.358176
0.0759156
0.
-0.00516913
0.321592
-0.101401
0.
0.0119073
0.324592
0.0355791
0.
-0.00944711
0.32057
-0.0617945
0.
-0.00341135
0.
0.
0.
-0.103187
0.
0.
0.
0.0270119
0.
0.
0.
-0.0122802
0.
0.
0.
0.154152
0.
0.
0.
-0.0390828
0.
0.
0.
-0.135422
0.
0.
0.
-0.23284
0.
0.
0.
-0.0146055
0.
0.
0.
-0.0683409
0.
0.
0.
-0.0380811
0.
0.
0.
-0.139909
0.
0.
0.
0.0388044
0.
0.
0.
-0.0944871
0.
0.
0.
0.0145534
0.
0.
0.
0.0574875
0.
0.
0.
-0.0405259
0.
0.
0.
-0.0115011
0.
0.
0.
0.0107625
1.
0.
0.
0.0319641
0.389786
-0.00776901
0.000304195
-0.000824495
0.383126
0.
-0.00478807
-0.00578877
0.2649
0.
-0.0047051
-0.00651438
0.270599
0.
0.0250162
0.0333997
0.375852
0.
0.00579965
-0.00958406
0.26482
0.
0.0174903
-0.00101533
0.286632
0.
-0.00357653
0.0330604
0.264704
0.0249849
0.
0.030597
0.384446
0.0170509
0.
-0.00341532
0.251837
0.0159426
0.
-0.0103771
0.246305
0.00899425
0.
0.0310767
0.382047
0.0168321
0.
-0.00367334
0.260162
0.018582
0.
-0.00602406
0.252801
0.0272319
-0.0533739
0.000127774
0.248846
-0.0231694
0.0210288
-0.00294193
0.372063
-0.0205925
-0.0983531
-0.00431867
0.436931
-0.174569
-0.176469
0.0848197
0.365383
0.165285
-0.183719
0.0513395
0.33024
-0.0611665
0.022041
0.0125706
0.371735
0.136839
0.123622
0.0601202
0.300341
-0.0159043
-0.0313318
-0.00776926
0.412304
0.00216117
-0.059462
-0.00152243
0.253059
0.0173843
0.0334274
0.0162195
0.408882
0.0245938
0.0698775
-0.0014938
0.334028
-0.142168
0.156747
0.066708
0.428306
-0.011342
0.000419072
0.00593831
0.308853
0.0629758
0.0900149
-0.0794921
0.36189
0.0497979
0.156195
0.0526722
