Vec Object: 1 MPI process
  type: seq
0.
0.
0.
-0.0816265
0.
0.
0.
0.0190832
0.168888
-0.167742
0.
-0.0517825
0.175316
-0.179637
0.
-0.0541126
0.189573
0.207035
0.
-0.0453665
0.182294
0.163829
0.
-0.0432586
0.389514
0.00844256
0.
-0.000282487
0.376363
0.00766101
0.
0.00936689
0.39209
-0.0217374
0.
0.00932702
0.398913
-0.0163478
0.
0.00386932
0.
0.
0.
-0.0191066
0.
0.
0.
-0.0569043
0.323392
-0.0577765
0.
-0.0122585
0.316969
0.0898365
0.
0.00308749
0.328466
-0.0505417
0.
-0.0147495
0.321356
0.110121
0.
0.0161258
0.355385
0.0753359
0.
-0.00467772
0.321778
-0.102009
0.
0.0126962
0.32256
0.0364247
0.
-0.0108524
0.320295
-0.0620971
0.
-0.00300107
0.
0.
0.
-0.10975
0.
0.
0.
0.0230234
0.
0.
0.
-0.0132187
0.
0.
0.
0.15106
0.
0.
0.
-0.0407267
0.
0.
0.
-0.140655
0.
0.
0.
-0.231731
0.
0.
0.
-0.00923601
0.
0.
0.
-0.0628798
0.
0.
0.
-0.0380702
0.
0.
0.
-0.148486
0.
0.
0.
0.0364417
0.
0.
0.
-0.09566
0.
0.
0.
0.011584
0.
0.
0.
0.0706487
0.
0.
0.
-0.0309921
0.
0.
0.
-0.0126835
0.
0.
0.
0.0111516
1.
0.
0.
0.0344821
0.391553
-0.00793941
0.000119631
-0.00133989
0.382274
0.
-0.00458718
-0.00550351
0.265838
0.
-0.0042578
-0.00766739
0.277035
0.
0.023869
0.0360393
0.376564
0.
0.0056534
-0.00982293
0.266395
0.
0.0167359
-0.00302084
0.2922
0.
-0.00420299
0.0374093
0.272796
0.0240307
0.
0.0349851
0.383704
0.0173248
0.
-0.00314321
0.252587
0.0172324
0.
-0.0114986
0.254171
0.00734417
0.
0.0345373
0.382456
0.0165459
0.
-0.00360696
0.261037
0.0184818
0.
-0.00781957
0.251857
0.0262711
-0.0542763
-0.000685217
0.248923
-0.0242457
0.0219657
-0.0055268
0.371956
-0.0211422
-0.092734
-0.00235253
0.433982
-0.168996
-0.171502
0.0910934
0.361968
0.15989
-0.178436
0.056093
0.334892
-0.0550167
0.0233291
0.0153391
0.369148
0.134621
0.119064
0.0655369
0.295791
-0.0160197
-0.0309945
-0.00737757
0.412041
0.00213534
-0.0580312
0.000385233
0.254342
0.0191913
0.0332654
0.0136965
0.401824
0.0210434
0.0647536
0.000342809
0.329357
-0.137625
0.153626
0.0708444
0.424191
-0.0111777
-0.000825301
0.00821881
0.31315
0.0522898
0.0875215
-0.0808642
0.357534
0.0481064
0.154566
0.0573992
