Vec Object: 1 MPI process
  type: seq
0.
0.
0.
-0.115348
0.
0.
0.
0.139052
0.150432
-0.168455
0.
-0.121798
0.165296
-0.17772
0.
-0.102088
0.194897
0.198068
0.
-0.0701637
0.165525
0.171473
0.
-0.126359
0.382207
0.015462
0.
0.024447
0.37281
0.0130171
0.
0.012743
0.387129
-0.0191711
0.
0.0117293
0.389058
-0.0254921
0.
0.0332198
0.
0.
0.
-0.0571463
0.
0.
0.
-0.14657
0.291453
-0.0514012
0.
-0.0168966
0.323821
0.082179
0.
-0.00907078
0.297668
-0.047963
0.
0.00550591
0.326434
0.115428
0.
0.0104924
0.322254
0.0609169
0.
0.0182831
0.325542
-0.101625
0.
0.00367799
0.292684
0.0469577
0.
-0.0309173
0.322581
-0.0600327
0.
-0.0171461
0.
0.
0.
-0.0883656
0.
0.
0.
-0.0685889
0.
0.
0.
0.115089
0.
0.
0.
0.0378413
0.
0.
0.
-0.122062
0.
0.
0.
-0.0826079
0.
0.
0.
-0.0246494
0.
0.
0.
0.222542
0.
0.
0.
0.187268
0.
0.
0.
0.112936
0.
0.
0.
-0.0444464
0.
0.
0.
0.0652559
0.
0.
0.
0.0680162
0.
0.
0.
-0.0109864
0.
0.
0.
0.367328
0.
0.
0.
0.269251
0.
0.
0.
0.150789
0.
0.
0.
-0.00741726
1.
0.
0.
0.0549147
0.403212
-0.00860569
-0.00140813
0.00921068
0.375498
0.
-0.00116816
-0.00425022
0.279785
0.
0.000625906
-0.0388757
0.355374
0.
0.0100828
0.0845314
0.381476
0.
0.00150831
-0.0125175
0.282117
0.
0.00764374
-0.0458882
0.354876
0.
-0.00829152
0.11336
0.366001
0.00915586
0.
0.123392
0.379115
0.0209671
0.
-0.00209013
0.267961
0.0253393
0.
-0.0446146
0.338679
-0.00378269
0.
0.116004
0.385105
0.00933694
0.
-0.00448433
0.274156
0.0099566
0.
-0.0526631
0.241371
0.00803662
-0.0414493
-0.0390254
0.24753
-0.0167215
0.0178535
-0.0699332
0.332261
-0.0342508
-0.0269902
0.0397706
0.430979
-0.0729144
-0.103934
0.205882
0.371334
0.0698588
-0.103546
0.158148
0.290632
0.0299438
0.0233924
0.0803701
0.349201
0.0715692
0.059292
0.188948
0.239854
-0.00469795
-0.0247085
-0.0123488
0.347294
9.91118e-05
-0.0190982
0.0433856
0.256327
0.00717422
0.0232526
-0.0422402
0.310925
-0.0169537
0.0180326
0.0542087
0.310838
-0.0622178
0.0989398
0.16419
0.339305
0.000860064
-0.013159
0.073801
0.253044
-0.0566273
0.0298639
0.0296542
0.332225
0.0114512
0.100208
0.180909
