Vec Object: 1 MPI process
  type: seq
0.
0.
0.
-0.0832561
0.
0.
0.
0.0191866
0.168508
-0.167651
0.
-0.0531601
0.175094
-0.179493
0.
-0.0551294
0.189495
0.206833
0.
-0.0462525
0.181997
0.163916
0.
-0.0449758
0.389392
0.00847237
0.
-8.60607e-05
0.376232
0.00781629
0.
0.00919467
0.391879
-0.0216377
0.
0.00929808
0.398732
-0.0164504
0.
0.0041949
0.
0.
0.
-0.0196603
0.
0.
0.
-0.0578065
0.322567
-0.0576768
0.
-0.0125523
0.317212
0.089733
0.
0.00315808
0.327604
-0.0506545
0.
-0.0145339
0.321464
0.110476
0.
0.0164436
0.354482
0.0751253
0.
-0.00446111
0.321845
-0.1022
0.
0.0129505
0.32189
0.0367122
0.
-0.0113592
0.320233
-0.0621872
0.
-0.00286866
0.
0.
0.
-0.111893
0.
0.
0.
0.0214501
0.
0.
0.
-0.0133
0.
0.
0.
0.149539
0.
0.
0.
-0.0415769
0.
0.
0.
-0.142289
0.
0.
0.
-0.231
0.
0.
0.
-0.00711815
0.
0.
0.
-0.060679
0.
0.
0.
-0.037795
0.
0.
0.
-0.15102
0.
0.
0.
0.0356599
0.
0.
0.
-0.0957149
0.
0.
0.
0.0105675
0.
0.
0.
0.0753211
0.
0.
0.
-0.0274163
0.
0.
0.
-0.0127891
0.
0.
0.
0.0111685
1.
0.
0.
0.0352865
0.392099
-0.00798719
6.40947e-05
-0.00151448
0.381997
0.
-0.00451735
-0.00539426
0.266159
0.
-0.00411455
-0.00806693
0.279114
0.
0.0234911
0.0369287
0.376766
0.
0.00559663
-0.00988003
0.266901
0.
0.0164911
-0.00371995
0.293996
0.
-0.00438863
0.0389061
0.27541
0.0236997
0.
0.0365279
0.383465
0.0174201
0.
-0.00303824
0.252869
0.0176227
0.
-0.0119012
0.256676
0.00683392
0.
0.0357569
0.382565
0.0164387
0.
-0.00357076
0.261333
0.0184171
0.
-0.00845341
0.251539
0.0259513
-0.0545071
-0.00103065
0.248926
-0.0245155
0.0222283
-0.0064709
0.371807
-0.0213494
-0.0908606
-0.00166761
0.433096
-0.167056
-0.169869
0.0932539
0.361027
0.158029
-0.176662
0.0577756
0.336132
-0.0528153
0.0237359
0.016325
0.368327
0.133798
0.117509
0.0674526
0.294291
-0.0160479
-0.0308874
-0.00727969
0.4118
0.00212336
-0.0574533
0.00104438
0.254708
0.0196738
0.0332061
0.0127718
0.399521
0.0198724
0.063105
0.00100266
0.327953
-0.136067
0.15256
0.0722893
0.422718
-0.0110788
-0.00125693
0.00904673
0.314314
0.0485959
0.0865333
-0.0811374
0.356216
0.0474774
0.153925
0.0590929
