Vec Object: 1 MPI process
  type: seq
0.
0.
0.
-0.107217
0.
0.
0.
0.0321558
0.163303
-0.167181
0.
-0.0731824
0.172539
-0.178119
0.
-0.0684872
0.18965
0.204242
0.
-0.0571738
0.177401
0.165818
0.
-0.0700608
0.387778
0.0094979
0.
0.00335274
0.375289
0.00920031
0.
0.0063422
0.390031
-0.0203385
0.
0.00759643
0.396304
-0.0183296
0.
0.00941469
0.
0.
0.
-0.0312285
0.
0.
0.
-0.0791701
0.312145
-0.0564749
0.
-0.0164695
0.319886
0.0884123
0.
0.00373193
0.317077
-0.0512091
0.
-0.00993747
0.323049
0.114482
0.
0.0201221
0.343264
0.0715436
0.
0.000648114
0.322921
-0.104174
0.
0.0156006
0.31292
0.0406953
0.
-0.0191464
0.320328
-0.0629218
0.
-0.00178183
0.
0.
0.
-0.133208
0.
0.
0.
-0.00761236
0.
0.
0.
-0.00112664
0.
0.
0.
0.11437
0.
0.
0.
-0.0634813
0.
0.
0.
-0.154265
0.
0.
0.
-0.202776
0.
0.
0.
0.0372079
0.
0.
0.
-0.0131337
0.
0.
0.
-0.0194595
0.
0.
0.
-0.16454
0.
0.
0.
0.0289937
0.
0.
0.
-0.0786046
0.
0.
0.
-0.00287735
0.
0.
0.
0.150094
0.
0.
0.
0.03833
0.
0.
0.
0.00285746
0.
0.
0.
0.00711252
1.
0.
0.
0.0443192
0.397816
-0.00835764
-0.000510376
-0.0034879
0.37865
0.
-0.00347934
-0.00365176
0.270727
0.
-0.00235708
-0.0141186
0.304951
0.
0.0186759
0.049622
0.378415
0.
0.00454266
-0.0100886
0.272958
0.
0.0133944
-0.0140147
0.315972
0.
-0.0062189
0.0605481
0.307531
0.0189604
0.
0.0604154
0.380699
0.0188163
0.
-0.00134749
0.257523
0.0216031
0.
-0.0183854
0.286468
0.00143599
0.
0.0552491
0.383171
0.0145614
0.
-0.00285585
0.26549
0.0164824
0.
-0.0183584
0.247634
0.0212109
-0.0544978
-0.00906002
0.248621
-0.025004
0.0236494
-0.0222475
0.365315
-0.025072
-0.0665774
0.00869341
0.42548
-0.138477
-0.148638
0.1251
0.355787
0.131089
-0.152727
0.0844113
0.339345
-0.0207563
0.0274499
0.0319013
0.359121
0.119099
0.096488
0.0979916
0.275203
-0.0151903
-0.0294207
-0.00777548
0.401597
0.00179946
-0.0464187
0.0109476
0.257617
0.0214249
0.0317033
-0.00258117
0.37013
0.00525915
0.0437717
0.0120993
0.314951
-0.113739
0.137238
0.0949831
0.399369
-0.00827917
-0.00703701
0.0234765
0.316392
-3.92278e-05
0.068814
-0.0733725
0.343205
0.0371594
0.141455
0.0874583
