Vec Object: 1 MPI process
  type: seq
0.
0.
0.
-0.106836
0.
0.
0.
0.171069
0.148047
-0.168453
0.
-0.128705
0.163604
-0.177672
0.
-0.10738
0.196977
0.196128
0.
-0.0672057
0.163348
0.172366
0.
-0.134701
0.379896
0.0178706
0.
0.0357606
0.371307
0.0148891
0.
0.0208172
0.385429
-0.0201308
0.
0.0204949
0.386516
-0.0279767
0.
0.0444851
0.
0.
0.
-0.061741
0.
0.
0.
-0.160736
0.287375
-0.0502578
0.
-0.0186641
0.324509
0.0795534
0.
-0.0176039
0.293941
-0.047288
0.
0.00568071
0.327147
0.113354
0.
0.0014685
0.318266
0.0591111
0.
0.0185777
0.326117
-0.0989734
0.
-0.00571177
0.288372
0.0478601
0.
-0.0337166
0.323052
-0.0581747
0.
-0.0270631
0.
0.
0.
-0.0637512
0.
0.
0.
-0.0767307
0.
0.
0.
0.150567
0.
0.
0.
0.0293872
0.
0.
0.
-0.131474
0.
0.
0.
-0.0524742
0.
0.
0.
0.0272827
0.
0.
0.
0.271056
0.
0.
0.
0.239293
0.
0.
0.
0.151479
0.
0.
0.
0.000987572
0.
0.
0.
0.0803991
0.
0.
0.
0.111361
0.
0.
0.
-0.00912354
0.
0.
0.
0.417671
0.
0.
0.
0.326169
0.
0.
0.
0.196026
0.
0.
0.
-0.0109223
1.
0.
0.
0.0594455
0.403077
-0.00857303
-0.00153239
0.0206226
0.376013
0.
-0.000738043
-0.00584379
0.281222
0.
0.00108534
-0.050146
0.364938
0.
0.00864324
0.093307
0.383068
0.
0.000929017
-0.013302
0.283325
0.
0.00669237
-0.0579909
0.361467
0.
-0.00843367
0.125468
0.376416
0.00737174
0.
0.13704
0.380077
0.0209825
0.
-0.00373073
0.269731
0.0253291
0.
-0.0561093
0.3478
-0.00395373
0.
0.131907
0.386791
0.00832611
0.
-0.00513542
0.275579
0.00874229
0.
-0.0654435
0.240017
0.00524663
-0.0376938
-0.0486781
0.24699
-0.0145618
0.0159223
-0.0845381
0.323571
-0.0353794
-0.0215267
0.0454308
0.434687
-0.060051
-0.0948401
0.224396
0.376642
0.0577813
-0.0941361
0.1747
0.275808
0.0350521
0.0211142
0.091151
0.348337
0.0606363
0.053496
0.210924
0.233269
-0.00184083
-0.0234471
-0.014969
0.333011
-0.000315056
-0.0146908
0.0507725
0.255045
0.00300864
0.0209734
-0.0534945
0.299248
-0.0197983
0.0151055
0.0638377
0.312363
-0.051797
0.0906074
0.181115
0.326844
0.00256812
-0.0129122
0.0846094
0.233271
-0.0588991
0.0239892
0.0624069
0.331487
0.00640508
0.0907475
0.204457
