Vec Object: 1 MPI process
  type: seq
0.
0.
0.
-0.0873706
0.
0.
0.
0.0198764
0.167604
-0.167473
0.
-0.056509
0.174596
-0.179178
0.
-0.0575163
0.189369
0.20636
0.
-0.0483229
0.181261
0.164165
0.
-0.0491805
0.389104
0.00857425
0.
0.000412461
0.375967
0.00814547
0.
0.00873599
0.391427
-0.0214039
0.
0.00915886
0.398302
-0.0167184
0.
0.00500234
0.
0.
0.
-0.0212003
0.
0.
0.
-0.060398
0.32064
-0.057453
0.
-0.0132734
0.317759
0.0894966
0.
0.00332413
0.325605
-0.0508779
0.
-0.0139365
0.321732
0.11129
0.
0.0171891
0.352379
0.0745894
0.
-0.00384414
0.322015
-0.10263
0.
0.0135355
0.320301
0.0374069
0.
-0.0126303
0.320134
-0.0623815
0.
-0.00256799
0.
0.
0.
-0.11682
0.
0.
0.
0.0172669
0.
0.
0.
-0.0129869
0.
0.
0.
0.145073
0.
0.
0.
-0.0441513
0.
0.
0.
-0.145881
0.
0.
0.
-0.228519
0.
0.
0.
-0.00140872
0.
0.
0.
-0.0546736
0.
0.
0.
-0.0365619
0.
0.
0.
-0.156311
0.
0.
0.
0.0338718
0.
0.
0.
-0.0951347
0.
0.
0.
0.00811354
0.
0.
0.
0.0869957
0.
0.
0.
-0.018121
0.
0.
0.
-0.0123977
0.
0.
0.
0.0109943
1.
0.
0.
0.0371306
0.393318
-0.00808582
-5.83353e-05
-0.00192912
0.38135
0.
-0.00434573
-0.00511199
0.266941
0.
-0.0037824
-0.00904696
0.283956
0.
0.0226007
0.039072
0.377188
0.
0.00544687
-0.00997967
0.268072
0.
0.0159187
-0.00543452
0.298167
0.
-0.00479331
0.0425534
0.281487
0.022891
0.
0.0403534
0.382915
0.0176541
0.
-0.00276602
0.253591
0.0184858
0.
-0.0129113
0.262441
0.00568915
0.
0.0387949
0.382775
0.0161617
0.
-0.00346359
0.262047
0.0182077
0.
-0.0100273
0.250788
0.0251794
-0.0549184
-0.00200441
0.248905
-0.0249997
0.0227588
-0.00887157
0.371243
-0.0218891
-0.0864129
1.59583e-05
0.431173
-0.162294
-0.166018
0.0985317
0.359145
0.153489
-0.172422
0.0619707
0.338479
-0.0473541
0.0246458
0.0187837
0.36645
0.131677
0.113763
0.07223
0.290759
-0.0160781
-0.0306373
-0.00712256
0.41092
0.0020883
-0.0558996
0.00265664
0.255477
0.0205993
0.0330446
0.0104169
0.394116
0.0171186
0.0592968
0.00266545
0.324888
-0.132282
0.149976
0.0758669
0.419029
-0.010766
-0.00230378
0.0111561
0.316526
0.0396714
0.0839165
-0.0813719
0.353309
0.0458728
0.152213
0.0633652
