Vec Object: 1 MPI process
  type: seq
0.
0.
0.
-0.0961648
0.
0.
0.
0.0232997
0.165769
-0.167252
0.
-0.063525
0.17368
-0.178644
0.
-0.0622485
0.189335
0.20543
0.
-0.0523203
0.179664
0.164802
0.
-0.0580305
0.388532
0.00889296
0.
0.00155131
0.375589
0.00867315
0.
0.00768852
0.390699
-0.0209394
0.
0.00862552
0.397442
-0.0173494
0.
0.006773
0.
0.
0.
-0.0250949
0.
0.
0.
-0.0673433
0.316879
-0.0570354
0.
-0.0147456
0.318753
0.0890393
0.
0.00360839
0.321773
-0.0511536
0.
-0.0124219
0.322296
0.112795
0.
0.0186061
0.348309
0.0733731
0.
-0.00220139
0.322389
-0.103397
0.
0.0145946
0.317109
0.0388343
0.
-0.0153909
0.32011
-0.06269
0.
-0.00206549
0.
0.
0.
-0.125532
0.
0.
0.
0.00731307
0.
0.
0.
-0.0100243
0.
0.
0.
0.13324
0.
0.
0.
-0.0513268
0.
0.
0.
-0.151438
0.
0.
0.
-0.22027
0.
0.
0.
0.0129247
0.
0.
0.
-0.0393597
0.
0.
0.
-0.0314906
0.
0.
0.
-0.163392
0.
0.
0.
0.030882
0.
0.
0.
-0.0908027
0.
0.
0.
0.00316149
0.
0.
0.
0.112682
0.
0.
0.
0.00378934
0.
0.
0.
-0.00860967
0.
0.
0.
0.00983246
1.
0.
0.
0.04053
0.395481
-0.00823316
-0.000272385
-0.00271682
0.380112
0.
-0.00398098
-0.00448324
0.268564
0.
-0.00314359
-0.0111368
0.293316
0.
0.0208536
0.0435151
0.377837
0.
0.00509125
-0.0100684
0.270296
0.
0.0148003
-0.00905035
0.306176
0.
-0.00548453
0.0501835
0.293177
0.0212043
0.
0.0486381
0.381882
0.0181493
0.
-0.00215673
0.255212
0.019992
0.
-0.0151367
0.273338
0.00364876
0.
0.0454702
0.383037
0.0155227
0.
-0.00319588
0.263519
0.0175866
0.
-0.0134443
0.249339
0.0235464
-0.0551802
-0.00458907
0.248794
-0.0253937
0.0234437
-0.014278
0.369291
-0.0231528
-0.0775942
0.00360784
0.428073
-0.15223
-0.158395
0.109677
0.356716
0.143979
-0.163853
0.0711561
0.340755
-0.0358288
0.0261726
0.0241485
0.362997
0.126741
0.106174
0.0827189
0.283833
-0.0159226
-0.030132
-0.00714553
0.407891
0.00198923
-0.0521489
0.00607937
0.256654
0.0215968
0.0325968
0.00512077
0.383521
0.011766
0.0521307
0.00639874
0.319785
-0.124397
0.144593
0.0836561
0.410937
-0.00986093
-0.0044237
0.0159912
0.31854
0.0217651
0.0777888
-0.0798577
0.348319
0.0422919
0.14806
0.0729743
