Vec Object: 1 MPI process
  type: seq
0.
0.
0.
-0.0785274
0.
0.
0.
0.0191937
0.169671
-0.16796
0.
-0.0490132
0.175801
-0.179957
0.
-0.0519912
0.189784
0.207455
0.
-0.0435187
0.182879
0.163687
0.
-0.0398414
0.389766
0.00840833
0.
-0.000661134
0.376674
0.00730573
0.
0.0096722
0.392564
-0.0219458
0.
0.00932631
0.399288
-0.0161578
0.
0.00322578
0.
0.
0.
-0.018159
0.
0.
0.
-0.0554114
0.325118
-0.0579948
0.
-0.0116808
0.316445
0.0900601
0.
0.00294607
0.330284
-0.0502727
0.
-0.0151205
0.321141
0.109364
0.
0.0154684
0.357277
0.0757405
0.
-0.00503979
0.321648
-0.1016
0.
0.012161
0.323943
0.0358441
0.
-0.00987205
0.320468
-0.0618958
0.
-0.00327993
0.
0.
0.
-0.105276
0.
0.
0.
0.0258734
0.
0.
0.
-0.0126848
0.
0.
0.
0.153429
0.
0.
0.
-0.0394499
0.
0.
0.
-0.137123
0.
0.
0.
-0.232663
0.
0.
0.
-0.013064
0.
0.
0.
-0.0667968
0.
0.
0.
-0.0382058
0.
0.
0.
-0.142772
0.
0.
0.
0.038061
0.
0.
0.
-0.0950176
0.
0.
0.
0.0136284
0.
0.
0.
0.0615129
0.
0.
0.
-0.0377031
0.
0.
0.
-0.012008
0.
0.
0.
0.0109418
1.
0.
0.
0.0327782
0.390368
-0.00782775
0.00024255
-0.000985606
0.382853
0.
-0.00472589
-0.00570609
0.265192
0.
-0.00456021
-0.00687177
0.272672
0.
0.0246508
0.0342316
0.376096
0.
0.00575743
-0.00967177
0.265328
0.
0.0172476
-0.00163388
0.288427
0.
-0.00378746
0.0344131
0.267311
0.0246898
0.
0.0319464
0.384206
0.0171357
0.
-0.00333688
0.252058
0.0163722
0.
-0.0107174
0.248859
0.00845103
0.
0.0321405
0.382191
0.0167475
0.
-0.00366006
0.260437
0.0185664
0.
-0.00657452
0.252505
0.0269258
-0.0536939
-9.38905e-05
0.248884
-0.0235562
0.0213502
-0.00371871
0.372086
-0.0207546
-0.0965756
-0.00371148
0.435949
-0.172848
-0.174884
0.086772
0.3642
0.163609
-0.182053
0.052796
0.331866
-0.0593038
0.0224582
0.0134142
0.370895
0.136178
0.1222
0.0617812
0.298892
-0.0159435
-0.0312216
-0.00763099
0.412296
0.00215468
-0.059061
-0.000930437
0.253497
0.018017
0.0333773
0.0154632
0.406621
0.0234647
0.0682259
-0.000936217
0.332471
-0.140752
0.155772
0.0679861
0.427055
-0.0113129
3.51412e-05
0.00662768
0.310341
0.0596741
0.0893081
-0.0800108
0.360441
0.0492975
0.155729
0.054112
