Vec Object: 1 MPI process
  type: seq
0.
0.
0.
-0.0835627
0.
0.
0.
0.253644
0.146164
-0.164797
0.
-0.116442
0.162486
-0.174469
0.
-0.0941808
0.207041
0.186819
0.
-0.0260277
0.161867
0.171143
0.
-0.125945
0.368801
0.029062
0.
0.0988946
0.363249
0.0244017
0.
0.0721364
0.375059
-0.0284653
0.
0.0838395
0.375163
-0.0390607
0.
0.106224
0.
0.
0.
-0.089159
0.
0.
0.
-0.212696
0.27663
-0.052301
0.
-0.0552685
0.326555
0.0687659
0.
-0.0617174
0.28411
-0.0514808
0.
-0.0296608
0.329495
0.101956
0.
-0.0469117
0.307904
0.0598241
0.
-0.0121588
0.328046
-0.0862651
0.
-0.0543611
0.27656
0.0538487
0.
-0.0647023
0.324133
-0.0500079
0.
-0.0761605
0.
0.
0.
0.00731236
0.
0.
0.
-0.105386
0.
0.
0.
0.243984
0.
0.
0.
0.00775232
0.
0.
0.
-0.165137
0.
0.
0.
0.0331611
0.
0.
0.
0.170636
0.
0.
0.
0.400663
0.
0.
0.
0.376474
0.
0.
0.
0.252138
0.
0.
0.
0.132064
0.
0.
0.
0.114646
0.
0.
0.
0.226031
0.
0.
0.
-0.0152929
0.
0.
0.
0.553912
0.
0.
0.
0.478204
0.
0.
0.
0.322538
0.
0.
0.
-0.0391015
1.
0.
0.
0.104745
0.399064
-0.00800906
-0.00157845
0.0906325
0.38069
0.
0.000348332
-0.0114199
0.28458
0.
0.00202858
-0.111127
0.385443
0.
0.00537234
0.120231
0.391373
0.
-0.000257351
-0.0112281
0.285799
0.
0.00467676
-0.119729
0.373762
0.
-0.00823005
0.162511
0.398182
0.00335014
0.
0.17549
0.386478
0.0199873
0.
-0.00918718
0.273956
0.023777
0.
-0.116325
0.366232
-0.00296423
0.
0.182292
0.396419
0.00622211
0.
-0.00254887
0.278798
0.00643523
0.
-0.128542
0.235878
-0.000944506
-0.0274968
-0.104033
0.244803
-0.00916561
0.0106409
-0.152913
0.298567
-0.0343626
-0.01097
0.0373147
0.445315
-0.0279632
-0.0713387
0.283636
0.390062
0.0276458
-0.0706335
0.221817
0.233435
0.0398086
0.0141146
0.104357
0.345381
0.0321096
0.0410304
0.272194
0.216574
0.00358559
-0.0197162
-0.0471669
0.292869
-0.0010593
-0.00587494
0.0551079
0.250418
-0.00580098
0.0147956
-0.114915
0.269019
-0.0239787
0.0103773
0.0693217
0.316716
-0.0250994
0.0688462
0.226337
0.294554
0.006316
-0.0100228
0.0967805
0.176424
-0.0538062
0.0125272
0.146109
0.32899
-0.00596418
0.0660154
0.270237
