Vec Object: 1 MPI process
  type: seq
0.
0.
0.
-0.10657
0.
0.
0.
0.031448
0.163461
-0.167179
0.
-0.0725595
0.172612
-0.178146
0.
-0.0680881
0.18962
0.204316
0.
-0.0568815
0.177548
0.16575
0.
-0.0692943
0.387826
0.00945417
0.
0.00322703
0.375304
0.00916996
0.
0.00641924
0.390065
-0.0203759
0.
0.00766697
0.396377
-0.0182632
0.
0.00923609
0.
0.
0.
-0.0308224
0.
0.
0.
-0.078355
0.312438
-0.0565127
0.
-0.0163737
0.319819
0.0884543
0.
0.0037367
0.317364
-0.0512149
0.
-0.0101085
0.323001
0.114386
0.
0.0200432
0.343574
0.0716658
0.
0.000447821
0.322886
-0.104134
0.
0.0155544
0.313185
0.0405801
0.
-0.018912
0.320308
-0.0629134
0.
-0.00178215
0.
0.
0.
-0.132876
0.
0.
0.
-0.00663893
0.
0.
0.
-0.0018589
0.
0.
0.
0.115617
0.
0.
0.
-0.0626553
0.
0.
0.
-0.154257
0.
0.
0.
-0.204103
0.
0.
0.
0.0355004
0.
0.
0.
-0.0149827
0.
0.
0.
-0.0203983
0.
0.
0.
-0.164753
0.
0.
0.
0.0290287
0.
0.
0.
-0.0795901
0.
0.
0.
-0.00252342
0.
0.
0.
0.147624
0.
0.
0.
0.0359728
0.
0.
0.
0.00191279
0.
0.
0.
0.00731142
1.
0.
0.
0.0441029
0.397684
-0.00835134
-0.000496316
-0.00345285
0.378736
0.
-0.00351139
-0.00370148
0.270591
0.
-0.00240508
-0.0139212
0.304234
0.
0.0188092
0.0492267
0.378385
0.
0.0045794
-0.0100874
0.272798
0.
0.0134811
-0.0136949
0.315375
0.
-0.00617688
0.0598861
0.306655
0.0191014
0.
0.0596478
0.380767
0.0187745
0.
-0.00139594
0.257374
0.0215117
0.
-0.0181695
0.285673
0.00156165
0.
0.0546003
0.383167
0.0146252
0.
-0.00287415
0.265365
0.0165592
0.
-0.0180344
0.247735
0.0213648
-0.0545714
-0.00874785
0.248631
-0.0250527
0.0236571
-0.0217216
0.365608
-0.0249449
-0.0672489
0.00835939
0.425597
-0.139355
-0.149247
0.124105
0.355782
0.13191
-0.153422
0.0835412
0.339565
-0.0216841
0.0273946
0.0313889
0.359344
0.119615
0.0970839
0.0969825
0.275732
-0.0152549
-0.029468
-0.00772032
0.402065
0.00181348
-0.046797
0.0106258
0.257572
0.0214785
0.0317704
-0.00207895
0.37096
0.0056507
0.0442647
0.0117107
0.315201
-0.114418
0.137711
0.094233
0.400123
-0.00838852
-0.00688151
0.0229669
0.316678
0.0012526
0.0693945
-0.0739403
0.343487
0.0374926
0.141904
0.0864853
