Vec Object: 1 MPI process
  type: seq
0.
0.
0.
-0.0800089
0.
0.
0.
0.0190866
0.169285
-0.167847
0.
-0.0503675
0.175556
-0.179795
0.
-0.0530427
0.189671
0.207247
0.
-0.0444339
0.182595
0.16375
0.
-0.0415059
0.389642
0.00842046
0.
-0.000478751
0.376513
0.00748724
0.
0.00953052
0.392323
-0.0218423
0.
0.0093371
0.399103
-0.0162479
0.
0.0035387
0.
0.
0.
-0.0185932
0.
0.
0.
-0.0560861
0.324262
-0.0578848
0.
-0.0119606
0.316708
0.0899478
0.
0.00301483
0.32938
-0.0504117
0.
-0.0149502
0.321245
0.109742
0.
0.015793
0.356337
0.0755459
0.
-0.00487549
0.32171
-0.101805
0.
0.0124267
0.32326
0.0361285
0.
-0.0103445
0.320375
-0.0619978
0.
-0.0031416
0.
0.
0.
-0.107489
0.
0.
0.
0.0245353
0.
0.
0.
-0.0130075
0.
0.
0.
0.152395
0.
0.
0.
-0.039998
0.
0.
0.
-0.138889
0.
0.
0.
-0.232298
0.
0.
0.
-0.0112651
0.
0.
0.
-0.0649679
0.
0.
0.
-0.0382096
0.
0.
0.
-0.145669
0.
0.
0.
0.0372635
0.
0.
0.
-0.0954214
0.
0.
0.
0.0126292
0.
0.
0.
0.0659359
0.
0.
0.
-0.0345035
0.
0.
0.
-0.012415
0.
0.
0.
0.011075
1.
0.
0.
0.0336264
0.390964
-0.00788517
0.000180401
-0.00115918
0.382566
0.
-0.00465835
-0.0056102
0.265508
0.
-0.0044097
-0.00725949
0.274838
0.
0.0242647
0.0351193
0.376336
0.
0.00570835
-0.00975232
0.265858
0.
0.0169938
-0.00230851
0.290302
0.
-0.00399838
0.0358758
0.270035
0.0243688
0.
0.0334214
0.383956
0.0172278
0.
-0.00324541
0.25231
0.0168065
0.
-0.0110943
0.251506
0.00789533
0.
0.0333033
0.382329
0.0166514
0.
-0.00363778
0.260731
0.0185331
0.
-0.00717816
0.252187
0.026603
-0.0539991
-0.000365563
0.248909
-0.0239195
0.0216664
-0.00458707
0.372052
-0.0209391
-0.0946844
-0.00305025
0.434955
-0.170974
-0.173213
0.0888816
0.363048
0.161795
-0.180275
0.0543935
0.333438
-0.0572346
0.0228927
0.0143451
0.370024
0.135433
0.120666
0.0636015
0.297361
-0.0159833
-0.0311082
-0.00749788
0.412211
0.00214604
-0.058581
-0.000288808
0.253929
0.0186271
0.0333234
0.0146156
0.404246
0.0222694
0.0665005
-0.000319044
0.330896
-0.139224
0.154722
0.0693762
0.425672
-0.0112582
-0.000383784
0.00739341
0.311794
0.0560758
0.0884708
-0.0804784
0.358974
0.0487287
0.155183
0.0556997
