Vec Object: 1 MPI process
  type: seq
0.
0.
0.
-0.112798
0.
0.
0.
0.0397753
0.161799
-0.167231
0.
-0.0791126
0.171841
-0.177893
0.
-0.0722921
0.18999
0.203549
0.
-0.0598226
0.175997
0.166479
0.
-0.077278
0.387313
0.00994328
0.
0.00462815
0.375153
0.00948011
0.
0.00571054
0.389738
-0.0199937
0.
0.00693528
0.395611
-0.018981
0.
0.0111808
0.
0.
0.
-0.0350799
0.
0.
0.
-0.0871396
0.309429
-0.0560927
0.
-0.0172506
0.320485
0.0879918
0.
0.00357648
0.314441
-0.0510976
0.
-0.00824708
0.32349
0.115305
0.
0.0207178
0.340414
0.0703566
0.
0.00264762
0.323245
-0.104489
0.
0.0158874
0.310435
0.0417515
0.
-0.0212908
0.320541
-0.062957
0.
-0.00192795
0.
0.
0.
-0.135219
0.
0.
0.
-0.0167901
0.
0.
0.
0.00686283
0.
0.
0.
0.102569
0.
0.
0.
-0.0714445
0.
0.
0.
-0.153143
0.
0.
0.
-0.188882
0.
0.
0.
0.0543302
0.
0.
0.
0.00542494
0.
0.
0.
-0.00949117
0.
0.
0.
-0.160655
0.
0.
0.
0.0292844
0.
0.
0.
-0.0679751
0.
0.
0.
-0.00595878
0.
0.
0.
0.173917
0.
0.
0.
0.061531
0.
0.
0.
0.0131583
0.
0.
0.
0.00514284
1.
0.
0.
0.0461996
0.398973
-0.00841005
-0.000638143
-0.00369519
0.377886
0.
-0.0031778
-0.00322065
0.271998
0.
-0.00191728
-0.0160459
0.31158
0.
0.0174514
0.0534023
0.378678
0.
0.00418726
-0.010117
0.274407
0.
0.0125924
-0.0170638
0.321442
0.
-0.0065908
0.0668018
0.315585
0.0176469
0.
0.0677519
0.380106
0.0192025
0.
-0.000927673
0.258926
0.0224011
0.
-0.0204919
0.293754
0.000340589
0.
0.0615369
0.3832
0.0139463
0.
-0.0027194
0.266662
0.0157288
0.
-0.0214961
0.246733
0.0197279
-0.0536308
-0.0121467
0.248528
-0.0244188
0.0234555
-0.0273077
0.362328
-0.0262899
-0.0604485
0.0119253
0.424669
-0.130207
-0.142961
0.134556
0.356196
0.123366
-0.146256
0.0927674
0.336536
-0.01229
0.0278045
0.0368691
0.35716
0.114049
0.0910156
0.107738
0.270339
-0.0144667
-0.0289595
-0.00835682
0.396788
0.00165449
-0.0428112
0.0140816
0.257943
0.0206797
0.0310031
-0.00735413
0.362419
0.00171253
0.0393623
0.0159551
0.312926
-0.10734
0.13275
0.102247
0.392186
-0.00720847
-0.0084189
0.0284998
0.312791
-0.0115167
0.0633513
-0.0669789
0.340793
0.0339927
0.137061
0.0969581
