Vec Object: 1 MPI process
  type: seq
0.
0.
0.
-0.0744737
0.
0.
0.
0.0201752
0.170941
-0.168412
0.
-0.0447785
0.176674
-0.180545
0.
-0.0484907
0.190278
0.208147
0.
-0.0404959
0.183742
0.163583
0.
-0.0347515
0.390172
0.00844008
0.
-0.00119301
0.377305
0.00662038
0.
0.00999211
0.393448
-0.0222955
0.
0.00914127
0.399893
-0.0159174
0.
0.00226803
0.
0.
0.
-0.0172156
0.
0.
0.
-0.0540419
0.327986
-0.0583897
0.
-0.0108566
0.315522
0.090461
0.
0.00274766
0.333331
-0.049731
0.
-0.0154933
0.320835
0.108071
0.
0.0144135
0.360423
0.0763072
0.
-0.0053784
0.321466
-0.100895
0.
0.0112794
0.326191
0.034948
0.
-0.00850458
0.320885
-0.0615255
0.
-0.00373168
0.
0.
0.
-0.0981529
0.
0.
0.
0.029256
0.
0.
0.
-0.0109293
0.
0.
0.
0.154805
0.
0.
0.
-0.0388201
0.
0.
0.
-0.131195
0.
0.
0.
-0.232603
0.
0.
0.
-0.0177363
0.
0.
0.
-0.0713701
0.
0.
0.
-0.0373182
0.
0.
0.
-0.132491
0.
0.
0.
0.0405314
0.
0.
0.
-0.0926268
0.
0.
0.
0.0167209
0.
0.
0.
0.0483091
0.
0.
0.
-0.0465912
0.
0.
0.
-0.00982513
0.
0.
0.
0.0101099
1.
0.
0.
0.0299297
0.388277
-0.00760544
0.000467978
-0.000447049
0.383799
0.
-0.00493299
-0.00595433
0.264214
0.
-0.00507199
-0.00568104
0.265421
0.
0.0259088
0.0313947
0.375175
0.
0.00588483
-0.00931704
0.263548
0.
0.0180969
0.00040672
0.282138
0.
-0.00300718
0.0298887
0.258198
0.0256676
0.
0.0274896
0.385046
0.0168534
0.
-0.00356996
0.251377
0.0148051
0.
-0.0096162
0.239841
0.0104004
0.
0.0286216
0.38163
0.0170122
0.
-0.00366937
0.259505
0.0185512
0.
-0.00476754
0.253493
0.027995
-0.0524675
0.000533028
0.248688
-0.022037
0.0201511
-0.00123156
0.371769
-0.0202463
-0.102639
-0.005721
0.439505
-0.178545
-0.180359
0.0802269
0.36867
0.169199
-0.187722
0.0480049
0.325705
-0.065272
0.0210084
0.0106735
0.373851
0.138283
0.12695
0.0563087
0.303876
-0.0158185
-0.0316177
-0.00814323
0.412032
0.00216971
-0.0602122
-0.00290199
0.251855
0.0156042
0.033555
0.017876
0.414473
0.0273353
0.0739907
-0.00274431
0.338134
-0.1455
0.159056
0.0637311
0.431119
-0.0113128
0.00129531
0.00439253
0.304789
0.0705189
0.0913658
-0.0779519
0.365699
0.0508473
0.157118
0.0494008
