Vec Object: 1 MPI process
  type: seq
0.
0.
0.
-0.103686
0.
0.
0.
0.0286276
0.164138
-0.167181
0.
-0.0698951
0.172922
-0.178274
0.
-0.0663789
0.189505
0.204637
0.
-0.0555997
0.178176
0.165461
0.
-0.0659995
0.388033
0.00927401
0.
0.00270522
0.375374
0.00903616
0.
0.00676745
0.390225
-0.0205382
0.
0.00796585
0.396688
-0.0179838
0.
0.00848574
0.
0.
0.
-0.0290929
0.
0.
0.
-0.0749352
0.313709
-0.0566707
0.
-0.0159377
0.319525
0.0886308
0.
0.00373521
0.318614
-0.051226
0.
-0.0108245
0.322797
0.113956
0.
0.0196738
0.34492
0.0721827
0.
-0.000385313
0.322739
-0.103945
0.
0.015326
0.314324
0.040079
0.
-0.0178936
0.320231
-0.0628671
0.
-0.00181383
0.
0.
0.
-0.131197
0.
0.
0.
-0.00247522
0.
0.
0.
-0.00475126
0.
0.
0.
0.120935
0.
0.
0.
-0.059168
0.
0.
0.
-0.15395
0.
0.
0.
-0.209479
0.
0.
0.
0.0284064
0.
0.
0.
-0.0226592
0.
0.
0.
-0.0241691
0.
0.
0.
-0.165227
0.
0.
0.
0.0293169
0.
0.
0.
-0.0835081
0.
0.
0.
-0.00094979
0.
0.
0.
0.13714
0.
0.
0.
0.0260787
0.
0.
0.
-0.00181825
0.
0.
0.
0.00813427
1.
0.
0.
0.0431357
0.397091
-0.00832217
-0.000434483
-0.00327775
0.379117
0.
-0.00364911
-0.00392174
0.270003
0.
-0.00261441
-0.0130859
0.301122
0.
0.0193901
0.0475388
0.378246
0.
0.00473478
-0.0100838
0.272097
0.
0.0138581
-0.0123272
0.312773
0.
-0.00598979
0.0570439
0.302835
0.0197107
0.
0.0563743
0.381071
0.0185933
0.
-0.00161051
0.256736
0.0211029
0.
-0.0172563
0.282197
0.00212385
0.
0.0518518
0.383144
0.014896
0.
-0.00295942
0.264827
0.0168804
0.
-0.0166597
0.248179
0.022018
-0.0548439
-0.00744483
0.248678
-0.025229
0.0236602
-0.0194872
0.366807
-0.0244046
-0.0701817
0.00694097
0.426172
-0.143127
-0.15188
0.119849
0.355851
0.135438
-0.15643
0.0798396
0.340319
-0.0257284
0.0271174
0.0292168
0.360339
0.121792
0.0996782
0.0927009
0.278035
-0.015505
-0.0296676
-0.00750286
0.403977
0.00187075
-0.048407
0.00926311
0.257357
0.0216474
0.0320433
6.54244e-05
0.37456
0.007368
0.0464419
0.010082
0.316359
-0.117336
0.139735
0.091054
0.403337
-0.00884704
-0.00619509
0.0208277
0.317688
0.00696107
0.0718829
-0.0761401
0.34476
0.0389167
0.143793
0.0823811
