Vec Object: 1 MPI process
  type: seq
0.
0.
0.
-0.0977876
0.
0.
0.
0.024239
0.165428
-0.167228
0.
-0.0648505
0.173519
-0.178559
0.
-0.0631163
0.189357
0.205261
0.
-0.0530286
0.179357
0.164934
0.
-0.0596973
0.388427
0.00896596
0.
0.00178139
0.375537
0.00875542
0.
0.00749004
0.390588
-0.0208544
0.
0.00849807
0.397283
-0.0174771
0.
0.00712059
0.
0.
0.
-0.0259019
0.
0.
0.
-0.0688403
0.316202
-0.0569599
0.
-0.0150084
0.318923
0.088955
0.
0.00364719
0.321094
-0.0511811
0.
-0.0121044
0.322401
0.113052
0.
0.0188476
0.347582
0.0731313
0.
-0.00184607
0.322462
-0.103522
0.
0.0147665
0.316522
0.0390981
0.
-0.0159161
0.320127
-0.0627347
0.
-0.00199483
0.
0.
0.
-0.126897
0.
0.
0.
0.00531284
0.
0.
0.
-0.00912394
0.
0.
0.
0.130758
0.
0.
0.
-0.0528806
0.
0.
0.
-0.152165
0.
0.
0.
-0.218274
0.
0.
0.
0.0159643
0.
0.
0.
-0.0360891
0.
0.
0.
-0.0301719
0.
0.
0.
-0.164127
0.
0.
0.
0.0304588
0.
0.
0.
-0.0895366
0.
0.
0.
0.00227
0.
0.
0.
0.117693
0.
0.
0.
0.00825568
0.
0.
0.
-0.00745218
0.
0.
0.
0.00951897
1.
0.
0.
0.0411078
0.395841
-0.00825443
-0.000308118
-0.00284795
0.379895
0.
-0.00391177
-0.00436382
0.268866
0.
-0.0030299
-0.0115377
0.294987
0.
0.02054
0.0443519
0.377933
0.
0.0050192
-0.0100742
0.270686
0.
0.0145991
-0.00973322
0.307596
0.
-0.0055975
0.0516178
0.295254
0.0208897
0.
0.0502346
0.381703
0.0182425
0.
-0.00204069
0.255527
0.0202405
0.
-0.0155705
0.275252
0.00330854
0.
0.0467747
0.383067
0.0153952
0.
-0.00314427
0.263793
0.0174485
0.
-0.0141051
0.249086
0.0232323
-0.0551506
-0.00514854
0.24877
-0.0253939
0.0235173
-0.0153431
0.368823
-0.0234071
-0.076005
0.0042954
0.427612
-0.150329
-0.157012
0.111791
0.356444
0.142192
-0.162281
0.0729403
0.34084
-0.0336852
0.0264031
0.0251887
0.362409
0.125744
0.104789
0.0847636
0.282591
-0.0158573
-0.0300365
-0.0071972
0.407159
0.00196677
-0.0513886
0.00673461
0.256825
0.0216662
0.0324933
0.00408197
0.381611
0.0108157
0.0508873
0.00714155
0.318988
-0.122919
0.14358
0.0851709
0.40937
-0.00966182
-0.00480627
0.0169641
0.318558
0.0185569
0.0765737
-0.0792662
0.347512
0.0415954
0.147205
0.0748817
