Vec Object: 1 MPI process
  type: seq
0.
0.
0.
-0.114136
0.
0.
0.
0.144103
0.150019
-0.16848
0.
-0.123123
0.16501
-0.177727
0.
-0.103101
0.195195
0.197788
0.
-0.0699464
0.165148
0.17164
0.
-0.127906
0.381881
0.0158059
0.
0.0259762
0.372606
0.0132761
0.
0.0137718
0.386907
-0.0192737
0.
0.0127872
0.38869
-0.0258529
0.
0.0347596
0.
0.
0.
-0.0578286
0.
0.
0.
-0.1488
0.290792
-0.0511923
0.
-0.0169869
0.323932
0.0817988
0.
-0.0102361
0.297064
-0.0478238
0.
0.00576463
0.326546
0.115163
0.
0.00928233
0.321605
0.060589
0.
0.0185568
0.325632
-0.101263
0.
0.00240413
0.291992
0.0470932
0.
-0.0312473
0.322659
-0.059771
0.
-0.0185145
0.
0.
0.
-0.0846405
0.
0.
0.
-0.0699526
0.
0.
0.
0.120669
0.
0.
0.
0.0363374
0.
0.
0.
-0.123598
0.
0.
0.
-0.0779863
0.
0.
0.
-0.0164926
0.
0.
0.
0.230241
0.
0.
0.
0.19554
0.
0.
0.
0.119023
0.
0.
0.
-0.0374385
0.
0.
0.
0.0676244
0.
0.
0.
0.0748499
0.
0.
0.
-0.0106833
0.
0.
0.
0.375377
0.
0.
0.
0.278323
0.
0.
0.
0.157869
0.
0.
0.
-0.00788622
1.
0.
0.
0.0554395
0.403228
-0.0086044
-0.0014308
0.0106893
0.375545
0.
-0.00109764
-0.00447665
0.280027
0.
0.000703728
-0.0404293
0.356953
0.
0.00984261
0.0859075
0.381693
0.
0.00141149
-0.0126634
0.282327
0.
0.00748357
-0.047593
0.355985
0.
-0.00832234
0.115273
0.367733
0.00886102
0.
0.125587
0.379229
0.0209826
0.
-0.0023247
0.268256
0.0253575
0.
-0.0462112
0.340202
-0.00383008
0.
0.118479
0.385326
0.00916864
0.
-0.00461017
0.274397
0.00975207
0.
-0.0544806
0.24116
0.0075794
-0.0408548
-0.0403853
0.247454
-0.0163735
0.0175495
-0.0720612
0.330889
-0.0344678
-0.0260484
0.0408144
0.43154
-0.0708144
-0.102462
0.208799
0.372172
0.0678889
-0.102009
0.160796
0.288302
0.0308944
0.023046
0.0821798
0.349049
0.0698113
0.0583142
0.192438
0.23878
-0.00423238
-0.0245112
-0.0126232
0.345033
3.0828e-05
-0.0183479
0.0446436
0.256141
0.00650166
0.0228907
-0.0438487
0.309029
-0.0174547
0.0175118
0.0558547
0.311054
-0.060525
0.0975974
0.166883
0.337286
0.00114525
-0.0131538
0.0756354
0.249946
-0.0571828
0.0288571
0.0348039
0.332091
0.0106245
0.0986872
0.184635
