Vec Object: 1 MPI process
  type: seq
0.
0.
0.
-0.121012
0.
0.
0.
0.0624106
0.158384
-0.167519
0.
-0.0925213
0.170145
-0.177609
0.
-0.0810864
0.191045
0.202029
0.
-0.0649419
0.172814
0.168008
0.
-0.0930703
0.386183
0.0111428
0.
0.00819711
0.374815
0.0101528
0.
0.00519316
0.389212
-0.0193234
0.
0.0058432
0.393987
-0.0205845
0.
0.0157396
0.
0.
0.
-0.0432059
0.
0.
0.
-0.105675
0.30368
-0.0550223
0.
-0.0180553
0.321652
0.0868404
0.
0.00229715
0.308972
-0.0505109
0.
-0.00405018
0.324429
0.116541
0.
0.020804
0.334481
0.0675503
0.
0.00763916
0.323959
-0.104694
0.
0.0153123
0.304993
0.0438265
0.
-0.0253588
0.321125
-0.0627185
0.
-0.00346863
0.
0.
0.
-0.132172
0.
0.
0.
-0.036063
0.
0.
0.
0.0311476
0.
0.
0.
0.0778034
0.
0.
0.
-0.089054
0.
0.
0.
-0.142884
0.
0.
0.
-0.149796
0.
0.
0.
0.0981663
0.
0.
0.
0.0529629
0.
0.
0.
0.0192563
0.
0.
0.
-0.140529
0.
0.
0.
0.0341026
0.
0.
0.
-0.0365186
0.
0.
0.
-0.010805
0.
0.
0.
0.229505
0.
0.
0.
0.118337
0.
0.
0.
0.04432
0.
0.
0.
0.000692046
1.
0.
0.
0.0494001
0.401001
-0.00849842
-0.000899695
-0.00309015
0.37653
0.
-0.00252585
-0.00263101
0.274671
0.
-0.00102516
-0.0208898
0.325586
0.
0.0149421
0.0621333
0.379217
0.
0.00336542
-0.0103922
0.277261
0.
0.0109217
-0.0241518
0.332668
0.
-0.00728424
0.0806859
0.332245
0.0148656
0.
0.0844197
0.379135
0.0199705
0.
-0.000362667
0.261946
0.0238015
0.
-0.0257404
0.308708
-0.00156782
0.
0.0764618
0.383303
0.0125339
0.
-0.00272985
0.269174
0.0139507
0.
-0.0290534
0.244978
0.0162808
-0.0508014
-0.0195861
0.248337
-0.0225248
0.0223822
-0.0390086
0.354486
-0.0289983
-0.0482418
0.019681
0.424562
-0.112136
-0.130748
0.155812
0.358976
0.106517
-0.132498
0.111994
0.326403
0.00427886
0.0276098
0.0487928
0.353681
0.101957
0.0799003
0.130627
0.260286
-0.0122026
-0.0278333
-0.00973646
0.383986
0.00125842
-0.0348783
0.0217767
0.258138
0.0177679
0.0290683
-0.017878
0.346025
-0.00522703
0.0310345
0.0258025
0.310278
-0.093299
0.12265
0.119465
0.376026
-0.00470141
-0.0108723
0.0409272
0.299864
-0.0321799
0.0517379
-0.0463456
0.336783
0.0269487
0.12654
0.119889
