Vec Object: 1 MPI process
  type: seq
0.
0.
0.
-0.122869
0.
0.
0.
0.0835712
0.155818
-0.167832
0.
-0.102421
0.168723
-0.177566
0.
-0.0878777
0.192042
0.200889
0.
-0.0678997
0.170448
0.169153
0.
-0.104366
0.385194
0.0122345
0.
0.0117662
0.374429
0.010795
0.
0.00592921
0.388792
-0.0189843
0.
0.00588796
0.392657
-0.0219199
0.
0.0198927
0.
0.
0.
-0.0483646
0.
0.
0.
-0.119179
0.299658
-0.0540043
0.
-0.0178291
0.322402
0.0857199
0.
0.000229827
0.305217
-0.0498175
0.
-0.00067997
0.325083
0.116852
0.
0.0194216
0.330406
0.0653922
0.
0.0115413
0.324469
-0.104325
0.
0.0134755
0.30105
0.0450591
0.
-0.0275647
0.321594
-0.062223
0.
-0.00600492
0.
0.
0.
-0.123417
0.
0.
0.
-0.0483857
0.
0.
0.
0.0541584
0.
0.
0.
0.062179
0.
0.
0.
-0.100943
0.
0.
0.
-0.128791
0.
0.
0.
-0.11463
0.
0.
0.
0.134747
0.
0.
0.
0.0925767
0.
0.
0.
0.0454978
0.
0.
0.
-0.11663
0.
0.
0.
0.0412695
0.
0.
0.
-0.0074014
0.
0.
0.
-0.012409
0.
0.
0.
0.272189
0.
0.
0.
0.163876
0.
0.
0.
0.0736297
0.
0.
0.
-0.00220864
1.
0.
0.
0.0510764
0.402073
-0.00854974
-0.00107795
-0.00129979
0.375857
0.
-0.00207016
-0.00264766
0.27647
0.
-0.000440749
-0.0252249
0.33541
0.
0.0132643
0.0688882
0.379699
0.
0.00275577
-0.0108628
0.279057
0.
0.00978971
-0.0298998
0.340249
0.
-0.00769479
0.0909243
0.343622
0.0129454
0.
0.096821
0.378759
0.0204226
0.
-0.000403598
0.264022
0.0245395
0.
-0.0303684
0.318857
-0.00257415
0.
0.0882403
0.383547
0.0114885
0.
-0.00306445
0.270903
0.0126285
0.
-0.0353263
0.243818
0.013665
-0.048144
-0.0253154
0.248168
-0.0208081
0.0211743
-0.0480079
0.347915
-0.0308856
-0.0404798
0.0259232
0.42574
-0.0992441
-0.122042
0.171563
0.362225
0.0944907
-0.122894
0.1265
0.316445
0.0143284
0.0267431
0.0583694
0.351794
0.0925352
0.0726204
0.148413
0.253437
-0.0100711
-0.0269164
-0.0105647
0.373158
0.000914563
-0.0293816
0.0281726
0.257881
0.0148194
0.0273774
-0.0253994
0.334497
-0.0095686
0.0260463
0.0341885
0.309627
-0.0831871
0.115142
0.132998
0.364176
-0.00285246
-0.0121057
0.0510135
0.287003
-0.0432406
0.0439556
-0.0259651
0.33476
0.0218619
0.118362
0.13818
