Vec Object: 1 MPI process
  type: seq
0.
0.
0.
-0.108946
0.
0.
0.
0.0342032
0.162867
-0.167189
0.
-0.0749024
0.172338
-0.178046
0.
-0.0695891
0.189739
0.204039
0.
-0.057967
0.176994
0.166008
0.
-0.072169
0.387644
0.00962172
0.
0.00370758
0.375248
0.00928276
0.
0.00613919
0.389939
-0.0202363
0.
0.00740166
0.396104
-0.0185149
0.
0.00991433
0.
0.
0.
-0.0323503
0.
0.
0.
-0.0814459
0.311344
-0.0563684
0.
-0.0167208
0.320066
0.0882943
0.
0.00370797
0.316296
-0.0511871
0.
-0.00945866
0.323178
0.114737
0.
0.0203247
0.34242
0.0712035
0.
0.00121128
0.323015
-0.104278
0.
0.0157128
0.312193
0.0410094
0.
-0.0197856
0.320385
-0.0629405
0.
-0.0017957
0.
0.
0.
-0.134006
0.
0.
0.
-0.0102947
0.
0.
0.
0.0010029
0.
0.
0.
0.110927
0.
0.
0.
-0.0657769
0.
0.
0.
-0.154162
0.
0.
0.
-0.198979
0.
0.
0.
0.0420151
0.
0.
0.
-0.00792587
0.
0.
0.
-0.016758
0.
0.
0.
-0.163756
0.
0.
0.
0.0289614
0.
0.
0.
-0.0757506
0.
0.
0.
-0.00382568
0.
0.
0.
0.156947
0.
0.
0.
0.0449204
0.
0.
0.
0.00560444
0.
0.
0.
0.00655334
1.
0.
0.
0.0448974
0.398171
-0.00837416
-0.000548505
-0.0035723
0.378418
0.
-0.00339119
-0.00351847
0.271101
0.
-0.00222638
-0.0146682
0.306908
0.
0.0183125
0.050715
0.378496
0.
0.00444056
-0.0100933
0.273391
0.
0.0131573
-0.0148976
0.317596
0.
-0.00633182
0.0623708
0.309919
0.018574
0.
0.0625385
0.380517
0.0189307
0.
-0.00121762
0.257933
0.0218476
0.
-0.0189864
0.288634
0.00109992
0.
0.0570524
0.383181
0.0143843
0.
-0.00280894
0.265833
0.0162678
0.
-0.0192583
0.247363
0.0207842
-0.0542763
-0.00993513
0.248593
-0.0248558
0.0236148
-0.0237059
0.364486
-0.0254243
-0.0647508
0.00962073
0.42519
-0.136062
-0.14697
0.127846
0.355841
0.128832
-0.150823
0.0868221
0.338661
-0.0182316
0.0275842
0.0333251
0.358522
0.117657
0.0948635
0.100793
0.273761
-0.0150004
-0.0292892
-0.0079348
0.400267
0.00175953
-0.0453724
0.011843
0.257729
0.0212512
0.0315113
-0.00396806
0.367858
0.00419721
0.0424408
0.0131883
0.314299
-0.111871
0.135934
0.0970673
0.397287
-0.00797368
-0.00745628
0.0249017
0.315506
-0.00352104
0.0672163
-0.0717008
0.342456
0.0362396
0.140202
0.09017
