Vec Object: 1 MPI process
  type: seq
0.
0.
0.
-0.074653
0.
0.
0.
0.0201023
0.170874
-0.168385
0.
-0.044993
0.176625
-0.180512
0.
-0.0486769
0.190247
0.20811
0.
-0.0406554
0.183699
0.163584
0.
-0.0350041
0.390151
0.00843549
0.
-0.00116762
0.377268
0.00666011
0.
0.0099813
0.393397
-0.0222765
0.
0.00915687
0.399861
-0.0159279
0.
0.00231583
0.
0.
0.
-0.0172468
0.
0.
0.
-0.0540829
0.327832
-0.0583675
0.
-0.010896
0.315573
0.0904385
0.
0.00275672
0.333168
-0.0497629
0.
-0.0154809
0.320849
0.108141
0.
0.0144685
0.360255
0.0762801
0.
-0.00536814
0.321474
-0.100933
0.
0.0113259
0.326072
0.0349937
0.
-0.00856914
0.320858
-0.0615464
0.
-0.00370824
0.
0.
0.
-0.0985181
0.
0.
0.
0.0291173
0.
0.
0.
-0.0110447
0.
0.
0.
0.154813
0.
0.
0.
-0.0388084
0.
0.
0.
-0.131508
0.
0.
0.
-0.232652
0.
0.
0.
-0.0175359
0.
0.
0.
-0.0711825
0.
0.
0.
-0.0373952
0.
0.
0.
-0.133055
0.
0.
0.
0.0404102
0.
0.
0.
-0.0927894
0.
0.
0.
0.0165661
0.
0.
0.
0.0489526
0.
0.
0.
-0.0461848
0.
0.
0.
-0.00996747
0.
0.
0.
0.0101681
1.
0.
0.
0.0300815
0.388392
-0.00761853
0.000455229
-0.000473931
0.383749
0.
-0.00492266
-0.00594403
0.264263
0.
-0.00504426
-0.00574039
0.265808
0.
0.0258431
0.0315411
0.375229
0.
0.00587945
-0.00933945
0.263643
0.
0.0180514
0.000306701
0.282474
0.
-0.00305199
0.0301155
0.258684
0.0256193
0.
0.0277091
0.385001
0.0168675
0.
-0.00356051
0.251406
0.0148935
0.
-0.00966867
0.240329
0.0102928
0.
0.0287955
0.381664
0.0170002
0.
-0.00367158
0.259553
0.0185569
0.
-0.00485559
0.253444
0.0279376
-0.0525401
0.000509459
0.248703
-0.0221299
0.0202203
-0.00134822
0.371802
-0.0202694
-0.102326
-0.00562195
0.439307
-0.178264
-0.180071
0.0805564
0.368408
0.16892
-0.187431
0.0482395
0.326065
-0.0649935
0.0210846
0.0108047
0.373692
0.138185
0.126713
0.0565774
0.303616
-0.0158237
-0.0315957
-0.00811454
0.412066
0.00216946
-0.0601685
-0.00280392
0.251951
0.0157468
0.033545
0.0177635
0.414058
0.0271347
0.0736842
-0.00265787
0.337817
-0.145261
0.15889
0.0639434
0.430924
-0.0113201
0.00123423
0.00449978
0.305108
0.0699929
0.0912855
-0.0780771
0.365405
0.0507792
0.15706
0.04963
