Vec Object: 1 MPI process
  type: seq
0.
0.
0.
-0.0773711
0.
0.
0.
0.0193569
0.169994
-0.168064
0.
-0.0479031
0.176012
-0.180098
0.
-0.0511068
0.189891
0.20763
0.
-0.0427509
0.183109
0.163645
0.
-0.0384885
0.38987
0.0084057
0.
-0.000806428
0.376819
0.00714457
0.
0.00977568
0.392775
-0.0220332
0.
0.00930121
0.399443
-0.0160883
0.
0.00297175
0.
0.
0.
-0.0178482
0.
0.
0.
-0.0549412
0.32584
-0.0580903
0.
-0.0114564
0.316218
0.0901571
0.
0.00289096
0.331048
-0.0501472
0.
-0.0152429
0.321058
0.109043
0.
0.0151978
0.358069
0.0758953
0.
-0.00515515
0.321598
-0.101425
0.
0.0119374
0.324515
0.0356103
0.
-0.00949624
0.320557
-0.0618067
0.
-0.00339579
0.
0.
0.
-0.103434
0.
0.
0.
0.0268838
0.
0.
0.
-0.0123329
0.
0.
0.
0.15408
0.
0.
0.
-0.0391185
0.
0.
0.
-0.135625
0.
0.
0.
-0.232827
0.
0.
0.
-0.0144312
0.
0.
0.
-0.0681675
0.
0.
0.
-0.0381018
0.
0.
0.
-0.140254
0.
0.
0.
0.0387173
0.
0.
0.
-0.0945572
0.
0.
0.
0.014445
0.
0.
0.
0.0579557
0.
0.
0.
-0.0402022
0.
0.
0.
-0.011567
0.
0.
0.
0.0107864
1.
0.
0.
0.032061
0.389856
-0.00777619
0.000296749
-0.00084338
0.383093
0.
-0.0047808
-0.00577941
0.264934
0.
-0.00468782
-0.00655618
0.270845
0.
0.0249729
0.0334978
0.375882
0.
0.00579487
-0.00959505
0.26488
0.
0.0174615
-0.00108747
0.286845
0.
-0.0036021
0.0332189
0.265014
0.0249504
0.
0.0307543
0.384417
0.0170608
0.
-0.00340647
0.251862
0.0159944
0.
-0.0104165
0.24661
0.00892906
0.
0.0312007
0.382064
0.0168224
0.
-0.00367219
0.260195
0.018581
0.
-0.00608812
0.252766
0.0271955
-0.0534133
0.000103301
0.248852
-0.0232174
0.021068
-0.00303154
0.372069
-0.020611
-0.0981434
-0.00424779
0.436813
-0.174368
-0.176281
0.0850484
0.365238
0.165089
-0.183523
0.051509
0.33044
-0.0609512
0.0220906
0.0126685
0.371634
0.136763
0.123455
0.0603136
0.30017
-0.0159089
-0.0313186
-0.00775235
0.412307
0.00216049
-0.0594173
-0.00145317
0.253113
0.017462
0.0334215
0.0161323
0.408614
0.0244603
0.0696811
-0.00142919
0.333841
-0.142002
0.156633
0.0668574
0.428161
-0.0113397
0.000374333
0.00601812
0.309035
0.0625909
0.0899358
-0.0795572
0.361715
0.0497407
0.156142
0.0528394
