Vec Object: 1 MPI process
  type: seq
0.
0.
0.
-0.105388
0.
0.
0.
0.0302295
0.163744
-0.167178
0.
-0.0714472
0.172741
-0.178198
0.
-0.0673751
0.18957
0.20445
0.
-0.0563526
0.177811
0.165629
0.
-0.0679221
0.387912
0.00937759
0.
0.00300614
0.375332
0.00911498
0.
0.00656109
0.39013
-0.0204433
0.
0.00779248
0.396507
-0.0181456
0.
0.00892024
0.
0.
0.
-0.0300985
0.
0.
0.
-0.0769136
0.312965
-0.0565793
0.
-0.0161968
0.319698
0.0885286
0.
0.00374028
0.317881
-0.0512223
0.
-0.0104104
0.322916
0.11421
0.
0.0198951
0.344131
0.0718828
0.
9.5281e-05
0.322825
-0.104058
0.
0.0154651
0.313659
0.0403725
0.
-0.0184897
0.320274
-0.0628961
0.
-0.00178953
0.
0.
0.
-0.132225
0.
0.
0.
-0.0049
0.
0.
0.
-0.00311393
0.
0.
0.
0.117842
0.
0.
0.
-0.0611896
0.
0.
0.
-0.154182
0.
0.
0.
-0.206407
0.
0.
0.
0.0324972
0.
0.
0.
-0.0182337
0.
0.
0.
-0.0220211
0.
0.
0.
-0.165037
0.
0.
0.
0.0291219
0.
0.
0.
-0.081285
0.
0.
0.
-0.00187808
0.
0.
0.
0.143231
0.
0.
0.
0.0318047
0.
0.
0.
0.000293721
0.
0.
0.
0.00766084
1.
0.
0.
0.0437076
0.397441
-0.00833962
-0.000470852
-0.00338459
0.378892
0.
-0.00356877
-0.00379201
0.270347
0.
-0.00249165
-0.0135708
0.302945
0.
0.0190496
0.0485215
0.378328
0.
0.00464462
-0.0100857
0.272509
0.
0.0136373
-0.0131241
0.314299
0.
-0.00610027
0.0587017
0.305075
0.0193546
0.
0.0582792
0.380892
0.0186993
0.
-0.00148414
0.257108
0.0213447
0.
-0.0177863
0.284236
0.00179137
0.
0.0534476
0.383158
0.0147387
0.
-0.00290843
0.265141
0.0166947
0.
-0.0174583
0.247918
0.0216384
-0.0546937
-0.0081973
0.24865
-0.0251329
0.0236645
-0.0207856
0.366119
-0.0247185
-0.0684613
0.0077653
0.425822
-0.140927
-0.15034
0.122329
0.355792
0.133379
-0.154671
0.0819918
0.339917
-0.0233577
0.027287
0.0304784
0.359751
0.120531
0.098158
0.0951882
0.276685
-0.0153645
-0.0295518
-0.00762568
0.402881
0.00183792
-0.0474709
0.0100544
0.257487
0.0215611
0.0318872
-0.00118281
0.372453
0.00635913
0.0451599
0.0110242
0.315666
-0.115633
0.138555
0.0929001
0.401466
-0.00858185
-0.00659913
0.0220658
0.317143
0.00359968
0.0704325
-0.074904
0.344005
0.0380874
0.142699
0.0847605
