Vec Object: 1 MPI process
  type: seq
0.
0.
0.
-0.121316
0.
0.
0.
0.0640993
0.158164
-0.167543
0.
-0.0933806
0.170028
-0.1776
0.
-0.0816644
0.191124
0.201932
0.
-0.0652283
0.17261
0.168106
0.
-0.0940604
0.386104
0.0112296
0.
0.0084683
0.374788
0.0102019
0.
0.00521364
0.389179
-0.0192875
0.
0.00580916
0.393877
-0.0206942
0.
0.016067
0.
0.
0.
-0.043684
0.
0.
0.
-0.106858
0.303326
-0.054942
0.
-0.0180609
0.32172
0.0867539
0.
0.0021613
0.308639
-0.050459
0.
-0.00376527
0.324487
0.11659
0.
0.0207388
0.33412
0.0673657
0.
0.00797427
0.324003
-0.104681
0.
0.0152067
0.30465
0.0439434
0.
-0.025577
0.321165
-0.0626871
0.
-0.00363545
0.
0.
0.
-0.131628
0.
0.
0.
-0.0372009
0.
0.
0.
0.0329765
0.
0.
0.
0.0763504
0.
0.
0.
-0.0901296
0.
0.
0.
-0.141877
0.
0.
0.
-0.146954
0.
0.
0.
0.101198
0.
0.
0.
0.0562482
0.
0.
0.
0.0213678
0.
0.
0.
-0.138748
0.
0.
0.
0.0346045
0.
0.
0.
-0.0341848
0.
0.
0.
-0.0110104
0.
0.
0.
0.233145
0.
0.
0.
0.122163
0.
0.
0.
0.0466566
0.
0.
0.
0.000424096
1.
0.
0.
0.0495635
0.401107
-0.00850325
-0.000915568
-0.00298799
0.37646
0.
-0.00248555
-0.00261564
0.274833
0.
-0.000972253
-0.0212334
0.32645
0.
0.0147916
0.0627059
0.379254
0.
0.00331252
-0.0104232
0.277426
0.
0.0108205
-0.0246258
0.333344
0.
-0.00732297
0.0815697
0.333256
0.0146953
0.
0.0854903
0.37909
0.0200138
0.
-0.000349088
0.262131
0.0238748
0.
-0.0261095
0.309611
-0.0016673
0.
0.077454
0.383317
0.0124432
0.
-0.0027476
0.269329
0.0138358
0.
-0.0295678
0.244875
0.0160563
-0.0505878
-0.0200752
0.248324
-0.0223846
0.0222896
-0.0397723
0.353941
-0.0291665
-0.0475304
0.0202037
0.424625
-0.111006
-0.129987
0.157171
0.359222
0.105463
-0.13165
0.113239
0.325612
0.00522055
0.0275568
0.0495948
0.353497
0.101156
0.0792413
0.132135
0.259677
-0.012032
-0.0277569
-0.0098168
0.38309
0.0012302
-0.0343883
0.0223049
0.258128
0.0175357
0.0289299
-0.0185361
0.345011
-0.00562709
0.0305673
0.0264909
0.310183
-0.0924162
0.122002
0.120608
0.374997
-0.00454023
-0.0109983
0.0417717
0.298849
-0.0332711
0.0510361
-0.0447478
0.336581
0.0265043
0.125844
0.121426
