Vec Object: 1 MPI process
  type: seq
0.
0.
0.
-0.0794947
0.
0.
0.
0.0191118
0.169416
-0.167884
0.
-0.0499048
0.175638
-0.179849
0.
-0.0526866
0.189707
0.207317
0.
-0.0441238
0.182693
0.163727
0.
-0.0409356
0.389684
0.00841527
0.
-0.000541686
0.376566
0.00742698
0.
0.0095807
0.392403
-0.0218773
0.
0.00933575
0.399166
-0.0162164
0.
0.0034314
0.
0.
0.
-0.0184383
0.
0.
0.
-0.0558433
0.324552
-0.0579216
0.
-0.0118643
0.316619
0.0899855
0.
0.0029912
0.329686
-0.0503659
0.
-0.0150109
0.32121
0.109614
0.
0.0156827
0.356655
0.0756131
0.
-0.00493446
0.321689
-0.101736
0.
0.0123368
0.323492
0.0360314
0.
-0.0101814
0.320405
-0.0619638
0.
-0.00318847
0.
0.
0.
-0.106738
0.
0.
0.
0.025005
0.
0.
0.
-0.0129105
0.
0.
0.
0.152776
0.
0.
0.
-0.0397937
0.
0.
0.
-0.138294
0.
0.
0.
-0.232443
0.
0.
0.
-0.0118958
0.
0.
0.
-0.0656118
0.
0.
0.
-0.0382234
0.
0.
0.
-0.144701
0.
0.
0.
0.0375352
0.
0.
0.
-0.0953028
0.
0.
0.
0.0129709
0.
0.
0.
0.0644146
0.
0.
0.
-0.0356149
0.
0.
0.
-0.0122923
0.
0.
0.
0.0110362
1.
0.
0.
0.0333398
0.390764
-0.00786619
0.000201174
-0.0010999
0.382663
0.
-0.0046815
-0.0056437
0.2654
0.
-0.00446053
-0.0071267
0.274105
0.
0.0243958
0.0348169
0.376257
0.
0.00572552
-0.00972631
0.265679
0.
0.0170797
-0.00207711
0.289668
0.
-0.00392807
0.0353754
0.269113
0.0244788
0.
0.032915
0.384041
0.0171962
0.
-0.00327742
0.252222
0.0166612
0.
-0.0109644
0.250613
0.00808197
0.
0.032904
0.382284
0.0166848
0.
-0.00364625
0.260631
0.0185463
0.
-0.00697071
0.252295
0.0267126
-0.0538993
-0.000268923
0.248902
-0.0238012
0.0215617
-0.0042868
0.372071
-0.020875
-0.0953279
-0.00327697
0.435287
-0.171616
-0.17378
0.0881599
0.363428
0.162416
-0.18088
0.0538444
0.332922
-0.0579482
0.022746
0.0140246
0.370318
0.135691
0.12119
0.0629759
0.297881
-0.0159701
-0.0311464
-0.00754144
0.412249
0.00214918
-0.0587503
-0.000508476
0.253786
0.0184266
0.0333419
0.0149089
0.405051
0.0226754
0.067084
-0.000531791
0.331423
-0.139746
0.15508
0.0688996
0.426148
-0.0112795
-0.000240132
0.00712906
0.311315
0.0573091
0.0887652
-0.0803294
0.359465
0.0489262
0.155374
0.0551528
