Vec Object: 1 MPI process
  type: seq
0.
0.
0.
-0.0815731
0.
0.
0.
0.0190815
0.168901
-0.167745
0.
-0.0517367
0.175323
-0.179642
0.
-0.0540784
0.189576
0.207041
0.
-0.0453367
0.182304
0.163826
0.
-0.0432017
0.389518
0.0084417
0.
-0.000288933
0.376368
0.00765561
0.
0.00937242
0.392097
-0.0217407
0.
0.00932767
0.39892
-0.0163445
0.
0.00385855
0.
0.
0.
-0.0190891
0.
0.
0.
-0.056876
0.32342
-0.0577799
0.
-0.0122487
0.316961
0.08984
0.
0.00308513
0.328496
-0.0505377
0.
-0.0147564
0.321352
0.110109
0.
0.0161151
0.355415
0.0753428
0.
-0.00468453
0.321776
-0.102003
0.
0.0126876
0.322582
0.0364151
0.
-0.0108358
0.320297
-0.062094
0.
-0.00300555
0.
0.
0.
-0.109678
0.
0.
0.
0.0230741
0.
0.
0.
-0.0132139
0.
0.
0.
0.151107
0.
0.
0.
-0.0407008
0.
0.
0.
-0.140599
0.
0.
0.
-0.231752
0.
0.
0.
-0.00930409
0.
0.
0.
-0.0629502
0.
0.
0.
-0.038077
0.
0.
0.
-0.148398
0.
0.
0.
0.0364681
0.
0.
0.
-0.0956552
0.
0.
0.
0.0116179
0.
0.
0.
0.0704946
0.
0.
0.
-0.0311085
0.
0.
0.
-0.0126774
0.
0.
0.
0.0111501
1.
0.
0.
0.0344549
0.391535
-0.00793774
0.000121538
-0.00133405
0.382283
0.
-0.0045895
-0.00550706
0.265827
0.
-0.00426264
-0.00765413
0.276965
0.
0.0238817
0.0360096
0.376557
0.
0.00565523
-0.00982084
0.266378
0.
0.0167441
-0.00299766
0.29214
0.
-0.0041966
0.0373596
0.272708
0.0240417
0.
0.0349341
0.383712
0.0173217
0.
-0.00314661
0.252578
0.017219
0.
-0.0114853
0.254087
0.00736158
0.
0.034497
0.382453
0.0165494
0.
-0.00360807
0.261027
0.0184837
0.
-0.00779863
0.251867
0.0262818
-0.054268
-0.000674298
0.248923
-0.0242359
0.0219564
-0.00549587
0.37196
-0.0211354
-0.0927968
-0.00237523
0.434012
-0.169061
-0.171557
0.0910217
0.362001
0.159952
-0.178495
0.0560375
0.334848
-0.0550893
0.0233153
0.0153065
0.369176
0.134648
0.119116
0.0654737
0.295841
-0.0160186
-0.0309981
-0.00738116
0.412048
0.00213571
-0.0580497
0.000363348
0.254329
0.0191741
0.0332673
0.0137268
0.401902
0.0210827
0.0648093
0.000321111
0.329405
-0.137677
0.153661
0.0707965
0.424239
-0.0111806
-0.00081096
0.00819167
0.313109
0.0524127
0.0875534
-0.0808534
0.35758
0.048127
0.154587
0.0573435
