Vec Object: 1 MPI process
  type: seq
0.
0.
0.
-0.0737691
0.
0.
0.
0.020501
0.171222
-0.168529
0.
-0.0438934
0.176882
-0.180688
0.
-0.0477105
0.190414
0.208301
0.
-0.0398292
0.183917
0.163584
0.
-0.033716
0.39026
0.00846293
0.
-0.0012959
0.377467
0.0064498
0.
0.0100295
0.393661
-0.0223753
0.
0.00906894
0.400025
-0.0158764
0.
0.00207146
0.
0.
0.
-0.0171077
0.
0.
0.
-0.0539059
0.32863
-0.058484
0.
-0.0106972
0.315305
0.0905575
0.
0.00271189
0.33402
-0.0495941
0.
-0.015536
0.320775
0.107774
0.
0.0141845
0.361129
0.0764175
0.
-0.00541238
0.32143
-0.100733
0.
0.0110849
0.326689
0.0347588
0.
-0.00824431
0.321001
-0.0614364
0.
-0.0038289
0.
0.
0.
-0.0966445
0.
0.
0.
0.0297878
0.
0.
0.
-0.0104244
0.
0.
0.
0.15467
0.
0.
0.
-0.0389227
0.
0.
0.
-0.129893
0.
0.
0.
-0.232344
0.
0.
0.
-0.0185208
0.
0.
0.
-0.0720919
0.
0.
0.
-0.0369643
0.
0.
0.
-0.130118
0.
0.
0.
0.0410235
0.
0.
0.
-0.0919083
0.
0.
0.
0.0173566
0.
0.
0.
0.0456848
0.
0.
0.
-0.0482146
0.
0.
0.
-0.00920374
0.
0.
0.
0.00985048
1.
0.
0.
0.0292944
0.387788
-0.00754904
0.000522353
-0.000336836
0.384007
0.
-0.00497544
-0.00599377
0.264011
0.
-0.00518892
-0.00543738
0.263797
0.
0.0261822
0.0307867
0.374942
0.
0.00590564
-0.00921865
0.26315
0.
0.0182877
0.000814656
0.280725
0.
-0.00281507
0.028956
0.256159
0.0258651
0.
0.0265915
0.385235
0.0167955
0.
-0.0036058
0.251261
0.0144282
0.
-0.00940401
0.237787
0.0108561
0.
0.0279087
0.381483
0.0170596
0.
-0.0036566
0.259308
0.0185211
0.
-0.00440877
0.253693
0.0282371
-0.0521555
0.000621115
0.248616
-0.0216334
0.0198553
-0.000761781
0.371608
-0.0201544
-0.103933
-0.00612581
0.440343
-0.179694
-0.181557
0.0788694
0.369797
0.170345
-0.188929
0.0470463
0.324158
-0.0663877
0.0206913
0.0101427
0.374518
0.138677
0.127922
0.0552097
0.304956
-0.0157999
-0.0317115
-0.00826362
0.411867
0.00217007
-0.0603739
-0.00330394
0.251445
0.0149903
0.0335983
0.018328
0.416208
0.0281679
0.0752729
-0.00309429
0.339483
-0.146482
0.15974
0.0628585
0.431909
-0.0112734
0.00154307
0.00395677
0.303432
0.0726519
0.0916661
-0.0774126
0.36695
0.0511137
0.157338
0.0484655
