Vec Object: 1 MPI process
  type: seq
0.
0.
0.
-0.0766482
0.
0.
0.
0.0194999
0.170209
-0.168137
0.
-0.0471777
0.176157
-0.180195
0.
-0.050517
0.189969
0.207746
0.
-0.0422402
0.183258
0.163622
0.
-0.037611
0.389939
0.00840789
0.
-0.000899213
0.376921
0.00703266
0.
0.0098364
0.392921
-0.0220918
0.
0.00927633
0.399545
-0.0160453
0.
0.00280694
0.
0.
0.
-0.0176684
0.
0.
0.
-0.0546757
0.326322
-0.0581556
0.
-0.0113126
0.316065
0.0902233
0.
0.00285588
0.33156
-0.0500592
0.
-0.0153139
0.321005
0.108826
0.
0.0150188
0.358598
0.0759941
0.
-0.00522068
0.321566
-0.101307
0.
0.0117885
0.324894
0.0354572
0.
-0.00925685
0.320623
-0.0617456
0.
-0.00347258
0.
0.
0.
-0.102218
0.
0.
0.
0.0274989
0.
0.
0.
-0.0120609
0.
0.
0.
0.154401
0.
0.
0.
-0.0389628
0.
0.
0.
-0.134622
0.
0.
0.
-0.232867
0.
0.
0.
-0.0152709
0.
0.
0.
-0.0689988
0.
0.
0.
-0.0379845
0.
0.
0.
-0.138539
0.
0.
0.
0.0391449
0.
0.
0.
-0.0941928
0.
0.
0.
0.0149768
0.
0.
0.
0.0556665
0.
0.
0.
-0.0417724
0.
0.
0.
-0.0112275
0.
0.
0.
0.0106615
1.
0.
0.
0.0315812
0.389508
-0.00774011
0.000333905
-0.000750682
0.383253
0.
-0.00481645
-0.00582443
0.264766
0.
-0.0047735
-0.00635117
0.269625
0.
0.0251863
0.0330148
0.375732
0.
0.00581787
-0.00953915
0.264581
0.
0.0176043
-0.000734271
0.285788
0.
-0.00347424
0.0324413
0.26348
0.0251193
0.
0.0299841
0.384559
0.0170123
0.
-0.00344897
0.25174
0.0157359
0.
-0.0102243
0.2451
0.00925327
0.
0.0305933
0.381974
0.0168693
0.
-0.00367672
0.260036
0.0185838
0.
-0.00577481
0.252937
0.0273751
-0.0532147
0.000219592
0.248824
-0.0229746
0.0208718
-0.00259534
0.372034
-0.020521
-0.0991763
-0.00459499
0.437403
-0.175352
-0.177208
0.0839251
0.365965
0.16605
-0.184489
0.0506796
0.329437
-0.0619997
0.0218453
0.0121906
0.372131
0.137133
0.124273
0.059367
0.301016
-0.0158862
-0.0313843
-0.00783712
0.412284
0.00216362
-0.0596305
-0.00179283
0.252845
0.017071
0.0334508
0.0165563
0.40994
0.0251184
0.0706528
-0.00174449
0.334777
-0.142817
0.157196
0.0661251
0.428869
-0.0113477
0.000593212
0.00562878
0.308125
0.0644743
0.0903145
-0.0792271
0.362585
0.0500176
0.156394
0.0520222
