Vec Object: 1 MPI process
  type: seq
0.
0.
0.
-0.109618
0.
0.
0.
0.161288
0.148714
-0.168497
0.
-0.126994
0.164086
-0.177715
0.
-0.106074
0.196287
0.196768
0.
-0.0685368
0.163956
0.172137
0.
-0.132544
0.380668
0.0170718
0.
0.0318602
0.371823
0.0142547
0.
0.0179309
0.386029
-0.0197549
0.
0.0172591
0.387351
-0.0271623
0.
0.0406279
0.
0.
0.
-0.0602377
0.
0.
0.
-0.156361
0.288598
-0.050555
0.
-0.0177808
0.324301
0.0804132
0.
-0.0146906
0.295058
-0.047434
0.
0.00603752
0.326927
0.114088
0.
0.00458442
0.319458
0.0595897
0.
0.0188833
0.32594
-0.099877
0.
-0.00249399
0.289676
0.0475655
0.
-0.0326462
0.322913
-0.0587946
0.
-0.0237024
0.
0.
0.
-0.0715062
0.
0.
0.
-0.0743317
0.
0.
0.
0.139701
0.
0.
0.
0.0317365
0.
0.
0.
-0.128645
0.
0.
0.
-0.0618809
0.
0.
0.
0.0113441
0.
0.
0.
0.256285
0.
0.
0.
0.223481
0.
0.
0.
0.13971
0.
0.
0.
-0.0131458
0.
0.
0.
0.0757584
0.
0.
0.
0.0981064
0.
0.
0.
-0.00965044
0.
0.
0.
0.40242
0.
0.
0.
0.308893
0.
0.
0.
0.182105
0.
0.
0.
-0.00968589
1.
0.
0.
0.0577156
0.403179
-0.00858961
-0.00149939
0.0165837
0.3758
0.
-0.000865766
-0.0053202
0.280805
0.
0.000952871
-0.0463106
0.362122
0.
0.00906404
0.0906048
0.382523
0.
0.00109771
-0.0131052
0.282983
0.
0.00696807
-0.0539318
0.35956
0.
-0.00840334
0.121759
0.373368
0.00789718
0.
0.132921
0.37972
0.0209985
0.
-0.00319434
0.269213
0.0253634
0.
-0.052219
0.34514
-0.00393304
0.
0.126979
0.3862
0.00862148
0.
-0.00498134
0.275167
0.00909332
0.
-0.0611869
0.240436
0.00607305
-0.0388395
-0.0454262
0.247169
-0.015211
0.0165138
-0.0797532
0.326231
-0.0350983
-0.0230778
0.0439679
0.433519
-0.0638819
-0.0975679
0.218707
0.375022
0.0613808
-0.0969384
0.169684
0.280359
0.0337109
0.0218306
0.0880453
0.348582
0.0639319
0.0551739
0.20423
0.235232
-0.00268815
-0.0238362
-0.0139115
0.337373
-0.000193425
-0.0159553
0.0486811
0.255463
0.00425486
0.0216672
-0.0497418
0.302743
-0.0190087
0.0159121
0.0611208
0.311863
-0.0549138
0.0931159
0.175973
0.330578
0.00206965
-0.0130397
0.081527
0.239356
-0.058502
0.025665
0.0523798
0.33169
0.00790323
0.0935997
0.197266
