Vec Object: 1 MPI process
  type: seq
0.
0.
0.
-0.120124
0.
0.
0.
0.0582799
0.158939
-0.167459
0.
-0.0903565
0.170434
-0.177636
0.
-0.0796392
0.190851
0.202273
0.
-0.0641974
0.173328
0.167759
0.
-0.0905656
0.386377
0.0109299
0.
0.00754032
0.37488
0.0100334
0.
0.00517348
0.389294
-0.0194182
0.
0.00595363
0.394258
-0.0203121
0.
0.0149369
0.
0.
0.
-0.041976
0.
0.
0.
-0.102687
0.304579
-0.0552179
0.
-0.0180176
0.321477
0.0870505
0.
0.00260735
0.309818
-0.0506345
0.
-0.00476015
0.324282
0.116403
0.
0.0209268
0.3354
0.068013
0.
0.0068008
0.323846
-0.104712
0.
0.015538
0.305859
0.0435231
0.
-0.0247858
0.321025
-0.0627886
0.
-0.00308823
0.
0.
0.
-0.13336
0.
0.
0.
-0.0331396
0.
0.
0.
0.0266812
0.
0.
0.
0.0815435
0.
0.
0.
-0.0863093
0.
0.
0.
-0.14524
0.
0.
0.
-0.156779
0.
0.
0.
0.0906453
0.
0.
0.
0.04481
0.
0.
0.
0.0140756
0.
0.
0.
-0.144765
0.
0.
0.
0.0329399
0.
0.
0.
-0.0422354
0.
0.
0.
-0.0102308
0.
0.
0.
0.220379
0.
0.
0.
0.108794
0.
0.
0.
0.0386077
0.
0.
0.
0.0013797
1.
0.
0.
0.0489691
0.400721
-0.0084859
-0.000859308
-0.00330928
0.376714
0.
-0.00262814
-0.00268281
0.274259
0.
-0.00116054
-0.0200456
0.323395
0.
0.0153261
0.0606995
0.379126
0.
0.00349868
-0.0103219
0.276836
0.
0.0111795
-0.0229723
0.330943
0.
-0.00718387
0.0784586
0.329673
0.0152984
0.
0.0817245
0.379256
0.0198579
0.
-0.000410143
0.261475
0.0236088
0.
-0.0248316
0.306407
-0.00130601
0.
0.0739829
0.383275
0.0127625
0.
-0.00269458
0.268783
0.0142401
0.
-0.0277768
0.245242
0.0168444
-0.0513244
-0.018359
0.248369
-0.0228699
0.0226042
-0.0370942
0.355838
-0.0285708
-0.0500694
0.018379
0.424437
-0.114997
-0.132675
0.152387
0.358386
0.109184
-0.134648
0.108863
0.328327
0.00184417
0.0277236
0.0467942
0.354164
0.103961
0.0815868
0.12685
0.261836
-0.0126199
-0.0280234
-0.00952748
0.386206
0.00132812
-0.0361239
0.0204664
0.258151
0.0183314
0.0294098
-0.0162121
0.348594
-0.00419724
0.0322441
0.0240999
0.310553
-0.0955305
0.12428
0.116609
0.378622
-0.00510786
-0.0105386
0.0388248
0.30233
-0.0293126
0.0535294
-0.0502274
0.337319
0.0280721
0.128282
0.116054
