Vec Object: 1 MPI process
  type: seq
0.
0.
0.
-0.0894637
0.
0.
0.
0.0204497
0.167162
-0.167404
0.
-0.0581761
0.174365
-0.179037
0.
-0.0586679
0.189335
0.206132
0.
-0.0493125
0.180887
0.164304
0.
-0.0512828
0.388965
0.00863838
0.
0.000671428
0.375858
0.00828792
0.
0.00849301
0.391229
-0.0212909
0.
0.00905811
0.398094
-0.0168606
0.
0.00541303
0.
0.
0.
-0.0220548
0.
0.
0.
-0.0618786
0.319715
-0.0573491
0.
-0.0136314
0.318012
0.0893848
0.
0.00340135
0.324654
-0.0509651
0.
-0.0136055
0.321866
0.11167
0.
0.0175449
0.351374
0.0743111
0.
-0.00349362
0.322102
-0.102828
0.
0.0138084
0.319528
0.03775
0.
-0.0132784
0.320109
-0.0624663
0.
-0.00243133
0.
0.
0.
-0.119102
0.
0.
0.
0.0150251
0.
0.
0.
-0.0125629
0.
0.
0.
0.142515
0.
0.
0.
-0.0456647
0.
0.
0.
-0.147452
0.
0.
0.
-0.226924
0.
0.
0.
0.00171647
0.
0.
0.
-0.0513562
0.
0.
0.
-0.0356562
0.
0.
0.
-0.158484
0.
0.
0.
0.0330579
0.
0.
0.
-0.0944787
0.
0.
0.
0.00690817
0.
0.
0.
0.0929591
0.
0.
0.
-0.0131976
0.
0.
0.
-0.0118595
0.
0.
0.
0.0108063
1.
0.
0.
0.0379929
0.393876
-0.00812713
-0.000113706
-0.00212808
0.381042
0.
-0.00425952
-0.00496529
0.267329
0.
-0.00362433
-0.00953903
0.286267
0.
0.0221716
0.0401316
0.377368
0.
0.00536693
-0.0100127
0.268626
0.
0.0156439
-0.00629254
0.300152
0.
-0.00497423
0.0443699
0.284382
0.0224881
0.
0.0422923
0.382655
0.0177715
0.
-0.00262416
0.253966
0.0188767
0.
-0.0134281
0.265161
0.0051641
0.
0.0403443
0.382857
0.0160162
0.
-0.00340317
0.262399
0.0180798
0.
-0.0108259
0.250428
0.0247948
-0.0550498
-0.00255569
0.248884
-0.0251616
0.0229704
-0.0101151
0.370867
-0.0221748
-0.0842558
0.000862104
0.430329
-0.159908
-0.164156
0.101171
0.358399
0.151225
-0.170347
0.0641088
0.339323
-0.0446072
0.0250555
0.0200349
0.365574
0.130561
0.111924
0.074667
0.289057
-0.0160694
-0.0305161
-0.00708651
0.410338
0.00206783
-0.0550602
0.00346403
0.255804
0.0209426
0.0329527
0.00919677
0.391517
0.0157964
0.0574994
0.00352242
0.323527
-0.130401
0.148693
0.077682
0.417145
-0.0105777
-0.00281922
0.0122554
0.317314
0.0352969
0.0825238
-0.0812589
0.352001
0.0450434
0.15129
0.0655705
