Vec Object: 1 MPI process
  type: seq
0.
0.
0.
-0.110456
0.
0.
0.
0.0362009
0.162466
-0.167202
0.
-0.0764813
0.172153
-0.177985
0.
-0.0706013
0.189828
0.203854
0.
-0.058677
0.17662
0.166184
0.
-0.0740937
0.38752
0.00973927
0.
0.00404379
0.375212
0.00935721
0.
0.00596642
0.38986
-0.020144
0.
0.00722417
0.395919
-0.0186877
0.
0.0103818
0.
0.
0.
-0.0333783
0.
0.
0.
-0.0835635
0.310619
-0.0562677
0.
-0.0169341
0.320226
0.0881834
0.
0.00367128
0.315591
-0.0511593
0.
-0.00901073
0.323296
0.11496
0.
0.0204898
0.341658
0.0708882
0.
0.00174071
0.323102
-0.104365
0.
0.0157954
0.31153
0.0412923
0.
-0.0203606
0.320441
-0.0629516
0.
-0.00182838
0.
0.
0.
-0.134584
0.
0.
0.
-0.0127452
0.
0.
0.
0.00309441
0.
0.
0.
0.107776
0.
0.
0.
-0.0678977
0.
0.
0.
-0.153907
0.
0.
0.
-0.195324
0.
0.
0.
0.0465443
0.
0.
0.
-0.00301698
0.
0.
0.
-0.0141397
0.
0.
0.
-0.162787
0.
0.
0.
0.0290155
0.
0.
0.
-0.0729634
0.
0.
0.
-0.00465766
0.
0.
0.
0.16328
0.
0.
0.
0.0510725
0.
0.
0.
0.00830161
0.
0.
0.
0.0060297
1.
0.
0.
0.0454042
0.398482
-0.00838831
-0.00058269
-0.00363288
0.378213
0.
-0.00331074
-0.00340174
0.27144
0.
-0.0021087
-0.015179
0.308679
0.
0.017985
0.0517206
0.378566
0.
0.00434607
-0.0100998
0.27378
0.
0.012943
-0.0157089
0.319059
0.
-0.00643171
0.0640375
0.312073
0.0182232
0.
0.0644912
0.380357
0.0190341
0.
-0.00110392
0.258307
0.0220624
0.
-0.0195451
0.290583
0.000804945
0.
0.0587226
0.383189
0.0142207
0.
-0.00277093
0.266146
0.0160677
0.
-0.0200915
0.247121
0.0203899
-0.0540507
-0.0107539
0.248568
-0.0247035
0.023567
-0.0250518
0.363697
-0.0257487
-0.0631096
0.0104789
0.424964
-0.133856
-0.145455
0.130364
0.355939
0.126773
-0.149095
0.0890449
0.337936
-0.0159631
0.0276845
0.0346441
0.357994
0.116317
0.0933992
0.103383
0.27246
-0.0148114
-0.0291668
-0.00808866
0.398998
0.00172133
-0.044411
0.0126743
0.257819
0.0210602
0.031327
-0.00524013
0.365799
0.00324666
0.0412572
0.0142088
0.313748
-0.110165
0.134739
0.098997
0.395375
-0.00768925
-0.00782796
0.0262331
0.314576
-0.0066071
0.0657581
-0.0700337
0.341805
0.0353959
0.139036
0.0926911
