Vec Object: 1 MPI process
  type: seq
0.
0.
0.
-0.122826
0.
0.
0.
0.0874694
0.155384
-0.167889
0.
-0.104069
0.168469
-0.17757
0.
-0.0890383
0.192227
0.200692
0.
-0.0683113
0.17005
0.169345
0.
-0.106229
0.385008
0.0124392
0.
0.0124754
0.374346
0.010922
0.
0.00617349
0.388709
-0.0189465
0.
0.0060113
0.392417
-0.0221607
0.
0.0206847
0.
0.
0.
-0.0491527
0.
0.
0.
-0.121406
0.298995
-0.0538146
0.
-0.017739
0.322521
0.0855027
0.
-0.000236304
0.304603
-0.0496828
0.
-0.000105955
0.325191
0.116849
0.
0.0190411
0.32974
0.0650261
0.
0.0121907
0.324554
-0.104213
0.
0.0130213
0.30039
0.0452411
0.
-0.0278719
0.321673
-0.0621097
0.
-0.00657424
0.
0.
0.
-0.121428
0.
0.
0.
-0.0502738
0.
0.
0.
0.0584152
0.
0.
0.
0.059814
0.
0.
0.
-0.102817
0.
0.
0.
-0.125908
0.
0.
0.
-0.108234
0.
0.
0.
0.141219
0.
0.
0.
0.0995762
0.
0.
0.
0.0502888
0.
0.
0.
-0.111927
0.
0.
0.
0.0427595
0.
0.
0.
-0.00206532
0.
0.
0.
-0.0125166
0.
0.
0.
0.279497
0.
0.
0.
0.171805
0.
0.
0.
0.0790333
0.
0.
0.
-0.00265311
1.
0.
0.
0.0513258
0.402221
-0.00855732
-0.00110676
-0.000849097
0.375773
0.
-0.00199566
-0.00269461
0.276757
0.
-0.000348047
-0.0260466
0.337032
0.
0.0129946
0.0700566
0.379795
0.
0.00265402
-0.0109659
0.279335
0.
0.00960723
-0.0309393
0.341476
0.
-0.00775592
0.0926559
0.345476
0.0126321
0.
0.0989119
0.378726
0.0204875
0.
-0.00045555
0.264357
0.0246407
0.
-0.0312391
0.320506
-0.00271401
0.
0.0902918
0.38361
0.0113138
0.
-0.00314758
0.271182
0.0124086
0.
-0.0364643
0.243627
0.0132213
-0.0476607
-0.0262987
0.248134
-0.0205021
0.0209445
-0.0495692
0.346755
-0.0311884
-0.0392697
0.0270121
0.426028
-0.097111
-0.120594
0.174224
0.362849
0.0924992
-0.121316
0.128962
0.31461
0.0158423
0.0265467
0.0600437
0.351525
0.0909184
0.0714652
0.151482
0.252322
-0.00968154
-0.0267548
-0.0106838
0.371244
0.000853356
-0.0284958
0.0293096
0.257807
0.0142727
0.0270749
-0.0266546
0.332594
-0.0102407
0.0252911
0.0356865
0.309606
-0.0815047
0.113873
0.135345
0.362194
-0.00254602
-0.0122658
0.0527725
0.284617
-0.0447797
0.042719
-0.022141
0.334482
0.0210179
0.11696
0.141369
