Vec Object: 1 MPI process
  type: seq
0.
0.
0.
-0.0972087
0.
0.
0.
0.0238919
0.16555
-0.167236
0.
-0.0643754
0.173576
-0.178589
0.
-0.0628059
0.189348
0.205321
0.
-0.0527764
0.179467
0.164886
0.
-0.0591002
0.388464
0.00893938
0.
0.00169835
0.375555
0.00872642
0.
0.00756093
0.390627
-0.0208848
0.
0.00854449
0.39734
-0.0174311
0.
0.00699549
0.
0.
0.
-0.0256107
0.
0.
0.
-0.068298
0.316444
-0.0569869
0.
-0.0149149
0.318863
0.0889852
0.
0.00363395
0.321336
-0.051172
0.
-0.0122192
0.322363
0.112961
0.
0.0187621
0.347841
0.0732184
0.
-0.00197489
0.322436
-0.103478
0.
0.014706
0.316732
0.0390038
0.
-0.015728
0.32012
-0.0627192
0.
-0.00201914
0.
0.
0.
-0.126418
0.
0.
0.
0.00603281
0.
0.
0.
-0.00945881
0.
0.
0.
0.131654
0.
0.
0.
-0.052318
0.
0.
0.
-0.151917
0.
0.
0.
-0.219005
0.
0.
0.
0.0148634
0.
0.
0.
-0.0372743
0.
0.
0.
-0.0306573
0.
0.
0.
-0.163885
0.
0.
0.
0.0306048
0.
0.
0.
-0.0900061
0.
0.
0.
0.00258757
0.
0.
0.
0.115891
0.
0.
0.
0.00664383
0.
0.
0.
-0.00788284
0.
0.
0.
0.00963414
1.
0.
0.
0.0409029
0.395714
-0.008247
-0.000295449
-0.00280173
0.379972
0.
-0.00393658
-0.00440654
0.268758
0.
-0.00307042
-0.0113938
0.294391
0.
0.0206518
0.044052
0.377899
0.
0.00504517
-0.0100724
0.270547
0.
0.0146709
-0.00948852
0.30709
0.
-0.00555754
0.0511041
0.294514
0.0210023
0.
0.0496614
0.381767
0.0182091
0.
-0.00208221
0.255414
0.0201526
0.
-0.0154146
0.274571
0.00342901
0.
0.0463056
0.383057
0.0154411
0.
-0.00316269
0.263695
0.0174986
0.
-0.0138677
0.249176
0.0233451
-0.0551638
-0.0049457
0.248779
-0.0253962
0.0234928
-0.01496
0.368994
-0.0233155
-0.0765718
0.00404862
0.427773
-0.15101
-0.157506
0.111033
0.356536
0.142832
-0.162843
0.0722992
0.340821
-0.0344514
0.0263225
0.024815
0.362618
0.126104
0.105284
0.0840286
0.283034
-0.015882
-0.0300707
-0.00717715
0.407427
0.00197496
-0.0516625
0.00649937
0.256765
0.0216452
0.0325311
0.00445533
0.382293
0.0111542
0.0513292
0.00687391
0.319268
-0.123448
0.143943
0.0846264
0.409933
-0.00973402
-0.00466992
0.0166133
0.318564
0.0196995
0.0770105
-0.0794893
0.347797
0.0418455
0.147514
0.0741949
