Vec Object: 1 MPI process
  type: seq
0.
0.
0.
-0.0780733
0.
0.
0.
0.0192488
0.169796
-0.167999
0.
-0.0485837
0.175881
-0.18001
0.
-0.0516515
0.189824
0.207522
0.
-0.0432236
0.182968
0.163669
0.
-0.0393166
0.389806
0.00840649
0.
-0.000717811
0.376729
0.00724476
0.
0.00971368
0.392644
-0.0219793
0.
0.0093184
0.399348
-0.0161304
0.
0.00312724
0.
0.
0.
-0.0180338
0.
0.
0.
-0.0552204
0.325395
-0.0580312
0.
-0.0115934
0.316358
0.0900971
0.
0.00292458
0.330577
-0.0502254
0.
-0.0151698
0.321109
0.109241
0.
0.0153642
0.357581
0.0758009
0.
-0.00508654
0.321628
-0.101533
0.
0.0120751
0.324163
0.0357537
0.
-0.00972535
0.320501
-0.061862
0.
-0.00332451
0.
0.
0.
-0.104566
0.
0.
0.
0.026274
0.
0.
0.
-0.0125579
0.
0.
0.
0.153703
0.
0.
0.
-0.0393087
0.
0.
0.
-0.136549
0.
0.
0.
-0.232741
0.
0.
0.
-0.0136046
0.
0.
0.
-0.0673411
0.
0.
0.
-0.0381764
0.
0.
0.
-0.141813
0.
0.
0.
0.038315
0.
0.
0.
-0.0948534
0.
0.
0.
0.0139447
0.
0.
0.
0.0601291
0.
0.
0.
-0.0386835
0.
0.
0.
-0.0118487
0.
0.
0.
0.0108867
1.
0.
0.
0.0325031
0.390173
-0.0078083
0.000263153
-0.000930547
0.382945
0.
-0.00474719
-0.00573506
0.265092
0.
-0.0046091
-0.00674941
0.271971
0.
0.0247748
0.0339484
0.376015
0.
0.00577223
-0.0096433
0.265156
0.
0.0173297
-0.0014217
0.28782
0.
-0.00371716
0.0339505
0.266429
0.0247909
0.
0.0314833
0.384287
0.0171066
0.
-0.00336442
0.251981
0.0162285
0.
-0.0106
0.247997
0.00863347
0.
0.0317754
0.382144
0.0167769
0.
-0.00366546
0.260344
0.0185734
0.
-0.00638539
0.252606
0.0270295
-0.0535887
-1.48509e-05
0.248873
-0.0234297
0.0212435
-0.00345011
0.372085
-0.0206982
-0.0971804
-0.00391965
0.436278
-0.173438
-0.175422
0.0861045
0.364591
0.164183
-0.18262
0.0522956
0.33133
-0.0599469
0.0223171
0.0131237
0.371178
0.136407
0.122686
0.0612107
0.299384
-0.0159302
-0.0312586
-0.00767669
0.412307
0.00215707
-0.059203
-0.00113307
0.253352
0.0178083
0.0333944
0.0157249
0.407387
0.0238483
0.0687844
-0.00112839
0.332992
-0.141236
0.156105
0.0675482
0.427486
-0.0113253
0.000166909
0.00638988
0.309848
0.0608069
0.0895576
-0.0798427
0.360926
0.0494716
0.155893
0.0536165
