Vec Object: 1 MPI process
  type: seq
0.
0.
0.
-0.122558
0.
0.
0.
0.0937177
0.154708
-0.167978
0.
-0.106614
0.168066
-0.177581
0.
-0.0908481
0.192528
0.200379
0.
-0.0688926
0.169431
0.169644
0.
-0.109101
0.384706
0.0127717
0.
0.0136551
0.374205
0.0111329
0.
0.00663409
0.388567
-0.0189013
0.
0.00628811
0.392032
-0.0225465
0.
0.0219833
0.
0.
0.
-0.0503358
0.
0.
0.
-0.124843
0.29797
-0.0535102
0.
-0.0175803
0.322703
0.0851462
0.
-0.00103895
0.303654
-0.0494647
0.
0.000781306
0.325358
0.11681
0.
0.0183537
0.328712
0.0644567
0.
0.013185
0.324685
-0.104007
0.
0.0122209
0.299363
0.0455107
0.
-0.0283191
0.321797
-0.0619147
0.
-0.00755166
0.
0.
0.
-0.118047
0.
0.
0.
-0.0531046
0.
0.
0.
0.0652474
0.
0.
0.
0.0562891
0.
0.
0.
-0.105656
0.
0.
0.
-0.121143
0.
0.
0.
-0.0980194
0.
0.
0.
0.15146
0.
0.
0.
0.110648
0.
0.
0.
0.0579461
0.
0.
0.
-0.104241
0.
0.
0.
0.0452324
0.
0.
0.
0.00647226
0.
0.
0.
-0.0125961
0.
0.
0.
0.290942
0.
0.
0.
0.18429
0.
0.
0.
0.0876971
0.
0.
0.
-0.00332186
1.
0.
0.
0.0517079
0.402432
-0.00856839
-0.00115085
-4.59328e-05
0.37566
0.
-0.00188094
-0.00279437
0.277196
0.
-0.000206836
-0.0273912
0.339539
0.
0.0125817
0.0718953
0.379956
0.
0.00249643
-0.0111392
0.279755
0.
0.00932771
-0.0326112
0.343361
0.
-0.00784645
0.0953596
0.348329
0.0121497
0.
0.102168
0.378695
0.0205815
0.
-0.000563708
0.26487
0.0247853
0.
-0.0326595
0.323043
-0.00291576
0.
0.0935274
0.383726
0.0110431
0.
-0.00329088
0.271608
0.0120685
0.
-0.0382941
0.243332
0.0125295
-0.0468905
-0.0278456
0.248076
-0.0200182
0.0205739
-0.0520363
0.344923
-0.0316496
-0.0374387
0.0287234
0.426524
-0.093811
-0.11835
0.178374
0.363858
0.0894171
-0.118881
0.132806
0.311676
0.0180995
0.026215
0.0626819
0.351132
0.0883868
0.0697047
0.156301
0.250603
-0.00906
-0.0264991
-0.0108618
0.368215
0.000756527
-0.0271414
0.031111
0.257675
0.0133974
0.0265951
-0.0286114
0.329649
-0.0112551
0.0241608
0.0380614
0.309619
-0.0788967
0.111895
0.139037
0.359114
-0.0020728
-0.0124882
0.055538
0.280789
-0.0469999
0.0408369
-0.0159762
0.33408
0.0197116
0.114766
0.146396
