Vec Object: 1 MPI process
  type: seq
0.
0.
0.
-0.0795509
0.
0.
0.
0.275446
0.14808
-0.161692
0.
-0.0931321
0.164392
-0.171549
0.
-0.0711282
0.212336
0.181911
0.
0.00632917
0.163938
0.168654
0.
-0.102851
0.363508
0.0343238
0.
0.128713
0.359255
0.0290318
0.
0.0969198
0.369569
-0.033307
0.
0.116658
0.369901
-0.0442192
0.
0.135325
0.
0.
0.
-0.1054
0.
0.
0.
-0.23617
0.273334
-0.0557846
0.
-0.0822998
0.327321
0.0641126
0.
-0.0857112
0.281086
-0.0561096
0.
-0.0581739
0.330439
0.0964207
0.
-0.0732809
0.304752
0.0627913
0.
-0.0360522
0.328832
-0.0804081
0.
-0.0804223
0.272827
0.0579442
0.
-0.0863996
0.32442
-0.0463938
0.
-0.101976
0.
0.
0.
0.0271212
0.
0.
0.
-0.119574
0.
0.
0.
0.269412
0.
0.
0.
-0.00131416
0.
0.
0.
-0.181097
0.
0.
0.
0.0576078
0.
0.
0.
0.21344
0.
0.
0.
0.439001
0.
0.
0.
0.415983
0.
0.
0.
0.279499
0.
0.
0.
0.171502
0.
0.
0.
0.12014
0.
0.
0.
0.257696
0.
0.
0.
-0.0236296
0.
0.
0.
0.597677
0.
0.
0.
0.524125
0.
0.
0.
0.361351
0.
0.
0.
-0.0570345
1.
0.
0.
0.140382
0.3965
-0.00762765
-0.00147799
0.125062
0.383285
0.
0.000671738
-0.0157811
0.285608
0.
0.00222792
-0.144675
0.389117
0.
0.00452001
0.13293
0.395457
0.
-0.000480393
-0.0110156
0.28648
0.
0.00421355
-0.152822
0.375029
0.
-0.00801921
0.179096
0.401979
0.00244216
0.
0.191757
0.389812
0.0193496
0.
-0.013351
0.275209
0.0228296
0.
-0.148804
0.369116
-0.00223834
0.
0.203573
0.401297
0.00582337
0.
-0.00215089
0.279717
0.00611088
0.
-0.161953
0.234483
-0.00218175
-0.0245541
-0.135649
0.243965
-0.00774014
0.00912362
-0.188023
0.290464
-0.0322901
-0.00873128
0.0238304
0.447955
-0.0189766
-0.0645366
0.310244
0.393093
0.0192827
-0.064021
0.240851
0.220137
0.0388552
0.0119108
0.10117
0.343592
0.0239753
0.0380196
0.293935
0.211739
0.00387476
-0.0185107
-0.069424
0.280317
-0.00107501
-0.00400314
0.0489677
0.248798
-0.00693365
0.0129789
-0.149416
0.260042
-0.0241246
0.00962996
0.0609669
0.317336
-0.0173594
0.062539
0.241807
0.284976
0.00721674
-0.00863977
0.0933851
0.158673
-0.0500378
0.01015
0.166899
0.327353
-0.00934924
0.0588999
0.292952
