Vec Object: 1 MPI process
  type: seq
0.
0.
0.
-0.0742036
0.
0.
0.
0.0202922
0.171045
-0.168455
0.
-0.0444477
0.176751
-0.180598
0.
-0.0482013
0.190327
0.208204
0.
-0.0402482
0.183807
0.163582
0.
-0.034363
0.390205
0.00844787
0.
-0.00123184
0.377365
0.00655788
0.
0.0100075
0.393526
-0.022325
0.
0.00911575
0.399942
-0.0159017
0.
0.00219442
0.
0.
0.
-0.0171714
0.
0.
0.
-0.0539848
0.328224
-0.0584244
0.
-0.0107964
0.315442
0.0904965
0.
0.00273398
0.333586
-0.0496809
0.
-0.0155108
0.320812
0.107961
0.
0.0143283
0.360685
0.0763488
0.
-0.00539269
0.321452
-0.100835
0.
0.0112071
0.326376
0.0348774
0.
-0.00840612
0.320927
-0.0614927
0.
-0.00376794
0.
0.
0.
-0.0975893
0.
0.
0.
0.0294625
0.
0.
0.
-0.0107459
0.
0.
0.
0.154774
0.
0.
0.
-0.0388482
0.
0.
0.
-0.13071
0.
0.
0.
-0.232517
0.
0.
0.
-0.0180376
0.
0.
0.
-0.0716498
0.
0.
0.
-0.0371927
0.
0.
0.
-0.131613
0.
0.
0.
0.040717
0.
0.
0.
-0.0923671
0.
0.
0.
0.0169591
0.
0.
0.
0.0473221
0.
0.
0.
-0.0472081
0.
0.
0.
-0.00959921
0.
0.
0.
0.0100165
1.
0.
0.
0.0296939
0.388096
-0.00758482
0.000487966
-0.000405709
0.383876
0.
-0.00494889
-0.00596966
0.264138
0.
-0.00511522
-0.00558971
0.264818
0.
0.0260105
0.0311682
0.37509
0.
0.00589287
-0.00928139
0.2634
0.
0.0181676
0.00056014
0.281614
0.
-0.00293675
0.0295394
0.257441
0.0257418
0.
0.0271524
0.385116
0.0168317
0.
-0.00358397
0.251332
0.0146665
0.
-0.00953606
0.239081
0.0105685
0.
0.0283542
0.381577
0.0170302
0.
-0.00366529
0.259431
0.0185412
0.
-0.00463255
0.253569
0.0280845
-0.0523532
0.00056768
0.248663
-0.0218901
0.0200425
-0.00105373
0.371713
-0.0202114
-0.103122
-0.00587307
0.439814
-0.178976
-0.180804
0.0797191
0.369082
0.169628
-0.188173
0.0476447
0.325137
-0.0656955
0.0208903
0.010473
0.374098
0.138432
0.127314
0.055896
0.304278
-0.0158109
-0.0316522
-0.00818789
0.411975
0.00216998
-0.0602762
-0.00305278
0.251705
0.0153796
0.0335708
0.0180473
0.415117
0.0276457
0.0744666
-0.00287642
0.338631
-0.145867
0.159312
0.0634043
0.431417
-0.0112999
0.00138877
0.00422835
0.30429
0.0713235
0.0914841
-0.0777546
0.36616
0.0509497
0.157203
0.0490492
