Vec Object: 1 MPI process
  type: seq
0.
0.
0.
-0.0967876
0.
0.
0.
0.204459
0.146285
-0.16788
0.
-0.131053
0.162314
-0.177195
0.
-0.108861
0.199871
0.193451
0.
-0.0587777
0.161756
0.172744
0.
-0.138605
0.376639
0.0211947
0.
0.0532293
0.369031
0.017624
0.
0.0344496
0.382654
-0.0221359
0.
0.0365719
0.383094
-0.0313086
0.
0.061622
0.
0.
0.
-0.0684909
0.
0.
0.
-0.177152
0.283227
-0.0498008
0.
-0.0253227
0.325237
0.0761186
0.
-0.0302122
0.290152
-0.0474467
0.
0.000350326
0.327947
0.110065
0.
-0.0122231
0.314246
0.0581221
0.
0.0138021
0.326769
-0.0951387
0.
-0.0196711
0.283887
0.0492265
0.
-0.0399689
0.323499
-0.0556309
0.
-0.0413851
0.
0.
0.
-0.0360424
0.
0.
0.
-0.0853867
0.
0.
0.
0.187897
0.
0.
0.
0.0219323
0.
0.
0.
-0.141856
0.
0.
0.
-0.019178
0.
0.
0.
0.0827161
0.
0.
0.
0.321767
0.
0.
0.
0.293362
0.
0.
0.
0.191754
0.
0.
0.
0.0510712
0.
0.
0.
0.0958474
0.
0.
0.
0.156901
0.
0.
0.
-0.00840106
0.
0.
0.
0.469993
0.
0.
0.
0.385353
0.
0.
0.
0.244655
0.
0.
0.
-0.0172295
1.
0.
0.
0.0690259
0.402258
-0.00845783
-0.0016087
0.0394127
0.377175
0.
-0.000312205
-0.0078016
0.28256
0.
0.0014984
-0.0669812
0.373953
0.
0.00728966
0.102909
0.385447
0.
0.000400068
-0.0134576
0.284369
0.
0.00582499
-0.0753999
0.367328
0.
-0.00845412
0.138616
0.38608
0.00567186
0.
0.151207
0.381791
0.020786
0.
-0.00570842
0.271414
0.0250024
0.
-0.0729877
0.356147
-0.00382434
0.
0.149689
0.389466
0.0073939
0.
-0.00512338
0.276892
0.00766357
0.
-0.0834638
0.238512
0.00257204
-0.0337399
-0.0631756
0.246266
-0.0123868
0.013874
-0.104355
0.314241
-0.0358429
-0.0168164
0.0477899
0.438852
-0.0472881
-0.0856298
0.244846
0.382147
0.0457804
-0.0847945
0.19206
0.259852
0.0383738
0.0185229
0.100014
0.34748
0.0494527
0.0481996
0.234109
0.226695
0.000822505
-0.0220654
-0.0214291
0.31783
-0.000690574
-0.0107923
0.0562243
0.253435
-0.00101586
0.0185843
-0.069908
0.287462
-0.0220318
0.0128043
0.0708736
0.314186
-0.0413193
0.0820991
0.198714
0.314246
0.00415579
-0.0121524
0.0932029
0.211874
-0.0585933
0.0188721
0.0966321
0.330793
0.00144639
0.0810641
0.229424
