Vec Object: 1 MPI process
  type: seq
0.
0.
0.
-0.0929573
0.
0.
0.
0.217265
0.145884
-0.167417
0.
-0.130023
0.162034
-0.176803
0.
-0.10769
0.201297
0.192133
0.
-0.0533647
0.161413
0.172658
0.
-0.138163
0.375044
0.0228062
0.
0.0622474
0.367878
0.0189874
0.
0.0417483
0.381188
-0.0232944
0.
0.0454926
0.381456
-0.0329052
0.
0.0704347
0.
0.
0.
-0.0721946
0.
0.
0.
-0.184586
0.281603
-0.0499638
0.
-0.0300625
0.325539
0.0745349
0.
-0.0364892
0.288666
-0.0479105
0.
-0.00411166
0.328291
0.108413
0.
-0.0191069
0.312679
0.0580967
0.
0.00985599
0.327051
-0.0932854
0.
-0.0266145
0.282104
0.0500111
0.
-0.0440138
0.323664
-0.0544342
0.
-0.0484108
0.
0.
0.
-0.0249977
0.
0.
0.
-0.0893492
0.
0.
0.
0.202343
0.
0.
0.
0.0189214
0.
0.
0.
-0.146583
0.
0.
0.
-0.00594121
0.
0.
0.
0.104645
0.
0.
0.
0.341588
0.
0.
0.
0.314385
0.
0.
0.
0.207303
0.
0.
0.
0.0711668
0.
0.
0.
0.101396
0.
0.
0.
0.174582
0.
0.
0.
-0.00893063
0.
0.
0.
0.490619
0.
0.
0.
0.408524
0.
0.
0.
0.263979
0.
0.
0.
-0.0209876
1.
0.
0.
0.07493
0.401708
-0.00838178
-0.00162054
0.0493664
0.377837
0.
-0.000147944
-0.00860484
0.283062
0.
0.00164414
-0.0755686
0.377177
0.
0.00679076
0.106863
0.386638
0.
0.000214754
-0.0132015
0.284739
0.
0.0055152
-0.084126
0.369299
0.
-0.00842715
0.144052
0.389501
0.00504912
0.
0.156878
0.382705
0.0206462
0.
-0.0065025
0.27205
0.0247825
0.
-0.0815018
0.359058
-0.00368792
0.
0.157137
0.390842
0.00706499
0.
-0.00479083
0.277376
0.00729823
0.
-0.0923995
0.237887
0.00160285
-0.0321819
-0.0708265
0.245938
-0.011558
0.0130661
-0.114051
0.310468
-0.035768
-0.0151957
0.0471549
0.440511
-0.0424022
-0.0820548
0.253489
0.384243
0.0411867
-0.0812158
0.199041
0.25343
0.0391603
0.0174572
0.10243
0.347086
0.0451033
0.0462912
0.243335
0.224159
0.00171687
-0.021501
-0.025655
0.31175
-0.000813863
-0.00943395
0.0573107
0.252734
-0.00243437
0.017643
-0.0784322
0.282879
-0.022705
0.0120753
0.0722598
0.314897
-0.0372643
0.0787864
0.205577
0.309349
0.00473092
-0.0117247
0.0954475
0.203248
-0.0578471
0.0171069
0.109691
0.330469
-0.000438312
0.0772952
0.23936
