Vec Object: 1 MPI process
  type: seq
0.
0.
0.
-0.0805443
0.
0.
0.
0.019073
0.169151
-0.16781
0.
-0.0508421
0.175474
-0.179741
0.
-0.0534046
0.189636
0.207175
0.
-0.0447494
0.182495
0.163775
0.
-0.0420924
0.389598
0.00842685
0.
-0.000413559
0.376461
0.00754724
0.
0.00947729
0.392243
-0.0218068
0.
0.00933606
0.399039
-0.0162808
0.
0.00364917
0.
0.
0.
-0.0187588
0.
0.
0.
-0.0563479
0.323967
-0.0578478
0.
-0.01206
0.316797
0.0899098
0.
0.00303916
0.32907
-0.050457
0.
-0.0148854
0.321282
0.109871
0.
0.0159053
0.356015
0.0754762
0.
-0.00481205
0.321733
-0.101874
0.
0.012518
0.323023
0.0362279
0.
-0.0105133
0.320346
-0.0620319
0.
-0.00309399
0.
0.
0.
-0.108253
0.
0.
0.
0.0240406
0.
0.
0.
-0.0130928
0.
0.
0.
0.151975
0.
0.
0.
-0.0402253
0.
0.
0.
-0.139491
0.
0.
0.
-0.232129
0.
0.
0.
-0.0106013
0.
0.
0.
-0.0642874
0.
0.
0.
-0.0381791
0.
0.
0.
-0.146638
0.
0.
0.
0.0369862
0.
0.
0.
-0.0955222
0.
0.
0.
0.0122787
0.
0.
0.
0.0675065
0.
0.
0.
-0.0333445
0.
0.
0.
-0.012523
0.
0.
0.
0.0111077
1.
0.
0.
0.0339168
0.391165
-0.00790398
0.000159569
-0.0012199
0.382467
0.
-0.00463455
-0.0055751
0.265618
0.
-0.00435818
-0.007396
0.275582
0.
0.0241311
0.0354287
0.376415
0.
0.00569032
-0.00977745
0.26604
0.
0.0169065
-0.00254667
0.290945
0.
-0.0040687
0.0363896
0.27097
0.0242557
0.
0.0339434
0.383871
0.0172602
0.
-0.00321183
0.252401
0.0169524
0.
-0.0112288
0.252411
0.00770725
0.
0.0337151
0.382374
0.0166166
0.
-0.00362824
0.260834
0.0185177
0.
-0.00739213
0.252076
0.0264912
-0.0540967
-0.000468742
0.248915
-0.0240348
0.0217702
-0.0048987
0.372026
-0.0210061
-0.0940273
-0.00281695
0.434621
-0.170312
-0.172635
0.0896226
0.362672
0.161157
-0.179656
0.0549602
0.333947
-0.0564964
0.0230411
0.0146762
0.369726
0.135164
0.120129
0.0642469
0.296831
-0.0159962
-0.0310696
-0.00745534
0.412163
0.00214264
-0.0584018
-6.31063e-05
0.254072
0.0188244
0.0333042
0.014311
0.403427
0.0218556
0.0659083
-9.89236e-05
0.330368
-0.138688
0.154354
0.0698668
0.425179
-0.0112337
-0.000531545
0.00766739
0.312267
0.054808
0.0881604
-0.0806196
0.358481
0.048523
0.154981
0.0562651
