Vec Object: 1 MPI process
  type: seq
0.
0.
0.
-0.119922
0.
0.
0.
0.116371
0.152442
-0.168264
0.
-0.114916
0.166644
-0.177653
0.
-0.0969019
0.193657
0.199252
0.
-0.0702008
0.16736
0.170631
0.
-0.118474
0.383539
0.0140412
0.
0.0184774
0.373596
0.0119864
0.
0.00904053
0.387956
-0.0188989
0.
0.00818282
0.390603
-0.0239691
0.
0.0271118
0.
0.
0.
-0.0540042
0.
0.
0.
-0.136234
0.294553
-0.0524202
0.
-0.0170207
0.323296
0.0837551
0.
-0.00454203
0.300508
-0.0486781
0.
0.00359028
0.325917
0.116348
0.
0.0150704
0.325311
0.0625588
0.
0.0162537
0.325129
-0.103009
0.
0.00857061
0.295894
0.0463136
0.
-0.0296462
0.322211
-0.0610768
0.
-0.0117751
0.
0.
0.
-0.104176
0.
0.
0.
-0.0617403
0.
0.
0.
0.0900976
0.
0.
0.
0.0457626
0.
0.
0.
-0.114594
0.
0.
0.
-0.102631
0.
0.
0.
-0.0612616
0.
0.
0.
0.187538
0.
0.
0.
0.149588
0.
0.
0.
0.085524
0.
0.
0.
-0.0751261
0.
0.
0.
0.0548813
0.
0.
0.
0.037293
0.
0.
0.
-0.0121469
0.
0.
0.
0.330267
0.
0.
0.
0.227725
0.
0.
0.
0.11915
0.
0.
0.
-0.00543805
1.
0.
0.
0.0530932
0.402972
-0.00859709
-0.00129204
0.0037613
0.375445
0.
-0.00150337
-0.00337823
0.278598
0.
0.000244248
-0.0326659
0.347882
0.
0.0112429
0.0783123
0.380629
0.
0.00197292
-0.011822
0.281061
0.
0.00842271
-0.0388912
0.349513
0.
-0.00811003
0.104613
0.357711
0.0105624
0.
0.113196
0.378769
0.0208333
0.
-0.00118135
0.26653
0.0251578
0.
-0.0381867
0.331363
-0.00346032
0.
0.104888
0.384288
0.0101415
0.
-0.00387776
0.272983
0.0109446
0.
-0.0451355
0.242327
0.0101857
-0.0441431
-0.0333228
0.247833
-0.0183278
0.0192175
-0.0608399
0.33849
-0.0331013
-0.0316992
0.0345725
0.428596
-0.0828227
-0.110819
0.192538
0.367575
0.0791421
-0.110803
0.145911
0.301113
0.0248619
0.0248786
0.0718316
0.350008
0.0797039
0.0640732
0.173001
0.244931
-0.00684352
-0.0255956
-0.0114779
0.357579
0.000418172
-0.0227879
0.0374345
0.257078
0.0102516
0.0248993
-0.0353889
0.319828
-0.0144096
0.0207209
0.0463953
0.310032
-0.0701625
0.105175
0.151882
0.348764
-0.000512431
-0.0130026
0.0650545
0.266922
-0.0530038
0.0348559
0.0066642
0.332972
0.0153624
0.107248
0.163962
