Vec Object: 1 MPI process
  type: seq
0.
0.
0.
-0.121906
0.
0.
0.
0.101658
0.153883
-0.168086
0.
-0.109686
0.16756
-0.177603
0.
-0.093061
0.192915
0.199985
0.
-0.0694943
0.168676
0.170006
0.
-0.112564
0.384311
0.0132037
0.
0.0152399
0.374009
0.0114151
0.
0.00734347
0.388373
-0.0188712
0.
0.00678684
0.391539
-0.0230389
0.
0.0236966
0.
0.
0.
-0.0517173
0.
0.
0.
-0.129006
0.296724
-0.0531243
0.
-0.0173686
0.322922
0.084677
0.
-0.00215903
0.302505
-0.0491864
0.
0.00184489
0.325561
0.116703
0.
0.0173442
0.327469
0.0637624
0.
0.0143611
0.324846
-0.103702
0.
0.0110758
0.298107
0.0458193
0.
-0.0288239
0.321948
-0.0616442
0.
-0.00890941
0.
0.
0.
-0.113449
0.
0.
0.
-0.0563944
0.
0.
0.
0.0739443
0.
0.
0.
0.0522316
0.
0.
0.
-0.109008
0.
0.
0.
-0.114856
0.
0.
0.
-0.0850945
0.
0.
0.
0.164274
0.
0.
0.
0.12449
0.
0.
0.
0.0676421
0.
0.
0.
-0.09424
0.
0.
0.
0.0485057
0.
0.
0.
0.0172967
0.
0.
0.
-0.0125545
0.
0.
0.
0.305071
0.
0.
0.
0.199806
0.
0.
0.
0.0987123
0.
0.
0.
-0.00410782
1.
0.
0.
0.0521797
0.402659
-0.00858052
-0.00120349
0.00112322
0.375552
0.
-0.00174242
-0.00296157
0.277717
0.
-3.88831e-05
-0.0291596
0.342584
0.
0.0120869
0.074182
0.380175
0.
0.00230501
-0.011371
0.280248
0.
0.00899287
-0.0347618
0.345628
0.
-0.00794959
0.0986878
0.351773
0.0115673
0.
0.106158
0.378688
0.0206847
0.
-0.0007422
0.265484
0.024941
0.
-0.0345202
0.326101
-0.00313706
0.
0.0975636
0.383896
0.0107139
0.
-0.00348732
0.272118
0.0116564
0.
-0.040644
0.24297
0.0116811
-0.0459198
-0.0297757
0.247997
-0.0194147
0.0201001
-0.0551307
0.342635
-0.0321959
-0.0352814
0.0308383
0.427207
-0.0898024
-0.115614
0.183476
0.365153
0.0856711
-0.115929
0.137532
0.307959
0.0207016
0.0257678
0.0659601
0.35069
0.0852632
0.0676096
0.162276
0.248526
-0.008276
-0.026179
-0.0110743
0.364432
0.00063569
-0.025524
0.0333648
0.257485
0.0122887
0.0259935
-0.0310252
0.32607
-0.0124457
0.0228489
0.0410333
0.309706
-0.0757194
0.109467
0.143624
0.355356
-0.00150022
-0.0127166
0.0589623
0.275926
-0.0494361
0.038603
-0.00808716
0.333637
0.0181245
0.112061
0.152655
