Vec Object: 1 MPI process
  type: seq
0.
0.
0.
-0.122712
0.
0.
0.
0.07723
0.156547
-0.167739
0.
-0.0996334
0.169141
-0.177565
0.
-0.0859349
0.191741
0.201217
0.
-0.0671469
0.171118
0.168829
0.
-0.101206
0.385492
0.0119049
0.
0.0106514
0.374555
0.010595
0.
0.00560266
0.388922
-0.0190618
0.
0.00576558
0.393049
-0.0215263
0.
0.0186282
0.
0.
0.
-0.0469881
0.
0.
0.
-0.115403
0.300781
-0.0543118
0.
-0.017952
0.322197
0.0860654
0.
0.000931638
0.306261
-0.0500332
0.
-0.00164534
0.324901
0.116821
0.
0.0199598
0.331538
0.0660069
0.
0.0104386
0.324326
-0.10448
0.
0.0141393
0.302161
0.0447369
0.
-0.0270091
0.32146
-0.0623935
0.
-0.00514555
0.
0.
0.
-0.126433
0.
0.
0.
-0.0450891
0.
0.
0.
0.047244
0.
0.
0.
0.0663306
0.
0.
0.
-0.0977073
0.
0.
0.
-0.133312
0.
0.
0.
-0.125082
0.
0.
0.
0.124066
0.
0.
0.
0.081018
0.
0.
0.
0.0376786
0.
0.
0.
-0.124108
0.
0.
0.
0.0389443
0.
0.
0.
-0.0160992
0.
0.
0.
-0.0121248
0.
0.
0.
0.259982
0.
0.
0.
0.150712
0.
0.
0.
0.0648416
0.
0.
0.
-0.00143326
1.
0.
0.
0.0506421
0.401804
-0.00853626
-0.0010287
-0.00195207
0.376018
0.
-0.0021968
-0.0025983
0.275977
0.
-0.00060017
-0.0239098
0.332665
0.
0.0137256
0.0669455
0.379548
0.
0.00292756
-0.0107047
0.278574
0.
0.0101017
-0.0282058
0.338155
0.
-0.00758685
0.0880206
0.340469
0.0134782
0.
0.0933079
0.378834
0.020306
0.
-0.000346479
0.263449
0.0243546
0.
-0.0289709
0.316048
-0.00232046
0.
0.084838
0.383456
0.0117832
0.
-0.0029415
0.270426
0.0130004
0.
-0.0334723
0.24414
0.0144091
-0.0489348
-0.0236769
0.248221
-0.0213128
0.0215446
-0.0454185
0.349831
-0.0303659
-0.0425751
0.0241151
0.425311
-0.102854
-0.124485
0.167097
0.361223
0.0978592
-0.12557
0.122373
0.319433
0.0116696
0.027042
0.0555936
0.352276
0.0952345
0.0746067
0.143304
0.255335
-0.0107074
-0.0271833
-0.0103526
0.376321
0.00101549
-0.0308973
0.0262994
0.257985
0.0157082
0.0278749
-0.0232866
0.337719
-0.00840168
0.0273686
0.0317237
0.309716
-0.0860275
0.117271
0.129098
0.367518
-0.00337134
-0.0118059
0.0480927
0.290879
-0.0404492
0.0460826
-0.0321453
0.335266
0.023289
0.120703
0.132891
