Vec Object: 1 MPI process
  type: seq
0.
0.
0.
-0.0757008
0.
0.
0.
0.0197433
0.170509
-0.168245
0.
-0.0461801
0.176364
-0.180334
0.
-0.0496892
0.190088
0.20791
0.
-0.0415254
0.18346
0.163599
0.
-0.0364133
0.390035
0.00841637
0.
-0.00102391
0.377072
0.0068695
0.
0.00991006
0.393131
-0.0221745
0.
0.0092304
0.399688
-0.0159893
0.
0.00258171
0.
0.
0.
-0.0174528
0.
0.
0.
-0.0543659
0.327
-0.0582494
0.
-0.0111191
0.315846
0.0903184
0.
0.0028092
0.332281
-0.04993
0.
-0.0153993
0.320932
0.10852
0.
0.0147697
0.359342
0.0761268
0.
-0.00529754
0.321524
-0.10114
0.
0.0115799
0.325425
0.035246
0.
-0.00893628
0.320723
-0.0616576
0.
-0.00357944
0.
0.
0.
-0.100534
0.
0.
0.
0.0282831
0.
0.
0.
-0.0116332
0.
0.
0.
0.154697
0.
0.
0.
-0.0388319
0.
0.
0.
-0.133217
0.
0.
0.
-0.232833
0.
0.
0.
-0.0163551
0.
0.
0.
-0.0700567
0.
0.
0.
-0.0377594
0.
0.
0.
-0.136094
0.
0.
0.
0.0397283
0.
0.
0.
-0.0936091
0.
0.
0.
0.0157052
0.
0.
0.
0.0525657
0.
0.
0.
-0.0438479
0.
0.
0.
-0.0106956
0.
0.
0.
0.0104584
1.
0.
0.
0.0309068
0.389012
-0.00768712
0.00038746
-0.000623738
0.383477
0.
-0.00486517
-0.00588221
0.264536
0.
-0.00489462
-0.00607093
0.267909
0.
0.0254835
0.0323457
0.375512
0.
0.00584748
-0.00945412
0.264159
0.
0.0178051
-0.000254265
0.2843
0.
-0.00328876
0.031376
0.261324
0.0253494
0.
0.0289366
0.384757
0.0169459
0.
-0.00350317
0.251581
0.0153637
0.
-0.00996595
0.242964
0.00971566
0.
0.0297664
0.38184
0.0169311
0.
-0.0036781
0.259816
0.0185784
0.
-0.00535024
0.25317
0.0276274
-0.0529211
0.00036322
0.248777
-0.0226109
0.0205859
-0.00201297
0.371952
-0.0204024
-0.100608
-0.00506775
0.438248
-0.176692
-0.178501
0.0823841
0.367031
0.167366
-0.185827
0.0495542
0.327964
-0.0633999
0.0215017
0.0115471
0.372831
0.137626
0.125392
0.0580815
0.302193
-0.015856
-0.031478
-0.00796007
0.412213
0.00216699
-0.0598964
-0.00225703
0.252454
0.0164945
0.0334924
0.017121
0.411796
0.0260329
0.0720171
-0.00216869
0.336123
-0.143936
0.15797
0.0651244
0.429823
-0.0113451
0.000889773
0.00510503
0.306798
0.0670271
0.0907911
-0.0787307
0.363834
0.0503799
0.156716
0.0509169
