Vec Object: 1 MPI process
  type: seq
0.
0.
0.
-0.122451
0.
0.
0.
0.0953585
0.154535
-0.168001
0.
-0.107264
0.167961
-0.177585
0.
-0.0913133
0.192607
0.200297
0.
-0.0690294
0.169272
0.16972
0.
-0.109833
0.384626
0.01286
0.
0.0139743
0.374166
0.0111898
0.
0.00676921
0.388529
-0.0188925
0.
0.0063774
0.391931
-0.022648
0.
0.0223311
0.
0.
0.
-0.0506316
0.
0.
0.
-0.125721
0.297708
-0.0534303
0.
-0.0175368
0.32275
0.0850508
0.
-0.00126115
0.303412
-0.0494073
0.
0.00100721
0.325401
0.116793
0.
0.0181575
0.32845
0.0643106
0.
0.0134362
0.324719
-0.103948
0.
0.011996
0.299099
0.0455773
0.
-0.0284285
0.321829
-0.0618609
0.
-0.00782158
0.
0.
0.
-0.117124
0.
0.
0.
-0.0538111
0.
0.
0.
0.0670432
0.
0.
0.
0.0554139
0.
0.
0.
-0.106371
0.
0.
0.
-0.119864
0.
0.
0.
-0.0953439
0.
0.
0.
0.154126
0.
0.
0.
0.113528
0.
0.
0.
0.0599527
0.
0.
0.
-0.102195
0.
0.
0.
0.0458975
0.
0.
0.
0.00871121
0.
0.
0.
-0.0125998
0.
0.
0.
0.293897
0.
0.
0.
0.187526
0.
0.
0.
0.0899727
0.
0.
0.
-0.00348959
1.
0.
0.
0.0518059
0.402483
-0.00857107
-0.00116203
0.00018181
0.375635
0.
-0.00185168
-0.00282533
0.277306
0.
-0.000171134
-0.0277507
0.340181
0.
0.0124769
0.072372
0.38
0.
0.0024561
-0.0111861
0.27986
0.
0.00925675
-0.0330526
0.343841
0.
-0.00786881
0.0960565
0.349056
0.0120267
0.
0.103005
0.37869
0.0206043
0.
-0.000596946
0.265
0.02482
0.
-0.0330384
0.323689
-0.00296454
0.
0.0943678
0.383759
0.0109738
0.
-0.0033303
0.271716
0.0119815
0.
-0.0387769
0.243256
0.0123515
-0.0466892
-0.028247
0.24806
-0.0198925
0.0204762
-0.0526786
0.344447
-0.031766
-0.0369782
0.0291659
0.426661
-0.0929666
-0.117775
0.179443
0.364124
0.0886283
-0.118258
0.133796
0.310907
0.0186604
0.0261248
0.0633659
0.351036
0.0877332
0.0692595
0.157548
0.250165
-0.00889743
-0.0264326
-0.0109065
0.367428
0.000731356
-0.0267981
0.03158
0.257637
0.0131679
0.0264701
-0.029116
0.328895
-0.0115097
0.023879
0.0386797
0.309631
-0.0782283
0.111386
0.139994
0.358324
-0.00195195
-0.0125402
0.0562537
0.279784
-0.0475368
0.0403616
-0.0143507
0.333983
0.0193773
0.1142
0.1477
