Vec Object: 1 MPI process
  type: seq
0.
0.
0.
-0.0775063
0.
0.
0.
0.285783
0.149595
-0.159764
0.
-0.0754336
0.165884
-0.169682
0.
-0.0535535
0.215276
0.179183
0.
0.0279336
0.165545
0.166951
0.
-0.0850096
0.36088
0.0369178
0.
0.141287
0.357272
0.0313228
0.
0.107022
0.366776
-0.0357947
0.
0.131088
0.367301
-0.0467574
0.
0.147545
0.
0.
0.
-0.113411
0.
0.
0.
-0.247535
0.271829
-0.0579207
0.
-0.0969918
0.327693
0.0617464
0.
-0.100001
0.279705
-0.0588573
0.
-0.0739106
0.330904
0.0935281
0.
-0.0888577
0.303316
0.0646454
0.
-0.0490072
0.32922
-0.0773853
0.
-0.0957696
0.271112
0.0602485
0.
-0.09796
0.324549
-0.0445459
0.
-0.117124
0.
0.
0.
0.0365561
0.
0.
0.
-0.126239
0.
0.
0.
0.281433
0.
0.
0.
-0.00502738
0.
0.
0.
-0.188632
0.
0.
0.
0.0692122
0.
0.
0.
0.233706
0.
0.
0.
0.45749
0.
0.
0.
0.43466
0.
0.
0.
0.292318
0.
0.
0.
0.190066
0.
0.
0.
0.122648
0.
0.
0.
0.272398
0.
0.
0.
-0.0276844
0.
0.
0.
0.619802
0.
0.
0.
0.546317
0.
0.
0.
0.380313
0.
0.
0.
-0.0660729
1.
0.
0.
0.164206
0.395175
-0.0074166
-0.00141293
0.140096
0.384626
0.
0.000816413
-0.0203225
0.286082
0.
0.00230321
-0.16353
0.390161
0.
0.00415493
0.141971
0.397527
0.
-0.00055663
-0.0131434
0.286784
0.
0.00402742
-0.171229
0.375036
0.
-0.00790783
0.189969
0.403038
0.00209704
0.
0.202391
0.391514
0.0189992
0.
-0.017773
0.275773
0.0223197
0.
-0.166983
0.369794
-0.00185197
0.
0.216582
0.403779
0.00568827
0.
-0.00420807
0.280127
0.00603428
0.
-0.180525
0.233829
-0.00260764
-0.0232818
-0.152438
0.243558
-0.00713962
0.00846987
-0.206846
0.286752
-0.0310357
-0.00784646
0.0167553
0.448923
-0.0151158
-0.0615559
0.326594
0.394161
0.0157207
-0.0611476
0.252671
0.214151
0.0380917
0.010934
0.0995309
0.342532
0.0204823
0.0367719
0.306399
0.209603
0.00372725
-0.0179635
-0.0810999
0.274661
-0.0010344
-0.0032724
0.045834
0.248044
-0.00711473
0.0121824
-0.16783
0.256044
-0.0240054
0.00937066
0.0563094
0.317382
-0.013989
0.0597768
0.251148
0.280704
0.00758581
-0.00796831
0.0918178
0.150719
-0.0481304
0.00923286
0.176367
0.326361
-0.010767
0.0558006
0.305664
