Vec Object: 1 MPI process
  type: seq
0.
0.
0.
-0.088564
0.
0.
0.
0.232841
0.145691
-0.166583
0.
-0.12663
0.161945
-0.176079
0.
-0.10425
0.203385
0.190203
0.
-0.0443533
0.161288
0.172293
0.
-0.135437
0.372734
0.0251282
0.
0.0756575
0.366183
0.020979
0.
0.0527763
0.378981
-0.0251101
0.
0.0592137
0.37911
-0.0351951
0.
0.0835307
0.
0.
0.
-0.0780502
0.
0.
0.
-0.195081
0.279556
-0.0505507
0.
-0.0382989
0.325938
0.0723337
0.
-0.0456643
0.286792
-0.0489412
0.
-0.0122481
0.328757
0.106018
0.
-0.0292061
0.31071
0.0584458
0.
0.00275723
0.327435
-0.0906485
0.
-0.0367392
0.279837
0.0512934
0.
-0.050858
0.323864
-0.0527552
0.
-0.0585847
0.
0.
0.
-0.0113139
0.
0.
0.
-0.0951364
0.
0.
0.
0.220046
0.
0.
0.
0.0147625
0.
0.
0.
-0.153381
0.
0.
0.
0.0105179
0.
0.
0.
0.132102
0.
0.
0.
0.366251
0.
0.
0.
0.340427
0.
0.
0.
0.226354
0.
0.
0.
0.0964611
0.
0.
0.
0.10763
0.
0.
0.
0.19635
0.
0.
0.
-0.0105885
0.
0.
0.
0.516618
0.
0.
0.
0.437469
0.
0.
0.
0.288252
0.
0.
0.
-0.0271258
1.
0.
0.
0.0847243
0.400802
-0.00825574
-0.00161833
0.0643422
0.378856
0.
5.73867e-05
-0.00964052
0.283686
0.
0.00181397
-0.0883542
0.380907
0.
0.00618735
0.112046
0.38838
0.
2.04581e-06
-0.0125651
0.285185
0.
0.00514992
-0.0970068
0.371451
0.
-0.00836606
0.151218
0.393436
0.0043083
0.
0.164206
0.384073
0.0204177
0.
-0.0075059
0.272839
0.0244297
0.
-0.0940912
0.362359
-0.00344603
0.
0.166972
0.392878
0.006686
0.
-0.00404951
0.277969
0.00689317
0.
-0.105519
0.237076
0.000468818
-0.030231
-0.0825367
0.245492
-0.0105433
0.0120552
-0.128219
0.305629
-0.0354209
-0.0133261
0.0446721
0.442563
-0.0363565
-0.0775951
0.265076
0.386773
0.035508
-0.0767861
0.208061
0.245245
0.039744
0.0160901
0.104305
0.346495
0.0396828
0.0440204
0.255049
0.221002
0.00266597
-0.0207751
-0.0327976
0.304016
-0.000942072
-0.0078601
0.0575047
0.251807
-0.00402427
0.0164615
-0.0913687
0.27714
-0.0233776
0.011284
0.0724852
0.315734
-0.0322066
0.0746503
0.214133
0.30322
0.00541571
-0.0110911
0.0970759
0.192257
-0.0564754
0.0150734
0.12545
0.329969
-0.00276029
0.0725948
0.251949
