Vec Object: 1 MPI process
  type: seq
0.
0.
0.
-0.119278
0.
0.
0.
0.05506
0.159388
-0.167414
0.
-0.0886002
0.170664
-0.177663
0.
-0.078474
0.190701
0.202471
0.
-0.0635697
0.173745
0.167558
0.
-0.0885221
0.386531
0.010763
0.
0.00703342
0.374928
0.00994065
0.
0.00518953
0.38936
-0.0194994
0.
0.00606653
0.394476
-0.0200954
0.
0.0143073
0.
0.
0.
-0.0409523
0.
0.
0.
-0.100256
0.305315
-0.0553698
0.
-0.0179613
0.321332
0.0872132
0.
0.00282686
0.310513
-0.0507268
0.
-0.00532745
0.324162
0.116272
0.
0.0209847
0.336155
0.0683859
0.
0.00612799
0.323753
-0.104712
0.
0.0156805
0.306565
0.0432678
0.
-0.0242964
0.320945
-0.0628362
0.
-0.00281991
0.
0.
0.
-0.13413
0.
0.
0.
-0.0307098
0.
0.
0.
0.0232078
0.
0.
0.
0.0846585
0.
0.
0.
-0.0840484
0.
0.
0.
-0.146956
0.
0.
0.
-0.162258
0.
0.
0.
0.0846663
0.
0.
0.
0.0383271
0.
0.
0.
0.0100205
0.
0.
0.
-0.147932
0.
0.
0.
0.0321043
0.
0.
0.
-0.0466994
0.
0.
0.
-0.00970551
0.
0.
0.
0.213019
0.
0.
0.
0.101155
0.
0.
0.
0.0341596
0.
0.
0.
0.00194969
1.
0.
0.
0.0485976
0.400482
-0.00847536
-0.000826102
-0.00344902
0.376874
0.
-0.00271195
-0.00273811
0.273919
0.
-0.00127266
-0.0193814
0.321601
0.
0.0156431
0.0595446
0.379055
0.
0.00360674
-0.0102729
0.276481
0.
0.0113917
-0.0220287
0.329522
0.
-0.00709942
0.0766499
0.327557
0.0156537
0.
0.0795396
0.379365
0.0197632
0.
-0.000462108
0.261088
0.0234435
0.
-0.0241149
0.304512
-0.00108148
0.
0.0719929
0.383256
0.0129479
0.
-0.00267582
0.268461
0.0144747
0.
-0.0267599
0.24546
0.0172998
-0.0517317
-0.0173694
0.248394
-0.0231403
0.0227719
-0.0355497
0.356912
-0.0282206
-0.0515903
0.017338
0.424373
-0.117332
-0.134249
0.149609
0.357944
0.111361
-0.136411
0.106332
0.329815
-0.000197454
0.0277942
0.0451952
0.354576
0.105574
0.0829835
0.123811
0.263112
-0.0129448
-0.0281752
-0.00935175
0.387967
0.00138312
-0.0371456
0.0194243
0.25815
0.0187648
0.0296791
-0.0148513
0.350698
-0.00333794
0.0332606
0.0227516
0.310816
-0.0973496
0.125601
0.114314
0.380731
-0.0054378
-0.0102505
0.0371461
0.304233
-0.0268594
0.0550072
-0.0532243
0.337782
0.0289874
0.129684
0.112981
