Vec Object: 1 MPI process
  type: seq
0.
0.
0.
-0.120819
0.
0.
0.
0.0614247
0.158515
-0.167504
0.
-0.092013
0.170213
-0.177614
0.
-0.0807454
0.190999
0.202086
0.
-0.06477
0.172935
0.167949
0.
-0.0924835
0.386229
0.0110921
0.
0.00803954
0.374831
0.0101243
0.
0.00518449
0.389231
-0.0193451
0.
0.00586606
0.394051
-0.02052
0.
0.0155483
0.
0.
0.
-0.0429204
0.
0.
0.
-0.104975
0.30389
-0.0550691
0.
-0.0180495
0.321611
0.0868907
0.
0.00237406
0.30917
-0.0505409
0.
-0.00421793
0.324395
0.116511
0.
0.020838
0.334696
0.0676593
0.
0.00744149
0.323932
-0.1047
0.
0.0153704
0.305196
0.0437563
0.
-0.0252273
0.321101
-0.0627361
0.
-0.00337423
0.
0.
0.
-0.132475
0.
0.
0.
-0.0353838
0.
0.
0.
0.0300806
0.
0.
0.
0.0786716
0.
0.
0.
-0.0884138
0.
0.
0.
-0.143461
0.
0.
0.
-0.151458
0.
0.
0.
0.0963852
0.
0.
0.
0.0510324
0.
0.
0.
0.0180218
0.
0.
0.
-0.141557
0.
0.
0.
0.0338165
0.
0.
0.
-0.0378822
0.
0.
0.
-0.0106774
0.
0.
0.
0.227356
0.
0.
0.
0.116083
0.
0.
0.
0.042956
0.
0.
0.
0.000851946
1.
0.
0.
0.0493015
0.400936
-0.00849553
-0.000890262
-0.00314645
0.376572
0.
-0.00254977
-0.00264151
0.274575
0.
-0.00105668
-0.0206888
0.325074
0.
0.0150316
0.0617955
0.379195
0.
0.00339671
-0.0103747
0.277162
0.
0.0109818
-0.023873
0.332265
0.
-0.00726103
0.080163
0.331644
0.0149667
0.
0.0837866
0.379162
0.0199444
0.
-0.000372127
0.261836
0.0237573
0.
-0.0255243
0.30817
-0.00150778
0.
0.0758771
0.383296
0.0125876
0.
-0.00272035
0.269083
0.0140187
0.
-0.0287512
0.245039
0.0164134
-0.0509262
-0.0192972
0.248345
-0.022607
0.0224358
-0.0385579
0.354806
-0.0288983
-0.0486664
0.0193733
0.424528
-0.112806
-0.1312
0.155007
0.358833
0.107142
-0.133001
0.111258
0.326863
0.00371515
0.0276392
0.0483207
0.353792
0.102429
0.080293
0.129737
0.260648
-0.0123023
-0.0278783
-0.00968821
0.384512
0.00127497
-0.0351694
0.0214664
0.258142
0.0179031
0.0291494
-0.0174879
0.346626
-0.00498805
0.0313144
0.0253986
0.310338
-0.093822
0.123033
0.118791
0.376635
-0.00479681
-0.0107961
0.0404302
0.300455
-0.0315219
0.0521556
-0.0472757
0.336906
0.0272121
0.12695
0.118984
