Vec Object: 1 MPI process
  type: seq
0.
0.
0.
-0.0925704
0.
0.
0.
0.021574
0.166516
-0.167321
0.
-0.060642
0.174041
-0.178845
0.
-0.060337
0.189316
0.205803
0.
-0.0507298
0.180327
0.164525
0.
-0.0543956
0.388763
0.0087472
0.
0.00106765
0.375721
0.00847754
0.
0.00812404
0.390967
-0.021127
0.
0.00887714
0.39779
-0.0170802
0.
0.00603176
0.
0.
0.
-0.0234067
0.
0.
0.
-0.064273
0.318385
-0.0572018
0.
-0.0141537
0.318366
0.0892238
0.
0.00350568
0.323297
-0.0510683
0.
-0.0130809
0.322065
0.112206
0.
0.0180503
0.349933
0.0738867
0.
-0.00292777
0.322233
-0.103103
0.
0.0141885
0.318403
0.0382534
0.
-0.0142485
0.320095
-0.0625783
0.
-0.00224779
0.
0.
0.
-0.122243
0.
0.
0.
0.0115543
0.
0.
0.
-0.0116134
0.
0.
0.
0.138413
0.
0.
0.
-0.0481386
0.
0.
0.
-0.149495
0.
0.
0.
-0.224142
0.
0.
0.
0.00666647
0.
0.
0.
-0.0460733
0.
0.
0.
-0.0339704
0.
0.
0.
-0.161136
0.
0.
0.
0.0319665
0.
0.
0.
-0.0930757
0.
0.
0.
0.00515453
0.
0.
0.
0.101946
0.
0.
0.
-0.00558205
0.
0.
0.
-0.0106475
0.
0.
0.
0.0104213
1.
0.
0.
0.0392046
0.394649
-0.0081805
-0.000190071
-0.00241013
0.380602
0.
-0.00413136
-0.00474408
0.2679
0.
-0.00339804
-0.0102719
0.289581
0.
0.0215532
0.0416936
0.377602
0.
0.00524314
-0.0100462
0.269416
0.
0.0152483
-0.00756384
0.302991
0.
-0.00522144
0.0470541
0.288524
0.0218939
0.
0.0451964
0.382288
0.0179457
0.
-0.00240987
0.254534
0.019415
0.
-0.014207
0.269028
0.00443544
0.
0.042679
0.382953
0.0157933
0.
-0.00330891
0.262918
0.0178666
0.
-0.012023
0.249913
0.0242227
-0.0551623
-0.00344566
0.248845
-0.0253186
0.0232256
-0.0120046
0.370206
-0.0226151
-0.0811353
0.00212224
0.429207
-0.15637
-0.161463
0.105086
0.357497
0.14788
-0.167323
0.0673248
0.340212
-0.0405434
0.0256079
0.0219139
0.364343
0.128843
0.109242
0.0783371
0.286606
-0.0160248
-0.0303388
-0.00708213
0.409315
0.00203402
-0.053754
0.0046646
0.256231
0.0213236
0.0328006
0.00734435
0.38777
0.0138987
0.0549518
0.00482449
0.321691
-0.127627
0.1468
0.080408
0.41431
-0.0102665
-0.00356974
0.013939
0.318118
0.0289512
0.0803823
-0.0808098
0.350213
0.0437891
0.149847
0.0689235
