Vec Object: 1 MPI process
  type: seq
0.
0.
0.
-0.0739245
0.
0.
0.
0.0204232
0.171157
-0.168502
0.
-0.0440952
0.176834
-0.180655
0.
-0.04789
0.190382
0.208265
0.
-0.0399823
0.183877
0.163583
0.
-0.0339509
0.39024
0.00845715
0.
-0.00127273
0.377429
0.00648964
0.
0.0100221
0.393612
-0.0223568
0.
0.00908658
0.399995
-0.0158854
0.
0.00211616
0.
0.
0.
-0.0171293
0.
0.
0.
-0.0539321
0.328482
-0.0584621
0.
-0.0107331
0.315355
0.090535
0.
0.0027198
0.333861
-0.0496261
0.
-0.0155275
0.320789
0.107843
0.
0.014237
0.360967
0.0763926
0.
-0.00540583
0.321438
-0.10077
0.
0.0111295
0.326574
0.034802
0.
-0.00830274
0.320974
-0.0614571
0.
-0.00380668
0.
0.
0.
-0.0969884
0.
0.
0.
0.0296724
0.
0.
0.
-0.0105435
0.
0.
0.
0.154715
0.
0.
0.
-0.0388915
0.
0.
0.
-0.130191
0.
0.
0.
-0.232411
0.
0.
0.
-0.0183481
0.
0.
0.
-0.0719349
0.
0.
0.
-0.0370501
0.
0.
0.
-0.130665
0.
0.
0.
0.0409126
0.
0.
0.
-0.0920787
0.
0.
0.
0.0172122
0.
0.
0.
0.0462783
0.
0.
0.
-0.0478523
0.
0.
0.
-0.0093501
0.
0.
0.
0.00991233
1.
0.
0.
0.0294405
0.387901
-0.00756225
0.000509705
-0.000361843
0.383959
0.
-0.00496579
-0.00598523
0.264057
0.
-0.00516191
-0.00549272
0.264171
0.
0.0261196
0.0309258
0.374996
0.
0.00590109
-0.00924193
0.263241
0.
0.0182437
0.000722402
0.281051
0.
-0.0028599
0.0291681
0.256628
0.0258203
0.
0.0267951
0.385192
0.0168087
0.
-0.0035981
0.251286
0.0145158
0.
-0.00945174
0.238261
0.0107505
0.
0.0280705
0.381518
0.017049
0.
-0.00366004
0.259353
0.0185289
0.
-0.00448986
0.253648
0.0281811
-0.0522284
0.000602335
0.248633
-0.0217283
0.0199242
-0.000867157
0.371648
-0.0201749
-0.103638
-0.00603413
0.440149
-0.179434
-0.181282
0.0791785
0.369533
0.170084
-0.188654
0.0472633
0.324519
-0.0661384
0.0207639
0.0102621
0.374365
0.138589
0.127701
0.0554587
0.304709
-0.0158037
-0.0316897
-0.00823594
0.411908
0.00217009
-0.0603398
-0.00321275
0.251541
0.0151339
0.0335881
0.0182267
0.41581
0.0279775
0.0749782
-0.00301552
0.33917
-0.146259
0.159585
0.0630569
0.431731
-0.0112837
0.00148725
0.00405511
0.303748
0.0721714
0.0916022
-0.0775387
0.36666
0.0510551
0.15729
0.0486772
