Vec Object: 1 MPI process
  type: seq
0.
0.
0.
-0.122853
0.
0.
0.
0.0816986
0.15603
-0.167805
0.
-0.101612
0.168846
-0.177565
0.
-0.0873112
0.191953
0.200985
0.
-0.0676883
0.170643
0.169059
0.
-0.10345
0.385282
0.0121368
0.
0.0114322
0.374467
0.0107351
0.
0.00582362
0.388831
-0.0190051
0.
0.00584184
0.392773
-0.0218039
0.
0.0195165
0.
0.
0.
-0.0479709
0.
0.
0.
-0.118084
0.299984
-0.0540952
0.
-0.0178688
0.322343
0.0858229
0.
0.000444351
0.30552
-0.0498817
0.
-0.000961052
0.32503
0.116848
0.
0.0195911
0.330734
0.0655712
0.
0.0112216
0.324427
-0.104374
0.
0.0136812
0.301373
0.0449675
0.
-0.0274083
0.321555
-0.0622752
0.
-0.0057425
0.
0.
0.
-0.124337
0.
0.
0.
-0.0474424
0.
0.
0.
0.0521151
0.
0.
0.
0.0633643
0.
0.
0.
-0.100013
0.
0.
0.
-0.130148
0.
0.
0.
-0.117711
0.
0.
0.
0.131614
0.
0.
0.
0.0891865
0.
0.
0.
0.0431921
0.
0.
0.
-0.118862
0.
0.
0.
0.0405695
0.
0.
0.
-0.00996767
0.
0.
0.
-0.0123398
0.
0.
0.
0.268627
0.
0.
0.
0.160024
0.
0.
0.
0.0710342
0.
0.
0.
-0.00198675
1.
0.
0.
0.0509523
0.401998
-0.00854591
-0.00106372
-0.00150278
0.375902
0.
-0.00210682
-0.00262951
0.276328
0.
-0.000486664
-0.024834
0.334614
0.
0.0133975
0.0683203
0.379653
0.
0.00280567
-0.0108148
0.278918
0.
0.0098798
-0.0294004
0.339644
0.
-0.00766405
0.0900786
0.34271
0.0130996
0.
0.0957986
0.378778
0.0203897
0.
-0.000383108
0.263857
0.0244876
0.
-0.0299536
0.318044
-0.00250276
0.
0.0872445
0.383518
0.0115741
0.
-0.00302647
0.270765
0.0127365
0.
-0.0347795
0.243911
0.0138817
-0.048377
-0.024837
0.248184
-0.0209562
0.0212841
-0.0472503
0.348476
-0.0307357
-0.0410815
0.0253941
0.425608
-0.100291
-0.122751
0.170263
0.361927
0.095468
-0.123669
0.125297
0.317327
0.0135697
0.0268341
0.0575566
0.35193
0.093323
0.0731926
0.14692
0.253987
-0.0102587
-0.0269947
-0.0105046
0.374086
0.00094419
-0.0298192
0.0276226
0.257914
0.015082
0.0275236
-0.0247853
0.335431
-0.00923392
0.0264241
0.0334643
0.309646
-0.0840119
0.115762
0.131857
0.365148
-0.00300297
-0.0120225
0.0501589
0.288149
-0.0424551
0.0445682
-0.0277957
0.334902
0.0222761
0.119045
0.136632
