Vec Object: 1 MPI process
  type: seq
0.
0.
0.
-0.110142
0.
0.
0.
0.159393
0.14885
-0.168501
0.
-0.126619
0.164184
-0.17772
0.
-0.105786
0.19616
0.196886
0.
-0.0687474
0.16408
0.172088
0.
-0.132083
0.380811
0.0169241
0.
0.0311542
0.371917
0.0141387
0.
0.0174181
0.386136
-0.0196911
0.
0.016694
0.387506
-0.0270108
0.
0.0399275
0.
0.
0.
-0.0599605
0.
0.
0.
-0.155523
0.288837
-0.0506187
0.
-0.0176499
0.324261
0.0805735
0.
-0.0141596
0.295277
-0.0474695
0.
0.00605963
0.326885
0.11422
0.
0.00514922
0.319691
0.0596904
0.
0.018898
0.325905
-0.100042
0.
-0.0019084
0.289929
0.0475114
0.
-0.0324654
0.322886
-0.0589091
0.
-0.0230873
0.
0.
0.
-0.0729868
0.
0.
0.
-0.0738626
0.
0.
0.
0.137599
0.
0.
0.
0.0322109
0.
0.
0.
-0.128096
0.
0.
0.
-0.0636842
0.
0.
0.
0.00826536
0.
0.
0.
0.253421
0.
0.
0.
0.220411
0.
0.
0.
0.13743
0.
0.
0.
-0.0158585
0.
0.
0.
0.0748585
0.
0.
0.
0.0955403
0.
0.
0.
-0.00976021
0.
0.
0.
0.399457
0.
0.
0.
0.305539
0.
0.
0.
0.179419
0.
0.
0.
-0.00946715
1.
0.
0.
0.057421
0.403192
-0.00859209
-0.00149248
0.0158623
0.375764
0.
-0.000890819
-0.00522212
0.280723
0.
0.000926474
-0.0456117
0.361566
0.
0.00914729
0.0900843
0.382424
0.
0.00113119
-0.0130617
0.282915
0.
0.00702288
-0.0531866
0.35918
0.
-0.00839616
0.121043
0.372764
0.00800078
0.
0.132119
0.379658
0.0209995
0.
-0.00309356
0.269111
0.0253669
0.
-0.0515078
0.344613
-0.00392592
0.
0.126033
0.386093
0.00868
0.
-0.00494593
0.275085
0.00916329
0.
-0.0604024
0.240517
0.00623567
-0.0390614
-0.0448324
0.247203
-0.0153377
0.0166282
-0.0788642
0.326745
-0.0350371
-0.0233892
0.0436541
0.433296
-0.0646325
-0.0981005
0.217611
0.374708
0.0620859
-0.0974875
0.16871
0.281238
0.03343
0.0219674
0.0874226
0.348631
0.064574
0.0555075
0.202933
0.235617
-0.00285516
-0.023911
-0.0137372
0.338216
-0.000169334
-0.016208
0.0482568
0.255541
0.00449923
0.0218017
-0.0490528
0.303426
-0.0188481
0.0160765
0.0605687
0.311769
-0.0555232
0.0936048
0.174975
0.331307
0.0019709
-0.0130593
0.0809057
0.240529
-0.0583968
0.0260008
0.0504384
0.331731
0.00819729
0.0941553
0.195875
