Vec Object: 1 MPI process
  type: seq
0.
0.
0.
-0.122089
0.
0.
0.
0.0695229
0.157476
-0.167624
0.
-0.0960499
0.169657
-0.177579
0.
-0.0834731
0.191379
0.201629
0.
-0.0660839
0.171974
0.168414
0.
-0.0971226
0.385851
0.011508
0.
0.00935247
0.374696
0.0103615
0.
0.00532605
0.389074
-0.0191832
0.
0.00574342
0.393531
-0.0210418
0.
0.0171194
0.
0.
0.
-0.0451321
0.
0.
0.
-0.11052
0.302233
-0.054683
0.
-0.0180454
0.321927
0.0864734
0.
0.00169029
0.307616
-0.0502874
0.
-0.00286964
0.324664
0.116715
0.
0.020474
0.333009
0.066789
0.
0.00902201
0.324141
-0.104619
0.
0.0148176
0.303587
0.0442945
0.
-0.0262213
0.32129
-0.062576
0.
-0.00421419
0.
0.
0.
-0.129675
0.
0.
0.
-0.0406527
0.
0.
0.
0.0388604
0.
0.
0.
0.0719532
0.
0.
0.
-0.0934188
0.
0.
0.
-0.138486
0.
0.
0.
-0.137876
0.
0.
0.
0.110783
0.
0.
0.
0.0666343
0.
0.
0.
0.0281268
0.
0.
0.
-0.132858
0.
0.
0.
0.0363094
0.
0.
0.
-0.0267016
0.
0.
0.
-0.0115677
0.
0.
0.
0.244521
0.
0.
0.
0.134196
0.
0.
0.
0.0541651
0.
0.
0.
-0.000389026
1.
0.
0.
0.0500457
0.40142
-0.0085178
-0.000964353
-0.00261164
0.376258
0.
-0.00236137
-0.00258745
0.275328
0.
-0.000810745
-0.0223354
0.329117
0.
0.0143306
0.0644987
0.379373
0.
0.0031482
-0.0105312
0.277927
0.
0.01051
-0.026123
0.335421
0.
-0.00743941
0.0843174
0.336363
0.0141714
0.
0.0888203
0.378966
0.0201436
0.
-0.000326782
0.2627
0.0240909
0.
-0.0272907
0.312386
-0.00196098
0.
0.080569
0.383366
0.0121615
0.
-0.00281645
0.269802
0.013479
0.
-0.0311974
0.244558
0.0153563
-0.0499029
-0.0216029
0.248283
-0.0219377
0.0219865
-0.0421609
0.352217
-0.0296841
-0.0453689
0.0218498
0.42487
-0.107513
-0.127631
0.161399
0.360033
0.102205
-0.129038
0.117122
0.323064
0.00805882
0.0273641
0.0521195
0.352951
0.0986489
0.0772297
0.13686
0.257806
-0.0114841
-0.027516
-0.0100562
0.380254
0.00114053
-0.032882
0.0239768
0.258083
0.0167845
0.0284897
-0.0205704
0.341883
-0.00683995
0.0291598
0.028676
0.309937
-0.0896828
0.119988
0.124193
0.371804
-0.00404034
-0.0113663
0.044432
0.295571
-0.0364962
0.0488891
-0.0395782
0.335987
0.025128
0.123666
0.126258
