Vec Object: 1 MPI process
  type: seq
0.
0.
0.
-0.0760465
0.
0.
0.
0.0196465
0.170396
-0.168203
0.
-0.0465512
0.176286
-0.180282
0.
-0.0499995
0.190042
0.207849
0.
-0.041793
0.183385
0.163607
0.
-0.0368575
0.389999
0.00841244
0.
-0.000977924
0.377014
0.0069315
0.
0.00988405
0.393052
-0.0221434
0.
0.00924912
0.399635
-0.0160097
0.
0.00266531
0.
0.
0.
-0.0175286
0.
0.
0.
-0.0544736
0.326746
-0.0582139
0.
-0.0111905
0.315929
0.0902824
0.
0.00282632
0.33201
-0.0499792
0.
-0.0153692
0.320959
0.108635
0.
0.0148628
0.359063
0.0760779
0.
-0.00527077
0.321539
-0.101203
0.
0.011658
0.325227
0.0353246
0.
-0.00905431
0.320684
-0.0616909
0.
-0.00353952
0.
0.
0.
-0.101162
0.
0.
0.
0.0279999
0.
0.
0.
-0.0117995
0.
0.
0.
0.154607
0.
0.
0.
-0.0388691
0.
0.
0.
-0.133743
0.
0.
0.
-0.232858
0.
0.
0.
-0.0159614
0.
0.
0.
-0.0696748
0.
0.
0.
-0.0378518
0.
0.
0.
-0.137015
0.
0.
0.
0.0395121
0.
0.
0.
-0.0938375
0.
0.
0.
0.0154347
0.
0.
0.
0.0537126
0.
0.
0.
-0.0430874
0.
0.
0.
-0.0109022
0.
0.
0.
0.0105383
1.
0.
0.
0.0311597
0.389199
-0.0077073
0.000367191
-0.000670873
0.383393
0.
-0.00484709
-0.0058613
0.264622
0.
-0.0048491
-0.00617494
0.268553
0.
0.0253724
0.0325953
0.375596
0.
0.00583675
-0.00948691
0.264317
0.
0.0177298
-0.000431998
0.284858
0.
-0.00335913
0.0317717
0.262133
0.0252641
0.
0.0293246
0.384683
0.0169705
0.
-0.00348362
0.251639
0.0155045
0.
-0.0100612
0.243767
0.00954133
0.
0.0300728
0.381892
0.0169085
0.
-0.00367828
0.259898
0.0185817
0.
-0.00550729
0.253083
0.0275328
-0.0530331
0.000311998
0.248796
-0.0227504
0.0206945
-0.00222718
0.371987
-0.0204458
-0.100074
-0.00489257
0.437929
-0.176195
-0.178018
0.0829568
0.366625
0.166878
-0.185328
0.0499708
0.328525
-0.062885
0.0216303
0.0117846
0.372568
0.137445
0.124976
0.0585575
0.301753
-0.015867
-0.0314427
-0.00791353
0.412245
0.00216587
-0.0598013
-0.00208477
0.252602
0.0167144
0.0334767
0.0169135
0.411101
0.0256914
0.0715057
-0.00201221
0.335614
-0.14352
0.157682
0.0654958
0.429471
-0.011348
0.000780117
0.00529828
0.307302
0.0660831
0.09062
-0.0789211
0.363362
0.0502477
0.1566
0.0513255
