Vec Object: 1 MPI process
  type: seq
0.
0.
0.
-0.0820848
0.
0.
0.
0.261115
0.146625
-0.163895
0.
-0.110338
0.162952
-0.173634
0.
-0.0881566
0.208675
0.185305
0.
-0.0168276
0.162374
0.170465
0.
-0.119992
0.367105
0.0307519
0.
0.108802
0.361972
0.0258843
0.
0.0804151
0.373322
-0.0299846
0.
0.0945888
0.373472
-0.0407186
0.
0.115899
0.
0.
0.
-0.0942713
0.
0.
0.
-0.220255
0.275516
-0.0532913
0.
-0.0634866
0.326806
0.0672707
0.
-0.0689694
0.283088
-0.0528268
0.
-0.0382564
0.329801
0.100202
0.
-0.0549026
0.306837
0.060654
0.
-0.019422
0.328301
-0.0843977
0.
-0.0622758
0.275302
0.0550823
0.
-0.0713433
0.324231
-0.0488498
0.
-0.0840175
0.
0.
0.
0.0140768
0.
0.
0.
-0.109936
0.
0.
0.
0.252671
0.
0.
0.
0.00474626
0.
0.
0.
-0.170274
0.
0.
0.
0.0414776
0.
0.
0.
0.185088
0.
0.
0.
0.413556
0.
0.
0.
0.389858
0.
0.
0.
0.2615
0.
0.
0.
0.145406
0.
0.
0.
0.11671
0.
0.
0.
0.236865
0.
0.
0.
-0.0178272
0.
0.
0.
0.568324
0.
0.
0.
0.493594
0.
0.
0.
0.335515
0.
0.
0.
-0.0446987
1.
0.
0.
0.114855
0.398264
-0.00789272
-0.00155114
0.101964
0.381507
0.
0.00045832
-0.012412
0.284925
0.
0.00210114
-0.121422
0.386875
0.
0.00507639
0.12387
0.392673
0.
-0.000341235
-0.0107971
0.28603
0.
0.00451182
-0.129929
0.374365
0.
-0.00816481
0.167425
0.399669
0.0030212
0.
0.18033
0.387535
0.0197905
0.
-0.0101232
0.274381
0.0234821
0.
-0.126318
0.367401
-0.00273949
0.
0.188784
0.397968
0.00607193
0.
-0.00205357
0.27911
0.00630191
0.
-0.138849
0.235411
-0.00140791
-0.0264819
-0.113843
0.244527
-0.00866753
0.010117
-0.163868
0.29584
-0.0337688
-0.0101657
0.0332912
0.446274
-0.0248597
-0.0690045
0.291684
0.391179
0.0247491
-0.0683555
0.227603
0.228927
0.0396033
0.0133636
0.103571
0.344849
0.0293014
0.0399703
0.279058
0.214919
0.00377726
-0.019309
-0.0540169
0.288615
-0.00107968
-0.00519963
0.0533566
0.249875
-0.0062946
0.0141725
-0.125619
0.265959
-0.0240916
0.0100947
0.0669913
0.316995
-0.0224426
0.0666812
0.231169
0.29129
0.00663418
-0.00957305
0.0958876
0.170395
-0.0526084
0.0116663
0.153356
0.32851
-0.00714101
0.0635681
0.27748
