Vec Object: 1 MPI process
  type: seq
0.
0.
0.
0.134891
0.
0.
0.
0.602262
0.194347
-0.116446
0.
0.682473
0.210746
-0.125047
0.
0.701154
0.264775
0.132997
0.
0.787321
0.211607
0.122776
0.
0.673273
0.353979
0.0414673
0.
-0.216439
0.354474
0.0341582
0.
-0.260936
0.358139
-0.0406145
0.
-0.210076
0.360544
-0.0503939
0.
-0.21336
0.
0.
0.
-0.023834
0.
0.
0.
-0.204663
0.258371
-0.0767853
0.
-0.128782
0.330082
0.0327862
0.
-0.502203
0.267408
-0.0819984
0.
-0.116957
0.333992
0.0558283
0.
-0.509723
0.290665
0.0808315
0.
-0.0714574
0.331786
-0.039132
0.
-0.512312
0.256194
0.0779778
0.
-0.0850093
0.326382
-0.0214804
0.
-0.52683
0.
0.
0.
0.326313
0.
0.
0.
-0.00828319
0.
0.
0.
0.614658
0.
0.
0.
0.164555
0.
0.
0.
-0.0895927
0.
0.
0.
0.379406
0.
0.
0.
0.642305
0.
0.
0.
0.881551
0.
0.
0.
0.838768
0.
0.
0.
0.624393
0.
0.
0.
0.56376
0.
0.
0.
0.344023
0.
0.
0.
0.613248
0.
0.
0.
0.12341
0.
0.
0.
1.14624
0.
0.
0.
1.01699
0.
0.
0.
0.824324
0.
0.
0.
0.0119645
1.
0.
0.
0.981071
0.393487
-0.00519426
-0.000702887
-0.203511
0.392932
0.
0.00171839
-0.424308
0.287845
0.
0.00261181
-0.499025
0.373982
0.
0.00187332
0.646783
0.409696
0.
-0.000710381
-0.403022
0.286897
0.
0.00317784
-0.481449
0.353907
0.
-0.00697418
0.692279
0.385978
0.000820572
0.
0.7002
0.401202
0.013505
0.
-0.421409
0.278043
0.0154001
0.
-0.49277
0.351085
0.00100563
0.
0.731646
0.417456
0.00550808
0.
-0.396101
0.281072
0.00662562
0.
-0.496394
0.226198
-0.00397093
-0.015282
-0.242316
0.237843
-0.00286073
0.00453859
-0.425264
0.259366
-0.0193247
-0.0031481
0.154614
0.447233
0.00197841
-0.0421677
0.927587
0.390899
0.00166406
-0.0428305
0.747983
0.172903
0.0277966
0.00502986
0.294516
0.324623
0.00490448
0.0292378
0.77593
0.194096
0.000852908
-0.0138366
-0.04514
0.235772
0.000530461
0.000707391
0.213633
0.239753
-0.0051647
0.00708664
-0.295425
0.229089
-0.020571
0.0083434
0.203361
0.308345
0.000825187
0.0417528
0.692037
0.250366
0.00935954
-0.0033507
0.303918
0.096747
-0.0307255
0.00522729
0.468217
0.308809
-0.0120886
0.0363693
0.762584
