Vec Object: 1 MPI process
  type: seq
0.
0.
0.
-0.073902
0.
0.
0.
0.0204342
0.171166
-0.168506
0.
-0.0440662
0.176841
-0.18066
0.
-0.0478642
0.190386
0.208271
0.
-0.0399604
0.183883
0.163583
0.
-0.0339171
0.390243
0.00845796
0.
-0.00127607
0.377435
0.00648395
0.
0.0100232
0.393619
-0.0223595
0.
0.00908408
0.399999
-0.0158841
0.
0.00210973
0.
0.
0.
-0.0171261
0.
0.
0.
-0.0539282
0.328503
-0.0584653
0.
-0.0107279
0.315348
0.0905382
0.
0.00271866
0.333884
-0.0496215
0.
-0.0155288
0.320787
0.107833
0.
0.0142294
0.36099
0.0763962
0.
-0.00540682
0.321437
-0.100765
0.
0.0111231
0.326591
0.0347958
0.
-0.00829431
0.320977
-0.0614542
0.
-0.00380987
0.
0.
0.
-0.096939
0.
0.
0.
0.0296892
0.
0.
0.
-0.0105265
0.
0.
0.
0.15471
0.
0.
0.
-0.0388957
0.
0.
0.
-0.130149
0.
0.
0.
-0.232402
0.
0.
0.
-0.0183732
0.
0.
0.
-0.0719577
0.
0.
0.
-0.037038
0.
0.
0.
-0.130587
0.
0.
0.
0.0409286
0.
0.
0.
-0.0920545
0.
0.
0.
0.017233
0.
0.
0.
0.0461928
0.
0.
0.
-0.0479046
0.
0.
0.
-0.00932924
0.
0.
0.
0.00990354
1.
0.
0.
0.0294195
0.387885
-0.00756036
0.000511513
-0.000358245
0.383966
0.
-0.00496718
-0.00598647
0.264051
0.
-0.00516577
-0.00548476
0.264117
0.
0.0261285
0.0309059
0.374989
0.
0.00590175
-0.00923862
0.263228
0.
0.01825
0.000735688
0.281004
0.
-0.0028535
0.0291376
0.256561
0.0258268
0.
0.0267657
0.385198
0.0168068
0.
-0.00359922
0.251283
0.0145033
0.
-0.00944486
0.238193
0.0107656
0.
0.0280472
0.381513
0.0170506
0.
-0.00365957
0.259346
0.0185278
0.
-0.00447818
0.253655
0.0281891
-0.052218
0.000605081
0.248631
-0.0217148
0.0199144
-0.000851949
0.371642
-0.020172
-0.10368
-0.00604733
0.440177
-0.179471
-0.181322
0.0791341
0.369571
0.170122
-0.188693
0.0472321
0.324467
-0.0661744
0.0207535
0.0102449
0.374387
0.138602
0.127733
0.0554229
0.304744
-0.0158031
-0.0316928
-0.00823991
0.411902
0.00217009
-0.0603448
-0.00322587
0.251527
0.0151134
0.0335896
0.0182413
0.415867
0.0280048
0.0750204
-0.00302688
0.339214
-0.146291
0.159607
0.0630284
0.431757
-0.0112823
0.0014953
0.00404094
0.303703
0.0722407
0.0916116
-0.0775207
0.366701
0.0510636
0.157297
0.0486467
