Vec Object: 1 MPI process
  type: seq
0.
0.
0.
-0.0150992
0.
0.
0.
0.400637
0.168413
-0.140666
0.
0.2048
0.184636
-0.150276
0.
0.225666
0.238986
0.157108
0.
0.318925
0.185098
0.148006
0.
0.196926
0.350631
0.0463734
0.
0.0786815
0.350175
0.0393882
0.
0.0338676
0.355306
-0.0453459
0.
0.0801205
0.357222
-0.0557865
0.
0.0830153
0.
0.
0.
-0.115584
0.
0.
0.
-0.27204
0.263896
-0.0713573
0.
-0.15764
0.329493
0.0463244
0.
-0.26101
0.272442
-0.0755808
0.
-0.142119
0.333211
0.0738112
0.
-0.259305
0.295806
0.0763217
0.
-0.100733
0.331145
-0.0572104
0.
-0.264038
0.262156
0.0734531
0.
-0.134989
0.325407
-0.0323541
0.
-0.28268
0.
0.
0.
0.14148
0.
0.
0.
-0.115567
0.
0.
0.
0.405658
0.
0.
0.
0.0302239
0.
0.
0.
-0.185664
0.
0.
0.
0.186086
0.
0.
0.
0.402975
0.
0.
0.
0.626925
0.
0.
0.
0.597973
0.
0.
0.
0.418252
0.
0.
0.
0.34431
0.
0.
0.
0.188099
0.
0.
0.
0.405739
0.
0.
0.
-0.000783062
0.
0.
0.
0.831741
0.
0.
0.
0.739872
0.
0.
0.
0.557289
0.
0.
0.
-0.0752724
1.
0.
0.
0.479986
0.390306
-0.00607345
-0.000963833
0.0897019
0.391288
0.
0.00146483
-0.150527
0.287971
0.
0.00254398
-0.321047
0.386345
0.
0.00257086
0.314721
0.407529
0.
-0.00072217
-0.131361
0.287703
0.
0.00335004
-0.319808
0.367176
0.
-0.00729833
0.367678
0.39889
0.00103829
0.
0.377947
0.39968
0.0163157
0.
-0.147412
0.278
0.0187353
0.
-0.319174
0.364265
0.000221034
0.
0.403682
0.415551
0.00542886
0.
-0.122818
0.281559
0.00624566
0.
-0.331193
0.229872
-0.00363932
-0.0177812
-0.234565
0.240802
-0.00446482
0.00569705
-0.330423
0.268713
-0.0230765
-0.0044878
0.0287846
0.450237
-0.00032438
-0.0482851
0.549986
0.395061
0.00267262
-0.0485334
0.430667
0.186269
0.0320334
0.00668107
0.145451
0.333687
0.00711956
0.0315978
0.476864
0.199579
0.00138494
-0.0153119
-0.111759
0.248306
-0.00030675
-0.000525562
0.0795698
0.243656
-0.00572922
0.00865985
-0.265848
0.237694
-0.0220554
0.00859138
0.0780732
0.314089
-0.000915248
0.0474704
0.403881
0.260652
0.00898053
-0.00470294
0.143244
0.114073
-0.0375584
0.00608317
0.280437
0.317795
-0.0147476
0.0422725
0.47266
