Vec Object: 1 MPI process
  type: seq
0.
0.
0.
-0.118936
0.
0.
0.
0.122015
0.151919
-0.168322
0.
-0.116765
0.1663
-0.177672
0.
-0.0982811
0.193953
0.198966
0.
-0.0703255
0.166882
0.170854
0.
-0.120575
0.383226
0.0143782
0.
0.0198401
0.373418
0.0122244
0.
0.0098315
0.387773
-0.0189394
0.
0.00889595
0.390232
-0.0243357
0.
0.0285235
0.
0.
0.
-0.0548142
0.
0.
0.
-0.138877
0.293758
-0.052157
0.
-0.0169273
0.323432
0.0833816
0.
-0.00556746
0.299779
-0.0484897
0.
0.00416661
0.326048
0.116161
0.
0.0140565
0.324524
0.0621255
0.
0.0168687
0.325233
-0.102701
0.
0.00747392
0.295076
0.0464834
0.
-0.0299472
0.322307
-0.0608365
0.
-0.0129993
0.
0.
0.
-0.100397
0.
0.
0.
-0.0635785
0.
0.
0.
0.0963059
0.
0.
0.
0.043587
0.
0.
0.
-0.116561
0.
0.
0.
-0.0977706
0.
0.
0.
-0.0521455
0.
0.
0.
0.196329
0.
0.
0.
0.159061
0.
0.
0.
0.0923592
0.
0.
0.
-0.0676199
0.
0.
0.
0.0574119
0.
0.
0.
0.0449464
0.
0.
0.
-0.0119038
0.
0.
0.
0.339658
0.
0.
0.
0.238203
0.
0.
0.
0.127003
0.
0.
0.
-0.00592576
1.
0.
0.
0.0534834
0.403058
-0.00860127
-0.00132315
0.00494967
0.375434
0.
-0.00141669
-0.00357112
0.278911
0.
0.000344726
-0.034108
0.349814
0.
0.0109402
0.079871
0.380822
0.
0.00185238
-0.0119979
0.281344
0.
0.00821874
-0.0405472
0.350912
0.
-0.00816216
0.106823
0.359861
0.0101982
0.
0.115796
0.37883
0.0208768
0.
-0.00138328
0.266904
0.0252191
0.
-0.0396866
0.333264
-0.00355867
0.
0.107664
0.384466
0.00993318
0.
-0.00403137
0.273292
0.0106873
0.
-0.0469269
0.242087
0.00963493
-0.0434683
-0.0346989
0.247763
-0.0179209
0.0188783
-0.0630516
0.336925
-0.0334144
-0.0304455
0.0359352
0.429165
-0.0802732
-0.109057
0.195912
0.368508
0.0767552
-0.108934
0.149021
0.298498
0.0262628
0.0245204
0.0740156
0.349783
0.077637
0.0628164
0.177023
0.243622
-0.00630196
-0.0253741
-0.0116541
0.354994
0.000336925
-0.0218158
0.0389557
0.256904
0.00947796
0.0244856
-0.0370594
0.317543
-0.015092
0.0199923
0.0483962
0.310203
-0.0681247
0.103586
0.154984
0.346341
-0.00015547
-0.0130711
0.0673053
0.26347
-0.0540961
0.033534
0.0123602
0.33276
0.0143546
0.105459
0.168222
