Vec Object: 1 MPI process
  type: seq
0.
0.
0.
0.032426
0.
0.
0.
0.466917
0.177475
-0.132126
0.
0.364944
0.193744
-0.141408
0.
0.385145
0.248321
0.148388
0.
0.477119
0.194394
0.139159
0.
0.356948
0.350755
0.0457382
0.
-0.0108243
0.350823
0.0385519
0.
-0.0563923
0.355166
-0.0447988
0.
-0.0069402
0.357355
-0.0549791
0.
-0.00699456
0.
0.
0.
-0.0897678
0.
0.
0.
-0.25488
0.261726
-0.0741257
0.
-0.154816
0.329804
0.0412269
0.
-0.343189
0.270463
-0.0789145
0.
-0.141067
0.333619
0.0670828
0.
-0.344894
0.293778
0.0786712
0.
-0.0969791
0.331483
-0.050427
0.
-0.348815
0.259783
0.0759077
0.
-0.12412
0.32575
-0.0282737
0.
-0.366048
0.
0.
0.
0.202179
0.
0.
0.
-0.0842322
0.
0.
0.
0.474745
0.
0.
0.
0.0713389
0.
0.
0.
-0.15812
0.
0.
0.
0.250126
0.
0.
0.
0.48419
0.
0.
0.
0.712656
0.
0.
0.
0.67916
0.
0.
0.
0.486621
0.
0.
0.
0.41863
0.
0.
0.
0.237494
0.
0.
0.
0.475011
0.
0.
0.
0.0365926
0.
0.
0.
0.938233
0.
0.
0.
0.833931
0.
0.
0.
0.647205
0.
0.
0.
-0.0513614
1.
0.
0.
0.649686
0.390802
-0.00570902
-0.000849265
0.00177065
0.392304
0.
0.00158466
-0.239466
0.288082
0.
0.0025758
-0.384979
0.38228
0.
0.00226004
0.42376
0.408961
0.
-0.000722344
-0.218689
0.287544
0.
0.00325787
-0.378313
0.362579
0.
-0.00715811
0.474986
0.39463
0.000924381
0.
0.484406
0.400781
0.0152938
0.
-0.236359
0.278179
0.0174914
0.
-0.381378
0.359842
0.000616559
0.
0.512621
0.417056
0.00544888
0.
-0.210645
0.281528
0.00639586
0.
-0.390885
0.228526
-0.00375637
-0.0166886
-0.243811
0.239747
-0.00382623
0.00517587
-0.367788
0.2647
-0.0212969
-0.00389207
0.0652801
0.449369
0.00134587
-0.045599
0.676202
0.393806
0.00151011
-0.0460192
0.53586
0.180418
0.0302776
0.00590812
0.1914
0.330336
0.00557954
0.030576
0.576018
0.197293
0.000946774
-0.0146968
-0.0955946
0.2428
5.71873e-06
-5.08441e-06
0.120255
0.242216
-0.0053288
0.00796149
-0.282629
0.233905
-0.0214229
0.00848057
0.115163
0.312098
0.000495607
0.0449671
0.498489
0.256255
0.00918024
-0.00406887
0.193003
0.106471
-0.0347978
0.00565232
0.341782
0.314485
-0.0142385
0.0396378
0.568855
