Vec Object: 1 MPI process
  type: seq
0.
0.
0.
-0.121715
0.
0.
0.
0.103456
0.153701
-0.168109
0.
-0.110357
0.167447
-0.177608
0.
-0.0935486
0.193004
0.199896
0.
-0.0696093
0.16851
0.170086
0.
-0.11332
0.38422
0.0133033
0.
0.0156134
0.373963
0.0114814
0.
0.00752372
0.388326
-0.0188688
0.
0.00692359
0.391427
-0.0231511
0.
0.0240959
0.
0.
0.
-0.0520138
0.
0.
0.
-0.12992
0.29645
-0.0530374
0.
-0.0173213
0.32297
0.0845682
0.
-0.00242847
0.302253
-0.0491235
0.
0.00207483
0.325606
0.11667
0.
0.0170945
0.327196
0.0636096
0.
0.014613
0.324881
-0.103626
0.
0.0107965
0.297829
0.0458846
0.
-0.0289305
0.321981
-0.0615795
0.
-0.00923497
0.
0.
0.
-0.112366
0.
0.
0.
-0.0570964
0.
0.
0.
0.0759155
0.
0.
0.
0.0513723
0.
0.
0.
-0.109731
0.
0.
0.
-0.113401
0.
0.
0.
-0.0821752
0.
0.
0.
0.167147
0.
0.
0.
0.127592
0.
0.
0.
0.0698327
0.
0.
0.
-0.0919428
0.
0.
0.
0.0492648
0.
0.
0.
0.0197441
0.
0.
0.
-0.0125257
0.
0.
0.
0.308213
0.
0.
0.
0.203271
0.
0.
0.
0.101207
0.
0.
0.
-0.00427769
1.
0.
0.
0.0522867
0.402705
-0.00858296
-0.00121492
0.00141186
0.375532
0.
-0.00171206
-0.00300532
0.277831
0.
-2.45292e-06
-0.0295708
0.343254
0.
0.011979
0.0746933
0.380227
0.
0.00226293
-0.0114249
0.280354
0.
0.0089199
-0.0352547
0.346123
0.
-0.00797123
0.0994271
0.352527
0.0114397
0.
0.107041
0.378692
0.0207058
0.
-0.000788595
0.265618
0.0249722
0.
-0.0349518
0.32677
-0.00318226
0.
0.0984679
0.383939
0.0106415
0.
-0.00353355
0.272229
0.011566
0.
-0.0411818
0.24289
0.0114933
-0.0457012
-0.0302094
0.247978
-0.0192798
0.0199925
-0.0558279
0.342122
-0.0323137
-0.0348166
0.0313077
0.427368
-0.0889204
-0.11501
0.184608
0.365447
0.0848465
-0.11528
0.13858
0.30712
0.0212534
0.0256631
0.0666914
0.350598
0.084569
0.067155
0.163608
0.248071
-0.00809949
-0.0261071
-0.0111217
0.363585
0.000608668
-0.0251725
0.0338696
0.257439
0.0120385
0.0258584
-0.0315636
0.325282
-0.0127016
0.0225691
0.0416989
0.309735
-0.075019
0.108929
0.144649
0.354526
-0.00137467
-0.0127606
0.0597241
0.274825
-0.049934
0.0381193
-0.00629332
0.333546
0.0177753
0.11146
0.154056
