Vec Object: 1 MPI process
  type: seq
0.
0.
0.
-0.0863171
0.
0.
0.
0.0196439
0.16783
-0.167513
0.
-0.0556636
0.174716
-0.179253
0.
-0.0569237
0.189393
0.206477
0.
-0.0478109
0.181448
0.164098
0.
-0.0481161
0.389176
0.00854495
0.
0.000283859
0.376027
0.00806816
0.
0.0088561
0.391534
-0.021462
0.
0.00920243
0.398409
-0.0166484
0.
0.00479632
0.
0.
0.
-0.0207879
0.
0.
0.
-0.0596936
0.321117
-0.0575073
0.
-0.0130912
0.317626
0.0895546
0.
0.00328335
0.326097
-0.0508278
0.
-0.0140962
0.321664
0.111091
0.
0.0170047
0.352899
0.0747277
0.
-0.00401129
0.321971
-0.102526
0.
0.0133923
0.320698
0.0372322
0.
-0.012305
0.320152
-0.0623356
0.
-0.00264078
0.
0.
0.
-0.115618
0.
0.
0.
0.0183662
0.
0.
0.
-0.013134
0.
0.
0.
0.146291
0.
0.
0.
-0.0434392
0.
0.
0.
-0.145027
0.
0.
0.
-0.229238
0.
0.
0.
-0.002923
0.
0.
0.
-0.0562744
0.
0.
0.
-0.0369477
0.
0.
0.
-0.155092
0.
0.
0.
0.0343055
0.
0.
0.
-0.0953751
0.
0.
0.
0.00872962
0.
0.
0.
0.0840086
0.
0.
0.
-0.0205447
0.
0.
0.
-0.0125834
0.
0.
0.
0.0110652
1.
0.
0.
0.0366795
0.393024
-0.00806302
-2.89361e-05
-0.0018261
0.381509
0.
-0.00438927
-0.00518506
0.266744
0.
-0.0038643
-0.00879846
0.28276
0.
0.0228218
0.038533
0.37709
0.
0.00548611
-0.0099591
0.267784
0.
0.0160604
-0.00500024
0.297138
0.
-0.00469671
0.0416321
0.279987
0.0230954
0.
0.0393784
0.38305
0.0175947
0.
-0.0028366
0.253404
0.0182782
0.
-0.0126525
0.261025
0.00596629
0.
0.0380185
0.382729
0.0162336
0.
-0.00349272
0.261867
0.0182669
0.
-0.00962599
0.250975
0.0253741
-0.0548337
-0.0017413
0.248913
-0.0248986
0.0226386
-0.00825256
0.371411
-0.0217484
-0.0875214
-0.000411234
0.431629
-0.163501
-0.166975
0.0971962
0.35957
0.154636
-0.173483
0.0608985
0.337972
-0.0487426
0.0244269
0.0181556
0.366909
0.132228
0.114703
0.0710086
0.291636
-0.0160762
-0.0306994
-0.00715144
0.41118
0.00209792
-0.0563097
0.0022484
0.255298
0.0203966
0.0330881
0.0110244
0.395456
0.0178015
0.0602326
0.00223815
0.325618
-0.133237
0.150628
0.0749551
0.419974
-0.0108537
-0.00204055
0.0106109
0.316048
0.0419106
0.0846021
-0.0813706
0.354006
0.0462865
0.152664
0.0622665
