Vec Object: 1 MPI process
  type: seq
0.
0.
0.
-0.122783
0.
0.
0.
0.0889853
0.155218
-0.167911
0.
-0.104697
0.168371
-0.177572
0.
-0.089483
0.1923
0.200615
0.
-0.0684611
0.169898
0.169419
0.
-0.106938
0.384935
0.0125193
0.
0.0127566
0.374313
0.0109723
0.
0.00627742
0.388675
-0.0189338
0.
0.00606939
0.392324
-0.0222543
0.
0.0209963
0.
0.
0.
-0.0494484
0.
0.
0.
-0.122254
0.298742
-0.0537407
0.
-0.0177018
0.322566
0.0854172
0.
-0.000424741
0.304369
-0.0496301
0.
0.000113116
0.325232
0.116843
0.
0.018883
0.329486
0.064886
0.
0.0124373
0.324586
-0.104166
0.
0.0128353
0.300137
0.0453089
0.
-0.0279852
0.321704
-0.0620639
0.
-0.00680405
0.
0.
0.
-0.120628
0.
0.
0.
-0.0509819
0.
0.
0.
0.0600718
0.
0.
0.
0.0589297
0.
0.
0.
-0.103523
0.
0.
0.
-0.124768
0.
0.
0.
-0.105752
0.
0.
0.
0.143718
0.
0.
0.
0.102278
0.
0.
0.
0.052149
0.
0.
0.
-0.110079
0.
0.
0.
0.0433503
0.
0.
0.
7.7764e-06
0.
0.
0.
-0.012546
0.
0.
0.
0.282303
0.
0.
0.
0.174859
0.
0.
0.
0.081135
0.
0.
0.
-0.00282004
1.
0.
0.
0.0514202
0.402275
-0.00856013
-0.00111769
-0.000663453
0.375744
0.
-0.00196732
-0.0027161
0.276866
0.
-0.000312985
-0.0263695
0.33765
0.
0.0128924
0.0705064
0.379833
0.
0.00261518
-0.0110071
0.27944
0.
0.009538
-0.0313439
0.341943
0.
-0.0077787
0.0933196
0.346181
0.0125129
0.
0.0997122
0.378716
0.0205114
0.
-0.00047904
0.264484
0.0246777
0.
-0.0315807
0.321133
-0.00276539
0.
0.0910824
0.383637
0.0112471
0.
-0.00318128
0.271287
0.0123247
0.
-0.0369074
0.243554
0.0130513
-0.0474733
-0.026677
0.24812
-0.0203839
0.0208549
-0.0501714
0.346308
-0.031303
-0.0388136
0.0274311
0.426145
-0.0962974
-0.120042
0.175243
0.363093
0.0917395
-0.120715
0.129906
0.313897
0.0164084
0.0264681
0.0606888
0.351426
0.0902977
0.0710281
0.152661
0.251897
-0.0095304
-0.0266924
-0.0107283
0.370504
0.00082972
-0.0281601
0.029749
0.257776
0.0140602
0.026958
-0.0271351
0.331868
-0.0104937
0.0250082
0.0362656
0.309604
-0.0808624
0.113387
0.136248
0.361436
-0.00242924
-0.0123235
0.0534494
0.283688
-0.0453451
0.0422515
-0.0206491
0.33438
0.0206959
0.116422
0.142598
