Vec Object: 1 MPI process
  type: seq
0.
0.
0.
-0.112591
0.
0.
0.
0.150222
0.149536
-0.168498
0.
-0.124618
0.164671
-0.17773
0.
-0.104249
0.195569
0.197438
0.
-0.0695686
0.164707
0.171829
0.
-0.129673
0.381468
0.0162387
0.
0.027944
0.372344
0.0136065
0.
0.0151309
0.386618
-0.0194208
0.
0.0142177
0.38823
-0.0263036
0.
0.0367308
0.
0.
0.
-0.0586647
0.
0.
0.
-0.151489
0.290003
-0.0509511
0.
-0.0171754
0.324064
0.0813224
0.
-0.0117322
0.296342
-0.0476686
0.
0.00597701
0.326682
0.114811
0.
0.00771571
0.320831
0.0602118
0.
0.0187863
0.325741
-0.100798
0.
0.000763225
0.291162
0.0472578
0.
-0.0316895
0.322752
-0.059439
0.
-0.0202642
0.
0.
0.
-0.0800416
0.
0.
0.
-0.0715504
0.
0.
0.
0.127438
0.
0.
0.
0.0346156
0.
0.
0.
-0.12542
0.
0.
0.
-0.0723169
0.
0.
0.
-0.00659883
0.
0.
0.
0.239536
0.
0.
0.
0.205521
0.
0.
0.
0.126392
0.
0.
0.
-0.0288675
0.
0.
0.
0.070511
0.
0.
0.
0.0831286
0.
0.
0.
-0.0103104
0.
0.
0.
0.385058
0.
0.
0.
0.289253
0.
0.
0.
0.166471
0.
0.
0.
-0.00848486
1.
0.
0.
0.056155
0.403229
-0.00860105
-0.00145675
0.0126279
0.375619
0.
-0.00101377
-0.00476469
0.280312
0.
0.000795068
-0.0424115
0.358828
0.
0.00955896
0.0875758
0.381971
0.
0.00129708
-0.0128318
0.28257
0.
0.00729505
-0.049748
0.357292
0.
-0.00835533
0.117584
0.369783
0.00851125
0.
0.128218
0.379385
0.0209948
0.
-0.00262239
0.268605
0.0253694
0.
-0.0482423
0.342001
-0.00387681
0.
0.121489
0.385614
0.00896946
0.
-0.00475394
0.274679
0.00951111
0.
-0.0567694
0.240903
0.00703462
-0.0401362
-0.0420987
0.247357
-0.0159559
0.0171811
-0.074712
0.32923
-0.0347116
-0.0249513
0.0420125
0.432234
-0.0683112
-0.100701
0.212325
0.373187
0.0655399
-0.100178
0.163978
0.285479
0.0319686
0.0226197
0.0843225
0.348875
0.0677016
0.0571648
0.196647
0.237499
-0.00367513
-0.0242717
-0.0130125
0.342302
-5.04858e-05
-0.0174689
0.0461274
0.255908
0.00569396
0.0224539
-0.0458634
0.306765
-0.0180339
0.0169132
0.057793
0.31133
-0.0585032
0.095988
0.170131
0.334871
0.00148215
-0.0131299
0.0777975
0.246186
-0.0577496
0.0276811
0.0410537
0.33194
0.00964051
0.0968617
0.189138
