Vec Object: 1 MPI process
  type: seq
0.
0.
0.
-0.118381
0.
0.
0.
0.124944
0.151653
-0.16835
0.
-0.11769
0.166124
-0.177682
0.
-0.0989751
0.19411
0.198816
0.
-0.0703566
0.16664
0.170967
0.
-0.12163
0.383059
0.014557
0.
0.0205772
0.373322
0.0123525
0.
0.0102746
0.387673
-0.0189673
0.
0.00930809
0.390037
-0.0245288
0.
0.0292821
0.
0.
0.
-0.0552246
0.
0.
0.
-0.140227
0.293352
-0.0520225
0.
-0.0168922
0.3235
0.083183
0.
-0.00612529
0.299407
-0.0483941
0.
0.00444211
0.326115
0.116053
0.
0.0134983
0.324124
0.061907
0.
0.0171611
0.325287
-0.102532
0.
0.00687397
0.294657
0.0465684
0.
-0.0301047
0.322355
-0.0607067
0.
-0.0136631
0.
0.
0.
-0.0983921
0.
0.
0.
-0.0644936
0.
0.
0.
0.0995311
0.
0.
0.
0.0425157
0.
0.
0.
-0.117549
0.
0.
0.
-0.0952139
0.
0.
0.
-0.0474166
0.
0.
0.
0.200868
0.
0.
0.
0.16395
0.
0.
0.
0.0959029
0.
0.
0.
-0.0636889
0.
0.
0.
0.0587407
0.
0.
0.
0.0489162
0.
0.
0.
-0.0117632
0.
0.
0.
0.344484
0.
0.
0.
0.243599
0.
0.
0.
0.131084
0.
0.
0.
-0.00617779
1.
0.
0.
0.0536994
0.403096
-0.00860293
-0.00133871
0.00560809
0.375435
0.
-0.00137263
-0.00367787
0.279068
0.
0.000395332
-0.0348813
0.350798
0.
0.010787
0.0806763
0.380926
0.
0.00179117
-0.012089
0.281485
0.
0.0081157
-0.0414264
0.35162
0.
-0.00818733
0.10796
0.360953
0.0100131
0.
0.117127
0.378868
0.0208966
0.
-0.00149477
0.267093
0.0252465
0.
-0.0404889
0.334228
-0.00360472
0.
0.1091
0.384565
0.00982731
0.
-0.004111
0.273447
0.0105569
0.
-0.0478756
0.241963
0.00935348
-0.0431194
-0.0354213
0.247726
-0.0177116
0.0187022
-0.0642097
0.336118
-0.0335698
-0.0298178
0.0366257
0.429467
-0.0789738
-0.108156
0.197647
0.368993
0.0755382
-0.107982
0.150616
0.297144
0.026952
0.0243312
0.0751342
0.349674
0.0765764
0.0621829
0.179094
0.242956
-0.00602275
-0.0252594
-0.0117539
0.35366
0.000295232
-0.0213262
0.0397355
0.25681
0.00907831
0.024272
-0.0379318
0.316377
-0.0154325
0.0196309
0.0494211
0.3103
-0.0670844
0.102772
0.156582
0.345104
2.55269e-05
-0.0130985
0.0684546
0.261678
-0.0546098
0.0328701
0.0153239
0.332657
0.0138412
0.104541
0.17042
