Vec Object: 1 MPI process
  type: seq
0.
0.
0.
-0.0745243
0.
0.
0.
0.0201542
0.170922
-0.168405
0.
-0.0448395
0.17666
-0.180536
0.
-0.0485437
0.190269
0.208136
0.
-0.0405413
0.183729
0.163583
0.
-0.0348232
0.390166
0.00843874
0.
-0.00118581
0.377295
0.00663173
0.
0.00998911
0.393433
-0.0222901
0.
0.00914578
0.399884
-0.0159203
0.
0.00228161
0.
0.
0.
-0.0172243
0.
0.
0.
-0.0540532
0.327942
-0.0583834
0.
-0.0108677
0.315536
0.0904546
0.
0.00275022
0.333285
-0.0497401
0.
-0.0154899
0.320839
0.108091
0.
0.0144291
0.360375
0.0762995
0.
-0.00537556
0.321468
-0.100906
0.
0.0112926
0.326157
0.034961
0.
-0.00852288
0.320877
-0.0615314
0.
-0.00372502
0.
0.
0.
-0.0982567
0.
0.
0.
0.029217
0.
0.
0.
-0.0109624
0.
0.
0.
0.154808
0.
0.
0.
-0.0388163
0.
0.
0.
-0.131284
0.
0.
0.
-0.232618
0.
0.
0.
-0.0176797
0.
0.
0.
-0.0713172
0.
0.
0.
-0.0373404
0.
0.
0.
-0.132652
0.
0.
0.
0.040497
0.
0.
0.
-0.0926735
0.
0.
0.
0.0166769
0.
0.
0.
0.0484917
0.
0.
0.
-0.0464762
0.
0.
0.
-0.00986592
0.
0.
0.
0.0101266
1.
0.
0.
0.029973
0.38831
-0.00760918
0.000464338
-0.000454684
0.383785
0.
-0.00493005
-0.00595143
0.264228
0.
-0.00506408
-0.0056979
0.265531
0.
0.0258901
0.0314364
0.37519
0.
0.00588331
-0.00932346
0.263575
0.
0.0180839
0.000378335
0.282234
0.
-0.00301998
0.0299532
0.258336
0.0256539
0.
0.0275519
0.385034
0.0168574
0.
-0.00356731
0.251385
0.0148303
0.
-0.00963107
0.23998
0.0103697
0.
0.028671
0.38164
0.0170088
0.
-0.00367003
0.259519
0.0185529
0.
-0.00479252
0.25348
0.0279787
-0.0524883
0.000526417
0.248692
-0.0220636
0.0201709
-0.00126461
0.371779
-0.0202529
-0.10255
-0.00569288
0.439448
-0.178465
-0.180277
0.0803205
0.368595
0.16912
-0.18764
0.0480715
0.325808
-0.0651931
0.0210301
0.0107107
0.373805
0.138255
0.126883
0.056385
0.303802
-0.0158199
-0.0316114
-0.00813505
0.412042
0.00216965
-0.0602
-0.00287414
0.251883
0.015645
0.0335522
0.0178441
0.414354
0.0272783
0.0739034
-0.0027198
0.338043
-0.145432
0.159009
0.0637914
0.431064
-0.011315
0.00127799
0.00442295
0.30488
0.0703697
0.0913433
-0.0779877
0.365615
0.0508281
0.157102
0.0494658
