Vec Object: 1 MPI process
  type: seq
0.
0.
0.
-0.10927
0.
0.
0.
0.0346144
0.162782
-0.167192
0.
-0.0752348
0.172299
-0.178033
0.
-0.069802
0.189757
0.204
0.
-0.0581179
0.176916
0.166045
0.
-0.072575
0.387618
0.00964616
0.
0.0037775
0.37524
0.00929851
0.
0.0061017
0.389922
-0.0202167
0.
0.00736414
0.396065
-0.0185511
0.
0.010012
0.
0.
0.
-0.032567
0.
0.
0.
-0.0818896
0.311191
-0.0563474
0.
-0.0167671
0.3201
0.0882712
0.
0.00370145
0.316146
-0.0511819
0.
-0.00936502
0.323203
0.114785
0.
0.0203611
0.342259
0.0711374
0.
0.00132176
0.323034
-0.104297
0.
0.0157318
0.312053
0.0410694
0.
-0.0199076
0.320396
-0.0629433
0.
-0.00180096
0.
0.
0.
-0.13414
0.
0.
0.
-0.0108117
0.
0.
0.
0.00143241
0.
0.
0.
0.110263
0.
0.
0.
-0.0662225
0.
0.
0.
-0.154121
0.
0.
0.
-0.198223
0.
0.
0.
0.0429594
0.
0.
0.
-0.00690256
0.
0.
0.
-0.0162177
0.
0.
0.
-0.163572
0.
0.
0.
0.0289661
0.
0.
0.
-0.0751771
0.
0.
0.
-0.00400393
0.
0.
0.
0.158277
0.
0.
0.
0.0462075
0.
0.
0.
0.00615841
0.
0.
0.
0.00644383
1.
0.
0.
0.045006
0.398237
-0.00837722
-0.000555763
-0.00358643
0.378374
0.
-0.00337421
-0.00349343
0.271173
0.
-0.00220143
-0.0147752
0.307283
0.
0.0182431
0.0509265
0.378511
0.
0.00442073
-0.0100945
0.273474
0.
0.0131119
-0.0150683
0.317906
0.
-0.00635314
0.0627222
0.310376
0.0184999
0.
0.0629492
0.380482
0.0189526
0.
-0.00119322
0.258012
0.0218936
0.
-0.0191035
0.289047
0.00103677
0.
0.0574028
0.383183
0.0143499
0.
-0.00280052
0.265899
0.0162259
0.
-0.0194331
0.247311
0.0207013
-0.0542306
-0.0101063
0.248587
-0.024825
0.023606
-0.0239887
0.364322
-0.0254925
-0.0644025
0.00980082
0.425139
-0.135597
-0.14665
0.128376
0.355858
0.128398
-0.150457
0.0872893
0.338516
-0.0177501
0.0276071
0.0336018
0.358409
0.117377
0.0945531
0.101337
0.273486
-0.0149617
-0.0292635
-0.00796664
0.400004
0.00175161
-0.0451701
0.0120172
0.257749
0.0212135
0.0314731
-0.00423598
0.367423
0.0039952
0.0421886
0.0134014
0.314179
-0.111511
0.135682
0.0974722
0.396885
-0.0079141
-0.00753558
0.0251801
0.315319
-0.00417944
0.0669086
-0.0713603
0.342316
0.0360619
0.139958
0.0906982
