Vec Object: 1 MPI process
  type: seq
0.
0.
0.
-0.0932632
0.
0.
0.
0.0218703
0.166372
-0.167306
0.
-0.0611937
0.173971
-0.178805
0.
-0.0607058
0.189317
0.205731
0.
-0.0510396
0.180201
0.164577
0.
-0.0550919
0.388718
0.00877363
0.
0.00115847
0.375694
0.00851695
0.
0.00804069
0.390913
-0.0210908
0.
0.00883203
0.397723
-0.0171307
0.
0.00617208
0.
0.
0.
-0.0237216
0.
0.
0.
-0.0648393
0.318093
-0.0571696
0.
-0.0142688
0.318442
0.0891882
0.
0.0035271
0.323
-0.0510874
0.
-0.0129584
0.322109
0.112322
0.
0.0181597
0.349617
0.0737898
0.
-0.00279395
0.322263
-0.103161
0.
0.0142695
0.318153
0.0383653
0.
-0.0144667
0.320096
-0.0626013
0.
-0.00221006
0.
0.
0.
-0.122905
0.
0.
0.
0.0107562
0.
0.
0.
-0.0113489
0.
0.
0.
0.137451
0.
0.
0.
-0.0487261
0.
0.
0.
-0.149905
0.
0.
0.
-0.223452
0.
0.
0.
0.00782563
0.
0.
0.
-0.0448322
0.
0.
0.
-0.0335377
0.
0.
0.
-0.161638
0.
0.
0.
0.0317423
0.
0.
0.
-0.0926927
0.
0.
0.
0.00476792
0.
0.
0.
0.103983
0.
0.
0.
-0.00382647
0.
0.
0.
-0.010309
0.
0.
0.
0.0103194
1.
0.
0.
0.0394657
0.394814
-0.00819132
-0.000206358
-0.0024709
0.380506
0.
-0.00410262
-0.00469421
0.268028
0.
-0.00334855
-0.0104367
0.290307
0.
0.0214174
0.0420424
0.37765
0.
0.00521463
-0.0100517
0.269587
0.
0.0151615
-0.00784837
0.303611
0.
-0.00527379
0.0476538
0.28943
0.0217615
0.
0.0458514
0.382208
0.0179847
0.
-0.00236151
0.254662
0.0195296
0.
-0.0143833
0.269869
0.00427969
0.
0.0432081
0.382972
0.0157423
0.
-0.00328736
0.263033
0.0178153
0.
-0.0122933
0.249801
0.0240939
-0.0551748
-0.00365624
0.248836
-0.0253415
0.0232737
-0.0124346
0.370042
-0.0227162
-0.0804487
0.0024055
0.428976
-0.155577
-0.16087
0.105964
0.357326
0.147132
-0.166654
0.0680523
0.340356
-0.0396369
0.0257227
0.0223385
0.364078
0.128448
0.10865
0.0791684
0.286068
-0.0160094
-0.0302992
-0.00708877
0.409061
0.00202588
-0.0534527
0.00493433
0.256318
0.0213896
0.0327639
0.00692318
0.386946
0.0134835
0.0543992
0.0051214
0.321307
-0.127007
0.146377
0.0810246
0.413669
-0.0101921
-0.00373529
0.0143248
0.318241
0.0275552
0.0798924
-0.0806632
0.349835
0.0435048
0.149513
0.0696881
