Vec Object: 1 MPI process
  type: seq
0.
0.
0.
-0.0935264
0.
0.
0.
0.0219873
0.166318
-0.1673
0.
-0.0614037
0.173944
-0.17879
0.
-0.0608457
0.189317
0.205704
0.
-0.0511568
0.180153
0.164596
0.
-0.0553568
0.388702
0.00878388
0.
0.00119325
0.375684
0.00853169
0.
0.00800894
0.390892
-0.021077
0.
0.00881446
0.397697
-0.0171501
0.
0.00622568
0.
0.
0.
-0.0238426
0.
0.
0.
-0.0650576
0.317982
-0.0571574
0.
-0.0143124
0.318471
0.0891748
0.
0.00353504
0.322888
-0.0510943
0.
-0.0129113
0.322126
0.112366
0.
0.018201
0.349498
0.0737527
0.
-0.00274235
0.322274
-0.103183
0.
0.0142999
0.318059
0.0384078
0.
-0.0145499
0.320096
-0.0626098
0.
-0.00219604
0.
0.
0.
-0.123153
0.
0.
0.
0.0104507
0.
0.
0.
-0.0112433
0.
0.
0.
0.137081
0.
0.
0.
-0.0489527
0.
0.
0.
-0.150056
0.
0.
0.
-0.223183
0.
0.
0.
0.00827167
0.
0.
0.
-0.0443544
0.
0.
0.
-0.0333678
0.
0.
0.
-0.16182
0.
0.
0.
0.0316589
0.
0.
0.
-0.0925404
0.
0.
0.
0.00462138
0.
0.
0.
0.10476
0.
0.
0.
-0.00315348
0.
0.
0.
-0.0101737
0.
0.
0.
0.0102792
1.
0.
0.
0.0395641
0.394876
-0.00819534
-0.000212487
-0.00249379
0.38047
0.
-0.00409167
-0.00467521
0.268076
0.
-0.00332981
-0.0104995
0.290582
0.
0.021366
0.0421752
0.377668
0.
0.00520371
-0.0100536
0.269652
0.
0.0151285
-0.00795667
0.303846
0.
-0.00529345
0.047882
0.289773
0.0217111
0.
0.0461012
0.382178
0.0179995
0.
-0.00234308
0.254712
0.0195726
0.
-0.0144507
0.270187
0.00422108
0.
0.0434101
0.382978
0.0157228
0.
-0.00327914
0.263077
0.0177955
0.
-0.0123964
0.249758
0.0240448
-0.0551784
-0.00373745
0.248832
-0.0253491
0.0232913
-0.012599
0.369978
-0.0227549
-0.0801885
0.00251344
0.42889
-0.155276
-0.160645
0.106298
0.357264
0.146848
-0.166399
0.06833
0.340406
-0.0392923
0.0257656
0.0225005
0.363978
0.128297
0.108425
0.0794857
0.285864
-0.0160031
-0.0302842
-0.007092
0.408962
0.00202273
-0.0533373
0.00503712
0.25635
0.0214129
0.0327496
0.0067623
0.386634
0.0133264
0.0541905
0.00523494
0.321163
-0.126772
0.146216
0.0812599
0.413424
-0.0101633
-0.00379805
0.0144725
0.318282
0.0270264
0.0797051
-0.0806029
0.349693
0.0433963
0.149385
0.0699804
