Vec Object: 1 MPI process
  type: seq
0.
0.
0.
-0.0631126
0.
0.
0.
0.323856
0.156357
-0.152424
0.
0.0132703
0.172579
-0.162352
0.
0.0348051
0.22518
0.169978
0.
0.124938
0.172632
0.159936
0.
0.00462607
0.35427
0.0433069
0.
0.150907
0.352392
0.0369267
0.
0.110299
0.35957
-0.0421335
0.
0.146594
0.360788
-0.0529673
0.
0.156196
0.
0.
0.
-0.128614
0.
0.
0.
-0.272474
0.267852
-0.0647191
0.
-0.136282
0.328678
0.0546694
0.
-0.157051
0.276059
-0.0674131
0.
-0.116847
0.332157
0.0846364
0.
-0.150036
0.299536
0.0705753
0.
-0.0832737
0.330267
-0.0682121
0.
-0.156047
0.266585
0.0671494
0.
-0.126803
0.324919
-0.038983
0.
-0.176474
0.
0.
0.
0.0713025
0.
0.
0.
-0.136377
0.
0.
0.
0.324063
0.
0.
0.
-0.00498789
0.
0.
0.
-0.201671
0.
0.
0.
0.10986
0.
0.
0.
0.298805
0.
0.
0.
0.519941
0.
0.
0.
0.495904
0.
0.
0.
0.336517
0.
0.
0.
0.249352
0.
0.
0.
0.138113
0.
0.
0.
0.321011
0.
0.
0.
-0.0305603
0.
0.
0.
0.697539
0.
0.
0.
0.619696
0.
0.
0.
0.445204
0.
0.
0.
-0.0846176
1.
0.
0.
0.27039
0.39183
-0.00676888
-0.00119695
0.156563
0.388305
0.
0.00117529
-0.0540789
0.287242
0.
0.00245415
-0.228232
0.390424
0.
0.00327853
0.191819
0.403118
0.
-0.000682983
-0.0402052
0.287468
0.
0.00362004
-0.233289
0.372898
0.
-0.00759367
0.243951
0.403219
0.00141389
0.
0.255483
0.396111
0.017853
0.
-0.0511818
0.277128
0.0207194
0.
-0.229322
0.369131
-0.000753987
0.
0.275839
0.410452
0.00547318
0.
-0.0312356
0.281078
0.00603566
0.
-0.243265
0.231997
-0.00332713
-0.0202338
-0.199057
0.242353
-0.00570802
0.00691545
-0.264663
0.277198
-0.0270612
-0.00590167
0.00515767
0.450473
-0.00620219
-0.0542785
0.399207
0.395709
0.00764883
-0.054193
0.308126
0.199103
0.0353137
0.00855544
0.104237
0.338818
0.0124342
0.0338781
0.360801
0.20427
0.00266747
-0.0165663
-0.108842
0.260431
-0.000770868
-0.00168859
0.0456325
0.245974
-0.0067069
0.0102422
-0.22042
0.246087
-0.0232148
0.00888098
0.0506843
0.316542
-0.00611292
0.0530341
0.296707
0.269975
0.00841269
-0.00620145
0.0978502
0.130854
-0.0428198
0.00731025
0.210481
0.322808
-0.0137411
0.0483076
0.359611
