Vec Object: 1 MPI process
  type: seq
0.
0.
0.
-0.0857075
0.
0.
0.
0.0195266
0.167962
-0.167537
0.
-0.0551714
0.174788
-0.179299
0.
-0.0565758
0.189409
0.206546
0.
-0.0475096
0.181557
0.16406
0.
-0.0474971
0.389218
0.00852895
0.
0.000209835
0.376064
0.00802145
0.
0.00892485
0.391598
-0.0214961
0.
0.0092253
0.398472
-0.0166084
0.
0.00467706
0.
0.
0.
-0.0205548
0.
0.
0.
-0.0592986
0.321397
-0.0575396
0.
-0.012985
0.317547
0.0895889
0.
0.00325919
0.326388
-0.0507968
0.
-0.0141866
0.321625
0.110973
0.
0.0168961
0.353205
0.0748073
0.
-0.00410517
0.321946
-0.102464
0.
0.0133076
0.32093
0.0371302
0.
-0.0121169
0.320165
-0.0623079
0.
-0.00268418
0.
0.
0.
-0.114904
0.
0.
0.
0.0189935
0.
0.
0.
-0.0131986
0.
0.
0.
0.146974
0.
0.
0.
-0.0430431
0.
0.
0.
-0.144514
0.
0.
0.
-0.229628
0.
0.
0.
-0.00378225
0.
0.
0.
-0.0571805
0.
0.
0.
-0.0371493
0.
0.
0.
-0.154346
0.
0.
0.
0.0345639
0.
0.
0.
-0.0954861
0.
0.
0.
0.00908955
0.
0.
0.
0.0822815
0.
0.
0.
-0.0219323
0.
0.
0.
-0.0126645
0.
0.
0.
0.0110984
1.
0.
0.
0.0364124
0.392848
-0.00804913
-1.13764e-05
-0.00176555
0.381604
0.
-0.00441456
-0.00522711
0.266629
0.
-0.00391257
-0.00865412
0.282056
0.
0.0229517
0.0382186
0.377031
0.
0.00550854
-0.00994579
0.267614
0.
0.0161438
-0.00474777
0.296532
0.
-0.00463883
0.0410958
0.279103
0.0232143
0.
0.0388135
0.38313
0.0175602
0.
-0.00287717
0.253297
0.0181544
0.
-0.0125029
0.260189
0.00613119
0.
0.0375693
0.3827
0.0162749
0.
-0.00350911
0.261763
0.0182995
0.
-0.00939351
0.251084
0.0254874
-0.0547786
-0.00159339
0.248918
-0.0248334
0.0225645
-0.00789603
0.371501
-0.0216678
-0.0881712
-0.000659311
0.431903
-0.164202
-0.167537
0.0964196
0.359832
0.155304
-0.174104
0.0602782
0.33765
-0.0495487
0.0242961
0.0177921
0.36718
0.132544
0.115252
0.0703022
0.292151
-0.0160733
-0.0307358
-0.00717159
0.41132
0.00210329
-0.0565432
0.0020111
0.255189
0.0202693
0.0331125
0.0113742
0.396243
0.0182028
0.0607852
0.00199168
0.326057
-0.133793
0.151007
0.0744269
0.42052
-0.0109022
-0.00188686
0.0102974
0.315745
0.0432195
0.084994
-0.0813518
0.354423
0.0465248
0.152921
0.061633
