Vec Object: 1 MPI process
  type: seq
0.
0.
0.
-0.115916
0.
0.
0.
0.136593
0.150637
-0.168441
0.
-0.121124
0.165437
-0.177714
0.
-0.101574
0.194755
0.198202
0.
-0.0702401
0.165713
0.17139
0.
-0.125577
0.382361
0.0152986
0.
0.0237315
0.372905
0.0128952
0.
0.0122709
0.387231
-0.0191269
0.
0.0112524
0.389233
-0.0253197
0.
0.0324966
0.
0.
0.
-0.0568147
0.
0.
0.
-0.145479
0.291778
-0.0515058
0.
-0.0168715
0.323766
0.08236
0.
-0.00852529
0.297966
-0.0480341
0.
0.0053549
0.326379
0.11555
0.
0.0110553
0.322573
0.0610818
0.
0.0181241
0.325498
-0.101794
0.
0.00427275
0.293024
0.0468914
0.
-0.0307659
0.322543
-0.0601561
0.
-0.0165038
0.
0.
0.
-0.0901546
0.
0.
0.
-0.0679077
0.
0.
0.
0.112374
0.
0.
0.
0.0386034
0.
0.
0.
-0.121301
0.
0.
0.
-0.0848381
0.
0.
0.
-0.0286187
0.
0.
0.
0.218783
0.
0.
0.
0.183228
0.
0.
0.
0.10997
0.
0.
0.
-0.0478362
0.
0.
0.
0.0641086
0.
0.
0.
0.0646887
0.
0.
0.
-0.0111307
0.
0.
0.
0.363388
0.
0.
0.
0.264815
0.
0.
0.
0.147347
0.
0.
0.
-0.00719529
1.
0.
0.
0.0546784
0.4032
-0.00860587
-0.00139668
0.00852846
0.37548
0.
-0.00120297
-0.0041439
0.279665
0.
0.000587168
-0.0381444
0.354595
0.
0.0102019
0.0838612
0.381374
0.
0.00155626
-0.0124447
0.282012
0.
0.0077233
-0.0450804
0.354326
0.
-0.00827531
0.112426
0.365144
0.00930157
0.
0.122316
0.379065
0.0209577
0.
-0.00197981
0.267814
0.0253276
0.
-0.0438616
0.337924
-0.00375662
0.
0.1148
0.385002
0.00942021
0.
-0.00442119
0.274037
0.0100581
0.
-0.0517996
0.241474
0.00826182
-0.0417393
-0.0383786
0.247566
-0.0168921
0.0180015
-0.0689143
0.33293
-0.03414
-0.0274615
0.0392457
0.430709
-0.0739491
-0.104658
0.204457
0.370925
0.0708291
-0.104303
0.15685
0.291766
0.0294591
0.0235592
0.0794762
0.349277
0.0724311
0.0597783
0.187243
0.240384
-0.00492636
-0.0248045
-0.0122285
0.348398
0.000132731
-0.0194721
0.0427631
0.256415
0.00750348
0.0234293
-0.0414721
0.311858
-0.0167018
0.0182954
0.0533935
0.310737
-0.0630506
0.0995985
0.162873
0.340299
0.000718754
-0.0131566
0.0728923
0.25455
-0.0563266
0.0303666
0.0271503
0.332294
0.0118588
0.100954
0.17909
