Vec Object: 1 MPI process
  type: seq
0.
0.
0.
-0.122836
0.
0.
0.
0.0807808
0.156135
-0.167791
0.
-0.101211
0.168906
-0.177564
0.
-0.0870314
0.191909
0.201032
0.
-0.0675814
0.170739
0.169012
0.
-0.102996
0.385325
0.012089
0.
0.01127
0.374486
0.010706
0.
0.00577466
0.38885
-0.0190159
0.
0.00582231
0.39283
-0.0217471
0.
0.019333
0.
0.
0.
-0.0477741
0.
0.
0.
-0.117542
0.300145
-0.0541398
0.
-0.0178873
0.322313
0.0858731
0.
0.000547261
0.305669
-0.049913
0.
-0.00110004
0.325004
0.116844
0.
0.0196709
0.330896
0.0656597
0.
0.0110631
0.324407
-0.104397
0.
0.0137791
0.301533
0.0449215
0.
-0.0273294
0.321535
-0.0623002
0.
-0.00561653
0.
0.
0.
-0.12478
0.
0.
0.
-0.0469711
0.
0.
0.
0.0511141
0.
0.
0.
0.0639573
0.
0.
0.
-0.0995491
0.
0.
0.
-0.130807
0.
0.
0.
-0.119222
0.
0.
0.
0.130072
0.
0.
0.
0.0875181
0.
0.
0.
0.0420611
0.
0.
0.
-0.119948
0.
0.
0.
0.0402304
0.
0.
0.
-0.0112261
0.
0.
0.
-0.0123015
0.
0.
0.
0.266868
0.
0.
0.
0.158126
0.
0.
0.
0.0697622
0.
0.
0.
-0.0018759
1.
0.
0.
0.0508903
0.40196
-0.00854399
-0.00105666
-0.00159908
0.375924
0.
-0.00212501
-0.00262169
0.276257
0.
-0.000509512
-0.0246432
0.33422
0.
0.0134637
0.0680402
0.379631
0.
0.00283037
-0.0107916
0.278849
0.
0.00992456
-0.0291554
0.339343
0.
-0.00764865
0.0896607
0.342257
0.0131761
0.
0.0952931
0.378788
0.0203731
0.
-0.000374156
0.263774
0.0244614
0.
-0.029751
0.317641
-0.00246673
0.
0.0867539
0.383505
0.0116165
0.
-0.00300835
0.270697
0.0127899
0.
-0.0345114
0.243957
0.0139888
-0.0484913
-0.0246009
0.248192
-0.0210291
0.0213378
-0.0468769
0.348753
-0.0306612
-0.0413814
0.0251333
0.425545
-0.10081
-0.123102
0.16962
0.361782
0.0959522
-0.124054
0.124703
0.317759
0.0131899
0.026878
0.0571562
0.351999
0.0937118
0.0734772
0.146184
0.254259
-0.0103508
-0.0270332
-0.0104744
0.374542
0.000958763
-0.0300366
0.0273521
0.257929
0.0152107
0.0275954
-0.0244814
0.335895
-0.00906695
0.026613
0.0331083
0.309657
-0.0844203
0.116068
0.131295
0.365628
-0.00307755
-0.0119801
0.0497376
0.28871
-0.0420586
0.0448731
-0.0286912
0.334974
0.0224812
0.119382
0.135869
