Vec Object: 1 MPI process
  type: seq
0.
0.
0.
-0.0756093
0.
0.
0.
0.0197706
0.170539
-0.168256
0.
-0.0460803
0.176385
-0.180349
0.
-0.0496053
0.1901
0.207927
0.
-0.0414532
0.183481
0.163597
0.
-0.0362942
0.390044
0.00841758
0.
-0.00103618
0.377088
0.00685256
0.
0.00991675
0.393153
-0.0221829
0.
0.00922504
0.399703
-0.0159839
0.
0.00255929
0.
0.
0.
-0.0174334
0.
0.
0.
-0.0543385
0.327069
-0.058259
0.
-0.0111
0.315824
0.0903282
0.
0.00280465
0.332354
-0.0499165
0.
-0.015407
0.320925
0.108489
0.
0.0147446
0.359417
0.0761399
0.
-0.00530436
0.321519
-0.101123
0.
0.0115588
0.325479
0.0352249
0.
-0.00890482
0.320734
-0.0616485
0.
-0.00359019
0.
0.
0.
-0.100365
0.
0.
0.
0.0283574
0.
0.
0.
-0.011587
0.
0.
0.
0.154717
0.
0.
0.
-0.0388243
0.
0.
0.
-0.133075
0.
0.
0.
-0.232824
0.
0.
0.
-0.0164589
0.
0.
0.
-0.0701569
0.
0.
0.
-0.0377329
0.
0.
0.
-0.135844
0.
0.
0.
0.0397862
0.
0.
0.
-0.0935455
0.
0.
0.
0.0157778
0.
0.
0.
0.0522589
0.
0.
0.
-0.0440498
0.
0.
0.
-0.0106384
0.
0.
0.
0.0104361
1.
0.
0.
0.0308384
0.388961
-0.00768159
0.000392978
-0.000611095
0.3835
0.
-0.00487002
-0.0058877
0.264513
0.
-0.00490695
-0.00604304
0.267736
0.
0.0255135
0.0322785
0.37549
0.
0.00585031
-0.00944507
0.264117
0.
0.0178255
-0.000206688
0.284149
0.
-0.00326957
0.0312698
0.261106
0.0253722
0.
0.0288327
0.384778
0.0169393
0.
-0.0035083
0.251566
0.0153254
0.
-0.00994055
0.242747
0.00976299
0.
0.0296843
0.381826
0.0169371
0.
-0.00367791
0.259794
0.0185772
0.
-0.00530822
0.253193
0.0276531
-0.0528904
0.000376536
0.248771
-0.0225726
0.0205562
-0.00195592
0.371942
-0.0203909
-0.100751
-0.00511468
0.438334
-0.176825
-0.178632
0.0822303
0.367142
0.167497
-0.185961
0.0494428
0.327811
-0.063537
0.021467
0.0114837
0.372902
0.137674
0.125503
0.057954
0.302312
-0.0158531
-0.0314877
-0.00797273
0.412203
0.00216726
-0.0599212
-0.00230322
0.252413
0.0164343
0.0334967
0.0171762
0.411984
0.0261249
0.0721553
-0.00221046
0.336261
-0.144047
0.158047
0.0650248
0.429917
-0.011344
0.00091909
0.00505343
0.306661
0.0672795
0.0908357
-0.0786784
0.363962
0.0504148
0.156747
0.0508076
