Vec Object: 1 MPI process
  type: seq
0.
0.
0.
-0.111847
0.
0.
0.
0.038245
0.162078
-0.167217
0.
-0.0780131
0.171972
-0.17793
0.
-0.0715848
0.18992
0.203676
0.
-0.0593496
0.176257
0.166355
0.
-0.075951
0.3874
0.00985681
0.
0.00438017
0.375178
0.00942882
0.
0.00581235
0.389788
-0.0200559
0.
0.00705461
0.39574
-0.0188576
0.
0.0108438
0.
0.
0.
-0.0343712
0.
0.
0.
-0.0856392
0.309923
-0.056167
0.
-0.0171244
0.320378
0.0880729
0.
0.0036214
0.314918
-0.0511257
0.
-0.00856873
0.32341
0.115165
0.
0.0206299
0.34093
0.0705796
0.
0.00226508
0.323186
-0.10444
0.
0.0158562
0.310891
0.0415615
0.
-0.0209066
0.320498
-0.0629567
0.
-0.00187927
0.
0.
0.
-0.135004
0.
0.
0.
-0.0151069
0.
0.
0.
0.0052458
0.
0.
0.
0.104737
0.
0.
0.
-0.0699618
0.
0.
0.
-0.153514
0.
0.
0.
-0.191626
0.
0.
0.
0.0510415
0.
0.
0.
0.00185867
0.
0.
0.
-0.0114762
0.
0.
0.
-0.161623
0.
0.
0.
0.0291448
0.
0.
0.
-0.0701107
0.
0.
0.
-0.00542833
0.
0.
0.
0.16946
0.
0.
0.
0.0571304
0.
0.
0.
0.0110748
0.
0.
0.
0.005515
1.
0.
0.
0.0458746
0.398772
-0.00840122
-0.000615186
-0.00367526
0.37802
0.
-0.00323317
-0.00329417
0.271766
0.
-0.00199656
-0.0156812
0.310375
0.
0.0176726
0.0526987
0.378632
0.
0.0042538
-0.0101087
0.274148
0.
0.0127379
-0.016497
0.320454
0.
-0.00652539
0.0656487
0.314129
0.0178865
0.
0.0663886
0.380208
0.0191327
0.
-0.000999188
0.258668
0.0222625
0.
-0.0200937
0.29244
0.000530596
0.
0.0603563
0.383196
0.0140612
0.
-0.00273906
0.266447
0.0158711
0.
-0.0209066
0.246893
0.0200052
-0.0538127
-0.0115608
0.248544
-0.0245422
0.0235068
-0.0263632
0.362908
-0.0260637
-0.0615493
0.0113184
0.42478
-0.131728
-0.143999
0.132805
0.356075
0.124786
-0.147436
0.0912093
0.337149
-0.0138083
0.0277614
0.0359352
0.357502
0.115001
0.0920031
0.105913
0.271219
-0.0146151
-0.0290467
-0.00824333
0.397726
0.00168289
-0.043479
0.0134901
0.257895
0.0208478
0.0311409
-0.00647196
0.363824
0.0023461
0.0401425
0.0152183
0.313255
-0.108518
0.13358
0.100884
0.393518
-0.00741027
-0.00817633
0.0275454
0.313571
-0.00950057
0.064353
-0.068297
0.341205
0.0345785
0.13789
0.0951653
