Vec Object: 1 MPI process
  type: seq
0.
0.
0.
-0.122676
0.
0.
0.
0.0915797
0.154937
-0.167948
0.
-0.105757
0.168203
-0.177577
0.
-0.0902358
0.192425
0.200485
0.
-0.0687044
0.16964
0.169543
0.
-0.108133
0.38481
0.0126572
0.
0.0132452
0.374254
0.0110597
0.
0.00646689
0.388617
-0.0189146
0.
0.00618222
0.392164
-0.0224144
0.
0.0215345
0.
0.
0.
-0.0499413
0.
0.
0.
-0.123684
0.298316
-0.0536143
0.
-0.017636
0.322642
0.0852694
0.
-0.000756578
0.303974
-0.0495395
0.
0.000482433
0.325302
0.116828
0.
0.0185995
0.329059
0.0646492
0.
0.0128514
0.324641
-0.104081
0.
0.0125048
0.29971
0.0454213
0.
-0.0281717
0.321755
-0.0619832
0.
-0.00720823
0.
0.
0.
-0.119229
0.
0.
0.
-0.0521616
0.
0.
0.
0.0629084
0.
0.
0.
0.0574602
0.
0.
0.
-0.104706
0.
0.
0.
-0.122792
0.
0.
0.
-0.10151
0.
0.
0.
0.147973
0.
0.
0.
0.106879
0.
0.
0.
0.0553289
0.
0.
0.
-0.10689
0.
0.
0.
0.0443753
0.
0.
0.
0.00355304
0.
0.
0.
-0.012581
0.
0.
0.
0.287061
0.
0.
0.
0.180047
0.
0.
0.
0.0847323
0.
0.
0.
-0.00309861
1.
0.
0.
0.051579
0.402363
-0.00856475
-0.00113605
-0.000332095
0.375696
0.
-0.00191958
-0.00275695
0.277048
0.
-0.000254192
-0.0269269
0.338693
0.
0.0127205
0.0712705
0.3799
0.
0.00254962
-0.0110788
0.279615
0.
0.00942166
-0.0320378
0.342727
0.
-0.00781646
0.0944437
0.347368
0.0123122
0.
0.101066
0.378703
0.0205506
0.
-0.000523366
0.264698
0.0247382
0.
-0.0321696
0.322189
-0.00284966
0.
0.0924269
0.383684
0.0111345
0.
-0.00324058
0.271465
0.0121832
0.
-0.0376667
0.243431
0.0127637
-0.0471534
-0.0273198
0.248096
-0.0201829
0.020701
-0.0511963
0.345547
-0.0314951
-0.038051
0.0281425
0.42635
-0.0949246
-0.119108
0.176969
0.363511
0.0904574
-0.119702
0.131504
0.312679
0.0173494
0.0263307
0.0617853
0.351262
0.0892452
0.0702952
0.154665
0.251182
-0.00927224
-0.0265862
-0.0108024
0.369246
0.000789484
-0.0275962
0.0304975
0.257722
0.0136967
0.0267587
-0.0279486
0.330643
-0.0109162
0.0245372
0.0372523
0.309608
-0.0797775
0.112564
0.137782
0.360155
-0.00223234
-0.0124166
0.054599
0.282099
-0.0462724
0.0414678
-0.0180901
0.334212
0.0201525
0.11551
0.144687
