Vec Object: 1 MPI process
  type: seq
0.
0.
0.
-0.116911
0.
0.
0.
0.0481162
0.160415
-0.167323
0.
-0.0845654
0.171177
-0.177743
0.
-0.0758243
0.190376
0.202926
0.
-0.0620492
0.174703
0.167097
0.
-0.0837844
0.386872
0.010398
0.
0.00594721
0.37503
0.00973839
0.
0.00532683
0.389513
-0.0196992
0.
0.00639132
0.394965
-0.0196103
0.
0.0129257
0.
0.
0.
-0.0385186
0.
0.
0.
-0.0946606
0.307034
-0.0556964
0.
-0.0177431
0.320986
0.0875634
0.
0.00323045
0.312145
-0.0509117
0.
-0.00659981
0.323881
0.115915
0.
0.0209851
0.337926
0.0692334
0.
0.00461251
0.323539
-0.104661
0.
0.0158789
0.308197
0.0426508
0.
-0.0230903
0.320767
-0.0629151
0.
-0.00233119
0.
0.
0.
-0.135232
0.
0.
0.
-0.0249414
0.
0.
0.
0.0157473
0.
0.
0.
0.0920714
0.
0.
0.
-0.078753
0.
0.
0.
-0.150232
0.
0.
0.
-0.174208
0.
0.
0.
0.0713512
0.
0.
0.
0.0238863
0.
0.
0.
0.0012171
0.
0.
0.
-0.154271
0.
0.
0.
0.0305532
0.
0.
0.
-0.056349
0.
0.
0.
-0.00829772
0.
0.
0.
0.196255
0.
0.
0.
0.0839574
0.
0.
0.
0.0245877
0.
0.
0.
0.00329214
1.
0.
0.
0.0476626
0.399887
-0.00844956
-0.000748118
-0.00365206
0.377273
0.
-0.00290737
-0.00290749
0.273119
0.
-0.00153847
-0.0179163
0.317414
0.
0.0163914
0.0569147
0.378896
0.
0.00385457
-0.0101857
0.275634
0.
0.0118907
-0.0198956
0.326175
0.
-0.00689449
0.0724812
0.322586
0.0164856
0.
0.0745231
0.379648
0.0195344
0.
-0.000624185
0.260183
0.0230323
0.
-0.0225282
0.300054
-0.000521828
0.
0.067487
0.383225
0.0133735
0.
-0.00266536
0.267708
0.015012
0.
-0.0244784
0.24598
0.0183394
-0.0526058
-0.0151186
0.24845
-0.0237255
0.0231115
-0.032025
0.3593
-0.0274062
-0.0552211
0.0149949
0.424361
-0.122752
-0.137906
0.143219
0.35706
0.116414
-0.140527
0.100539
0.332963
-0.00511895
0.0278785
0.0415927
0.355598
0.109229
0.0862955
0.116906
0.266111
-0.0136421
-0.028516
-0.00893268
0.391868
0.00150404
-0.0395283
0.0170963
0.258105
0.019673
0.0302702
-0.0116918
0.355602
-0.00127766
0.0357239
0.0197627
0.311562
-0.101563
0.128638
0.109116
0.385591
-0.00619485
-0.00952876
0.0333808
0.308246
-0.0207755
0.0584843
-0.0595843
0.338951
0.031104
0.132865
0.106047
