Vec Object: 1 MPI process
  type: seq
0.
0.
0.
-0.107981
0.
0.
0.
0.167096
0.148311
-0.168476
0.
-0.128057
0.163795
-0.177694
0.
-0.106888
0.19669
0.196394
0.
-0.0677975
0.163588
0.172278
0.
-0.133871
0.380218
0.0175384
0.
0.0341222
0.371524
0.0146239
0.
0.0195947
0.385682
-0.0199683
0.
0.0191138
0.386862
-0.0276389
0.
0.0428672
0.
0.
0.
-0.0611139
0.
0.
0.
-0.158947
0.28787
-0.0503718
0.
-0.0182609
0.324425
0.0799094
0.
-0.0163845
0.294393
-0.0473395
0.
0.00587705
0.327057
0.113664
0.
0.00277596
0.318749
0.0592969
0.
0.0187501
0.326045
-0.099351
0.
-0.00436404
0.288901
0.047737
0.
-0.0332521
0.322996
-0.0584325
0.
-0.0256593
0.
0.
0.
-0.0669238
0.
0.
0.
-0.0757588
0.
0.
0.
0.14615
0.
0.
0.
0.0303234
0.
0.
0.
-0.130323
0.
0.
0.
-0.0563153
0.
0.
0.
0.0207973
0.
0.
0.
0.265057
0.
0.
0.
0.232875
0.
0.
0.
0.146698
0.
0.
0.
-0.00478081
0.
0.
0.
0.0785156
0.
0.
0.
0.105974
0.
0.
0.
-0.00932817
0.
0.
0.
0.411482
0.
0.
0.
0.319157
0.
0.
0.
0.190357
0.
0.
0.
-0.0103966
1.
0.
0.
0.0586981
0.403125
-0.00858055
-0.00151952
0.0189157
0.37592
0.
-0.000789635
-0.00562773
0.281055
0.
0.00103226
-0.0485398
0.363804
0.
0.00881248
0.0922056
0.38284
0.
0.000996729
-0.013228
0.283189
0.
0.00680297
-0.056297
0.360703
0.
-0.0084227
0.123957
0.375191
0.00758338
0.
0.135369
0.379925
0.0209912
0.
-0.00350971
0.269523
0.0253463
0.
-0.0544826
0.346732
-0.00394854
0.
0.129895
0.386542
0.00844478
0.
-0.00507904
0.275414
0.00888289
0.
-0.0636704
0.240188
0.0055798
-0.0381593
-0.0473169
0.247064
-0.0148246
0.0161628
-0.0825522
0.324653
-0.0352723
-0.0221458
0.0448697
0.434209
-0.0615991
-0.0959445
0.222076
0.375984
0.0592361
-0.0952686
0.172663
0.277661
0.0345288
0.0214074
0.089912
0.348435
0.0619719
0.0541691
0.208204
0.234063
-0.00218198
-0.0236057
-0.0145055
0.334785
-0.000266205
-0.0151967
0.0499438
0.255218
0.00351176
0.0212552
-0.0519278
0.300662
-0.0194854
0.0154248
0.0627621
0.312157
-0.0530579
0.0916237
0.179028
0.328355
0.00236782
-0.0129693
0.0833832
0.235749
-0.0587666
0.0246587
0.0583325
0.331568
0.00700997
0.0919034
0.201534
