Vec Object: 1 MPI process
  type: seq
0.
0.
0.
-0.0931758
0.
0.
0.
0.021832
0.16639
-0.167308
0.
-0.0611241
0.173979
-0.17881
0.
-0.0606593
0.189317
0.20574
0.
-0.0510006
0.180217
0.16457
0.
-0.0550041
0.388724
0.00877026
0.
0.00114697
0.375697
0.00851203
0.
0.00805121
0.390919
-0.0210953
0.
0.00883781
0.397731
-0.0171243
0.
0.00615433
0.
0.
0.
-0.0236817
0.
0.
0.
-0.0647672
0.31813
-0.0571736
0.
-0.0142543
0.318433
0.0891927
0.
0.00352444
0.323037
-0.0510851
0.
-0.012974
0.322104
0.112308
0.
0.018146
0.349657
0.073802
0.
-0.00281097
0.322259
-0.103154
0.
0.0142593
0.318185
0.0383512
0.
-0.0144392
0.320096
-0.0625984
0.
-0.00221475
0.
0.
0.
-0.122823
0.
0.
0.
0.0108573
0.
0.
0.
-0.0113834
0.
0.
0.
0.137573
0.
0.
0.
-0.0486513
0.
0.
0.
-0.149854
0.
0.
0.
-0.22354
0.
0.
0.
0.00767834
0.
0.
0.
-0.04499
0.
0.
0.
-0.0335934
0.
0.
0.
-0.161576
0.
0.
0.
0.0317701
0.
0.
0.
-0.0927424
0.
0.
0.
0.00481658
0.
0.
0.
0.103725
0.
0.
0.
-0.00404901
0.
0.
0.
-0.010353
0.
0.
0.
0.0103326
1.
0.
0.
0.039433
0.394793
-0.00818998
-0.000204318
-0.00246328
0.380518
0.
-0.00410624
-0.0047005
0.268012
0.
-0.00335477
-0.0104159
0.290216
0.
0.0214345
0.0419984
0.377644
0.
0.00521824
-0.010051
0.269566
0.
0.0151724
-0.00781247
0.303533
0.
-0.00526724
0.0475781
0.289316
0.0217782
0.
0.0457687
0.382218
0.0179798
0.
-0.00236761
0.254646
0.0195152
0.
-0.014361
0.269764
0.00429921
0.
0.0431412
0.38297
0.0157488
0.
-0.00329009
0.263018
0.0178219
0.
-0.0122591
0.249815
0.0241102
-0.0551735
-0.00362945
0.248837
-0.0253388
0.0232678
-0.0123802
0.370063
-0.0227034
-0.0805351
0.00236973
0.429005
-0.155677
-0.160944
0.105853
0.357347
0.147226
-0.166738
0.0679604
0.340339
-0.0397512
0.0257084
0.0222848
0.364112
0.128498
0.108724
0.0790633
0.286135
-0.0160115
-0.0303042
-0.00708778
0.409094
0.00202692
-0.0534909
0.00490027
0.256307
0.0213816
0.0327686
0.00697645
0.38705
0.0135357
0.0544686
0.00508382
0.321355
-0.127085
0.146431
0.0809466
0.41375
-0.0102015
-0.00371446
0.0142759
0.318226
0.0277309
0.0799544
-0.0806826
0.349882
0.0435407
0.149556
0.0695913
