Vec Object: 1 MPI process
  type: seq
0.
0.
0.
-0.0843589
0.
0.
0.
0.249943
0.146001
-0.165186
0.
-0.118899
0.162317
-0.174826
0.
-0.0966044
0.2063
0.187505
0.
-0.0299892
0.161683
0.17142
0.
-0.128304
0.369584
0.0282806
0.
0.0942732
0.363836
0.0237182
0.
0.0682739
0.375853
-0.0277767
0.
0.0788733
0.375945
-0.0382937
0.
0.10171
0.
0.
0.
-0.0868534
0.
0.
0.
-0.2092
0.27717
-0.0518881
0.
-0.0516408
0.326437
0.0694627
0.
-0.0584541
0.284605
-0.050907
0.
-0.0258935
0.329352
0.102764
0.
-0.0433128
0.308421
0.0594845
0.
-0.00895678
0.327927
-0.0871299
0.
-0.0507898
0.277168
0.0533051
0.
-0.0617592
0.324085
-0.0505465
0.
-0.0726087
0.
0.
0.
0.00397403
0.
0.
0.
-0.103306
0.
0.
0.
0.239697
0.
0.
0.
0.00914832
0.
0.
0.
-0.162775
0.
0.
0.
0.0290758
0.
0.
0.
0.163598
0.
0.
0.
0.394387
0.
0.
0.
0.369932
0.
0.
0.
0.247519
0.
0.
0.
0.125561
0.
0.
0.
0.113531
0.
0.
0.
0.220694
0.
0.
0.
-0.014207
0.
0.
0.
0.546994
0.
0.
0.
0.470738
0.
0.
0.
0.316247
0.
0.
0.
-0.0365924
1.
0.
0.
0.100403
0.399425
-0.00806087
-0.00158923
0.0853731
0.380317
0.
0.000294871
-0.0110293
0.284414
0.
0.00199157
-0.106482
0.384686
0.
0.00551857
0.118606
0.390775
0.
-0.000213683
-0.0114798
0.285687
0.
0.0047597
-0.115113
0.373411
0.
-0.00825914
0.160286
0.397394
0.00351701
0.
0.173286
0.385994
0.0200761
0.
-0.00881995
0.273751
0.0239106
0.
-0.111806
0.365601
-0.00306505
0.
0.179309
0.395708
0.00630029
0.
-0.00283165
0.278646
0.00650822
0.
-0.123873
0.236102
-0.000704394
-0.0279945
-0.0996099
0.244935
-0.00941248
0.0108981
-0.147926
0.299881
-0.0346114
-0.0113778
0.0390265
0.44483
-0.0294868
-0.0724802
0.279972
0.389491
0.0290703
-0.0717509
0.219155
0.235619
0.0398633
0.0144793
0.104587
0.345616
0.0334871
0.0415596
0.268962
0.217383
0.00345971
-0.019913
-0.044122
0.29493
-0.00104432
-0.00621799
0.0557965
0.250678
-0.00552348
0.0151001
-0.110083
0.270509
-0.0239008
0.0105261
0.0702314
0.31656
-0.0263977
0.0699051
0.224058
0.296143
0.00615692
-0.0102328
0.0970689
0.179348
-0.0543535
0.0129656
0.142479
0.3292
-0.00538459
0.0672139
0.266807
