Vec Object: 1 MPI process
  type: seq
0.
0.
0.
-0.0967313
0.
0.
0.
0.0236158
0.16565
-0.167243
0.
-0.0639856
0.173624
-0.178614
0.
-0.0625507
0.189342
0.205371
0.
-0.052568
0.179558
0.164847
0.
-0.05861
0.388495
0.00891792
0.
0.0016307
0.375571
0.00870223
0.
0.00761932
0.39066
-0.0209098
0.
0.00858197
0.397387
-0.0173935
0.
0.00689328
0.
0.
0.
-0.0253734
0.
0.
0.
-0.0678578
0.316643
-0.0570091
0.
-0.0148376
0.318813
0.08901
0.
0.00362252
0.321536
-0.0511639
0.
-0.0123126
0.322332
0.112885
0.
0.0186911
0.348055
0.0732895
0.
-0.00207937
0.322414
-0.103441
0.
0.0146555
0.316905
0.0389262
0.
-0.0155735
0.320115
-0.062706
0.
-0.00203995
0.
0.
0.
-0.126017
0.
0.
0.
0.00662106
0.
0.
0.
-0.00972345
0.
0.
0.
0.132384
0.
0.
0.
-0.0518611
0.
0.
0.
-0.151703
0.
0.
0.
-0.219592
0.
0.
0.
0.0139696
0.
0.
0.
-0.038236
0.
0.
0.
-0.031045
0.
0.
0.
-0.163669
0.
0.
0.
0.0307294
0.
0.
0.
-0.0903783
0.
0.
0.
0.00284979
0.
0.
0.
0.114418
0.
0.
0.
0.00533047
0.
0.
0.
-0.00822304
0.
0.
0.
0.00972632
1.
0.
0.
0.040733
0.395608
-0.00824074
-0.00028494
-0.00276315
0.380036
0.
-0.00395693
-0.00444166
0.268669
0.
-0.00310386
-0.0112759
0.2939
0.
0.020744
0.0438059
0.377871
0.
0.00506636
-0.0100707
0.270432
0.
0.0147301
-0.00928769
0.306672
0.
-0.00552431
0.0506822
0.293903
0.0210948
0.
0.0491919
0.381819
0.0181817
0.
-0.00211634
0.255321
0.0200795
0.
-0.015287
0.274008
0.00352907
0.
0.045922
0.383048
0.0154786
0.
-0.00317787
0.263614
0.0175392
0.
-0.0136734
0.24925
0.0234375
-0.0551725
-0.00478119
0.248786
-0.0253961
0.0234711
-0.0146468
0.369132
-0.0232407
-0.0770392
0.00384642
0.427909
-0.151569
-0.157913
0.110411
0.356615
0.143357
-0.163305
0.0717745
0.340796
-0.0350819
0.0262547
0.0245091
0.36279
0.126397
0.105691
0.0834273
0.283399
-0.0159012
-0.0300988
-0.00716197
0.407642
0.00198156
-0.0518861
0.00630668
0.256715
0.0216248
0.0325615
0.00476082
0.382855
0.0114336
0.0516949
0.00665548
0.319503
-0.123883
0.144241
0.084181
0.410394
-0.00979257
-0.0045574
0.0163272
0.318559
0.0206431
0.0773679
-0.0796631
0.348034
0.0420503
0.147765
0.073634
