Vec Object: 1 MPI process
  type: seq
0.
0.
0.
-0.106248
0.
0.
0.
0.173085
0.147917
-0.168438
0.
-0.129009
0.163509
-0.177659
0.
-0.107609
0.197126
0.195989
0.
-0.0668771
0.163229
0.172408
0.
-0.135097
0.379728
0.0180435
0.
0.0366223
0.371193
0.0150279
0.
0.0214655
0.385296
-0.0202186
0.
0.0212328
0.386336
-0.0281521
0.
0.0453348
0.
0.
0.
-0.0620693
0.
0.
0.
-0.161653
0.287124
-0.0502037
0.
-0.018894
0.324552
0.0793689
0.
-0.0182426
0.293712
-0.0472664
0.
0.00555213
0.327193
0.113191
0.
0.000782024
0.318022
0.0590216
0.
0.0184634
0.326154
-0.0987759
0.
-0.00641808
0.288104
0.0479247
0.
-0.0339696
0.32308
-0.0580406
0.
-0.0277969
0.
0.
0.
-0.0621296
0.
0.
0.
-0.0772242
0.
0.
0.
0.15281
0.
0.
0.
0.02892
0.
0.
0.
-0.132061
0.
0.
0.
-0.0505143
0.
0.
0.
0.0305813
0.
0.
0.
0.274101
0.
0.
0.
0.24255
0.
0.
0.
0.153905
0.
0.
0.
0.00393001
0.
0.
0.
0.0813535
0.
0.
0.
0.114096
0.
0.
0.
-0.00902576
0.
0.
0.
0.42081
0.
0.
0.
0.329726
0.
0.
0.
0.19891
0.
0.
0.
-0.0112028
1.
0.
0.
0.0598502
0.403049
-0.00856879
-0.00153863
0.0215255
0.376064
0.
-0.000711987
-0.00595511
0.281306
0.
0.00111192
-0.050988
0.365508
0.
0.00855817
0.0938684
0.383188
0.
0.000895062
-0.0133361
0.283393
0.
0.00663692
-0.0588759
0.36185
0.
-0.00843855
0.126237
0.377031
0.0072652
0.
0.137888
0.380157
0.020977
0.
-0.00384443
0.269836
0.0253187
0.
-0.0569609
0.348335
-0.0039547
0.
0.132935
0.386922
0.00826655
0.
-0.00516042
0.275662
0.00867195
0.
-0.0663682
0.23993
0.0050788
-0.0374573
-0.0493921
0.246951
-0.0144289
0.0158001
-0.0855701
0.32302
-0.03543
-0.0212179
0.045697
0.434931
-0.059269
-0.0942812
0.225579
0.376976
0.0570463
-0.093564
0.175734
0.274865
0.0353067
0.0209643
0.0917673
0.348287
0.0599597
0.0531585
0.212306
0.232868
-0.00166934
-0.0233662
-0.0152237
0.33211
-0.000339551
-0.0144378
0.0511813
0.254956
0.00275496
0.0208303
-0.0543141
0.298532
-0.0199531
0.0149475
0.0643678
0.312469
-0.0511592
0.0900926
0.182174
0.326079
0.00266871
-0.0128805
0.0852176
0.232009
-0.0589517
0.0236549
0.0644755
0.331446
0.00609978
0.0901619
0.205943
