Vec Object: 1 MPI process
  type: seq
0.
0.
0.
-0.113425
0.
0.
0.
0.0408511
0.161609
-0.167241
0.
-0.0798642
0.171751
-0.17787
0.
-0.0727763
0.190039
0.203462
0.
-0.0601412
0.175818
0.166563
0.
-0.0781821
0.387253
0.0100034
0.
0.00480091
0.375137
0.0095152
0.
0.0056454
0.389705
-0.0199517
0.
0.00685516
0.395523
-0.019066
0.
0.0114139
0.
0.
0.
-0.0355619
0.
0.
0.
-0.0881692
0.309094
-0.0560409
0.
-0.0173318
0.320556
0.0879355
0.
0.00354122
0.314117
-0.0510765
0.
-0.00802516
0.323545
0.115397
0.
0.0207716
0.340064
0.0702035
0.
0.0029119
0.323286
-0.104519
0.
0.0159027
0.310124
0.0418797
0.
-0.0215496
0.320571
-0.0629555
0.
-0.00196725
0.
0.
0.
-0.135324
0.
0.
0.
-0.017934
0.
0.
0.
0.00800247
0.
0.
0.
0.101095
0.
0.
0.
-0.0724574
0.
0.
0.
-0.152847
0.
0.
0.
-0.186964
0.
0.
0.
0.0566065
0.
0.
0.
0.00789361
0.
0.
0.
-0.00809997
0.
0.
0.
-0.15993
0.
0.
0.
0.0294023
0.
0.
0.
-0.0664739
0.
0.
0.
-0.00631021
0.
0.
0.
0.176973
0.
0.
0.
0.0645631
0.
0.
0.
0.0146261
0.
0.
0.
0.00488767
1.
0.
0.
0.0464158
0.399107
-0.0084159
-0.000653668
-0.00370358
0.377797
0.
-0.00314011
-0.00317228
0.272155
0.
-0.00186366
-0.0162973
0.312397
0.
0.0173017
0.053884
0.378709
0.
0.00414165
-0.0101236
0.274582
0.
0.0124937
-0.0174518
0.32211
0.
-0.00663465
0.0675883
0.316572
0.0174842
0.
0.0686842
0.380037
0.0192497
0.
-0.000880653
0.259101
0.0224936
0.
-0.0207663
0.294643
0.000213955
0.
0.0623476
0.383203
0.0138676
0.
-0.00270759
0.266808
0.0156309
0.
-0.0219011
0.246625
0.0195378
-0.0535014
-0.0125501
0.248517
-0.024331
0.0234168
-0.0279546
0.361925
-0.0264444
-0.0597053
0.0123423
0.424603
-0.12917
-0.142256
0.135752
0.35629
0.122399
-0.145454
0.0938342
0.336095
-0.0112661
0.0278284
0.0375108
0.356932
0.113393
0.0903477
0.10899
0.269743
-0.0143616
-0.0288996
-0.00843528
0.396136
0.00163469
-0.0423555
0.0144889
0.257973
0.0205577
0.0309069
-0.00795588
0.361466
0.00128557
0.0388383
0.0164645
0.312711
-0.106538
0.132182
0.103183
0.391276
-0.00706992
-0.00858108
0.029158
0.31223
-0.0128656
0.0626702
-0.0660441
0.340519
0.0335929
0.13649
0.0981913
