Vec Object: 1 MPI process
  type: seq
0.
0.
0.
-0.0761112
0.
0.
0.
0.0196295
0.170376
-0.168196
0.
-0.0466196
0.176271
-0.180272
0.
-0.0500564
0.190034
0.207837
0.
-0.0418421
0.183371
0.163608
0.
-0.0369396
0.389992
0.00841182
0.
-0.000969394
0.377004
0.00694276
0.
0.00987907
0.393037
-0.0221377
0.
0.00925236
0.399625
-0.0160135
0.
0.00268074
0.
0.
0.
-0.0175432
0.
0.
0.
-0.0544944
0.326699
-0.0582074
0.
-0.0112037
0.315944
0.0902759
0.
0.00282951
0.331961
-0.0499881
0.
-0.0153635
0.320964
0.108656
0.
0.0148799
0.359012
0.0760688
0.
-0.0052656
0.321542
-0.101214
0.
0.0116723
0.32519
0.0353391
0.
-0.00907623
0.320677
-0.061697
0.
-0.00353218
0.
0.
0.
-0.101278
0.
0.
0.
0.0279466
0.
0.
0.
-0.0118292
0.
0.
0.
0.154588
0.
0.
0.
-0.0388774
0.
0.
0.
-0.13384
0.
0.
0.
-0.232861
0.
0.
0.
-0.0158876
0.
0.
0.
-0.0696029
0.
0.
0.
-0.0378677
0.
0.
0.
-0.137184
0.
0.
0.
0.0394721
0.
0.
0.
-0.0938781
0.
0.
0.
0.0153847
0.
0.
0.
0.0539249
0.
0.
0.
-0.0429457
0.
0.
0.
-0.0109391
0.
0.
0.
0.0105524
1.
0.
0.
0.0312061
0.389233
-0.00771096
0.0003635
-0.000679575
0.383378
0.
-0.00484375
-0.00585737
0.264637
0.
-0.00484077
-0.00619415
0.268671
0.
0.025352
0.0326413
0.375611
0.
0.00583473
-0.0094928
0.264346
0.
0.017716
-0.000464875
0.28496
0.
-0.00337192
0.0318447
0.262281
0.0252483
0.
0.0293964
0.384669
0.0169751
0.
-0.00347993
0.25165
0.0155302
0.
-0.0100789
0.243914
0.00950949
0.
0.0301295
0.381901
0.0169043
0.
-0.00367822
0.259913
0.0185821
0.
-0.00553636
0.253067
0.0275154
-0.0530534
0.000302269
0.248799
-0.0227756
0.0207142
-0.00226699
0.371993
-0.0204539
-0.0999754
-0.00486018
0.43787
-0.176103
-0.177929
0.0830625
0.366551
0.166788
-0.185236
0.0500478
0.328627
-0.0627893
0.0216539
0.0118286
0.37252
0.137411
0.1249
0.0586455
0.301672
-0.0158691
-0.0314362
-0.00790505
0.41225
0.00216564
-0.0597832
-0.00205296
0.252629
0.0167542
0.0334739
0.0168749
0.410973
0.0256286
0.0714119
-0.00198319
0.335522
-0.143443
0.157629
0.0655644
0.429406
-0.0113482
0.000759811
0.00533411
0.307393
0.0659083
0.0905876
-0.0789554
0.363276
0.050223
0.156578
0.0514012
