Vec Object: 1 MPI process
  type: seq
0.
0.
0.
-0.122023
0.
0.
0.
0.100479
0.154003
-0.16807
0.
-0.109241
0.167635
-0.177599
0.
-0.0927385
0.192857
0.200043
0.
-0.0694146
0.168786
0.169953
0.
-0.112062
0.384371
0.0131388
0.
0.014998
0.37404
0.0113721
0.
0.00722921
0.388403
-0.0188737
0.
0.006702
0.391613
-0.0229655
0.
0.0234372
0.
0.
0.
-0.0515198
0.
0.
0.
-0.128401
0.296906
-0.0531815
0.
-0.0174
0.32289
0.0847479
0.
-0.0019855
0.302673
-0.0492277
0.
0.0016918
0.325531
0.116722
0.
0.0175037
0.327649
0.0638635
0.
0.0141928
0.324822
-0.10375
0.
0.0112549
0.298291
0.0457756
0.
-0.0287526
0.321926
-0.061686
0.
-0.00869953
0.
0.
0.
-0.114152
0.
0.
0.
-0.0559257
0.
0.
0.
0.0726517
0.
0.
0.
0.0528067
0.
0.
0.
-0.108527
0.
0.
0.
-0.115805
0.
0.
0.
-0.0870106
0.
0.
0.
0.162384
0.
0.
0.
0.122449
0.
0.
0.
0.0662044
0.
0.
0.
-0.0957404
0.
0.
0.
0.0480112
0.
0.
0.
0.0156908
0.
0.
0.
-0.0125697
0.
0.
0.
0.302999
0.
0.
0.
0.197524
0.
0.
0.
0.0970759
0.
0.
0.
-0.00399493
1.
0.
0.
0.0521097
0.402628
-0.00857886
-0.0011959
0.000938773
0.375565
0.
-0.00176252
-0.00293403
0.277642
0.
-6.30844e-05
-0.0288922
0.342141
0.
0.0121585
0.0738454
0.380142
0.
0.00233285
-0.0113359
0.280177
0.
0.00904127
-0.0344398
0.345299
0.
-0.00793506
0.0982003
0.351273
0.0116518
0.
0.105575
0.378687
0.0206705
0.
-0.000712936
0.265396
0.0249197
0.
-0.0342394
0.325658
-0.00310647
0.
0.0969687
0.383869
0.0107618
0.
-0.00345731
0.272045
0.0117163
0.
-0.0402926
0.243023
0.0118051
-0.0460634
-0.0294907
0.248009
-0.0195036
0.0201706
-0.0546729
0.342972
-0.0321174
-0.0355909
0.0305284
0.427102
-0.0903858
-0.116013
0.182729
0.36496
0.0862164
-0.116358
0.13684
0.30851
0.0203325
0.0258358
0.0654782
0.350752
0.085721
0.0679116
0.161398
0.248828
-0.00839199
-0.0262262
-0.0110432
0.36499
0.000653481
-0.0257574
0.0330325
0.257515
0.012453
0.0260823
-0.0306707
0.326591
-0.0122753
0.0230357
0.0405952
0.309688
-0.0761825
0.109822
0.14295
0.355904
-0.00158336
-0.0126862
0.0584599
0.276648
-0.0490992
0.0389245
-0.00926232
0.333699
0.0183555
0.112457
0.151734
