Vec Object: 1 MPI process
  type: seq
0.
0.
0.
-0.122184
0.
0.
0.
0.0987384
0.154182
-0.168047
0.
-0.108577
0.167745
-0.177594
0.
-0.0922586
0.192772
0.200129
0.
-0.0692908
0.16895
0.169875
0.
-0.111314
0.384458
0.0130435
0.
0.0146453
0.374083
0.0113094
0.
0.00706631
0.388447
-0.0188787
0.
0.00658377
0.391721
-0.0228574
0.
0.0230576
0.
0.
0.
-0.0512236
0.
0.
0.
-0.1275
0.297176
-0.053266
0.
-0.0174465
0.322843
0.0848517
0.
-0.00173401
0.302921
-0.0492887
0.
0.00146268
0.325487
0.116749
0.
0.017733
0.327919
0.0640139
0.
0.0139404
0.324788
-0.10382
0.
0.0115135
0.298563
0.0457098
0.
-0.0286452
0.321893
-0.0617466
0.
-0.00839506
0.
0.
0.
-0.115177
0.
0.
0.
-0.0552218
0.
0.
0.
0.0707447
0.
0.
0.
0.0536724
0.
0.
0.
-0.107807
0.
0.
0.
-0.117196
0.
0.
0.
-0.0898405
0.
0.
0.
0.159587
0.
0.
0.
0.119428
0.
0.
0.
0.0640812
0.
0.
0.
-0.0979454
0.
0.
0.
0.0472866
0.
0.
0.
0.0133197
0.
0.
0.
-0.0125867
0.
0.
0.
0.299925
0.
0.
0.
0.194142
0.
0.
0.
0.0946613
0.
0.
0.
-0.00382605
1.
0.
0.
0.0520066
0.402581
-0.00857631
-0.00118456
0.00067354
0.375587
0.
-0.00179248
-0.00289507
0.27753
0.
-9.92574e-05
-0.0285007
0.341482
0.
0.0122652
0.0733469
0.380093
0.
0.00237431
-0.0112845
0.280072
0.
0.00911353
-0.0339665
0.34481
0.
-0.00791312
0.0974766
0.350528
0.0117778
0.
0.104708
0.378686
0.0206488
0.
-0.000671469
0.265263
0.0248872
0.
-0.0338279
0.324997
-0.00305992
0.
0.0960881
0.38383
0.0108331
0.
-0.00341351
0.271935
0.0118055
0.
-0.0397757
0.243101
0.0119893
-0.0462757
-0.0290693
0.248027
-0.0196352
0.0202746
-0.0539965
0.343471
-0.032
-0.0360543
0.0300685
0.426949
-0.0912541
-0.116606
0.181621
0.364675
0.087028
-0.116997
0.135813
0.309324
0.0197771
0.0259353
0.064764
0.350846
0.0864004
0.0683629
0.160096
0.249277
-0.00856346
-0.0262961
-0.0109971
0.365815
0.000679836
-0.0261061
0.0325407
0.257557
0.0126958
0.0262137
-0.0301453
0.327366
-0.0120198
0.0233164
0.0399466
0.309665
-0.0768713
0.110349
0.14195
0.356719
-0.00170723
-0.0126392
0.0577146
0.277714
-0.0485867
0.0394053
-0.0109944
0.333792
0.0186993
0.113046
0.150369
