Vec Object: 1 MPI process
  type: seq
0.
0.
0.
-0.0792678
0.
0.
0.
0.0191268
0.169475
-0.167901
0.
-0.0496982
0.175675
-0.179874
0.
-0.0525266
0.189724
0.207349
0.
-0.0439845
0.182736
0.163717
0.
-0.0406816
0.389703
0.0084133
0.
-0.000569571
0.37659
0.00739951
0.
0.00960252
0.39244
-0.021893
0.
0.00933438
0.399194
-0.0162026
0.
0.00338364
0.
0.
0.
-0.0183713
0.
0.
0.
-0.055739
0.324682
-0.0579383
0.
-0.0118216
0.316579
0.0900025
0.
0.00298069
0.329823
-0.0503449
0.
-0.0150371
0.321194
0.109557
0.
0.0156333
0.356798
0.0756429
0.
-0.00495984
0.321679
-0.101705
0.
0.0122963
0.323596
0.035988
0.
-0.0101092
0.320419
-0.0619483
0.
-0.00320952
0.
0.
0.
-0.106401
0.
0.
0.
0.0252105
0.
0.
0.
-0.0128627
0.
0.
0.
0.152937
0.
0.
0.
-0.0397081
0.
0.
0.
-0.138026
0.
0.
0.
-0.232501
0.
0.
0.
-0.0121719
0.
0.
0.
-0.0658929
0.
0.
0.
-0.0382246
0.
0.
0.
-0.144262
0.
0.
0.
0.0376568
0.
0.
0.
-0.0952434
0.
0.
0.
0.0131233
0.
0.
0.
0.063739
0.
0.
0.
-0.036105
0.
0.
0.
-0.012232
0.
0.
0.
0.0110167
1.
0.
0.
0.0332109
0.390674
-0.00785751
0.000210598
-0.00107343
0.382707
0.
-0.0046918
-0.00565841
0.265352
0.
-0.00448341
-0.00706753
0.273775
0.
0.0244546
0.0346816
0.376221
0.
0.00573305
-0.00971421
0.265598
0.
0.0171183
-0.00197412
0.289383
0.
-0.00389611
0.0351522
0.268699
0.0245278
0.
0.0326897
0.384079
0.0171821
0.
-0.00329146
0.252183
0.0165954
0.
-0.0109067
0.25021
0.00816634
0.
0.0327264
0.382263
0.0166995
0.
-0.00364975
0.260586
0.0185516
0.
-0.00687851
0.252344
0.0267618
-0.0538533
-0.000227064
0.248898
-0.0237465
0.0215139
-0.00415396
0.372077
-0.0208467
-0.0956161
-0.00337791
0.435438
-0.171902
-0.174034
0.0878381
0.363602
0.162693
-0.181151
0.0536004
0.332684
-0.0582646
0.0226799
0.0138823
0.37045
0.135805
0.121424
0.0626979
0.298114
-0.0159641
-0.0311636
-0.00756153
0.412263
0.00215052
-0.0588242
-0.000606381
0.253721
0.0183345
0.0333501
0.0150386
0.405413
0.0228575
0.0673464
-0.000626129
0.331661
-0.139979
0.15524
0.0686874
0.42636
-0.0112881
-0.000176174
0.00701198
0.311095
0.0578584
0.0888939
-0.0802592
0.359688
0.0490134
0.155458
0.0549102
