Vec Object: 1 MPI process
  type: seq
0.
0.
0.
-0.116976
0.
0.
0.
0.131806
0.151047
-0.168408
0.
-0.119761
0.165716
-0.177703
0.
-0.100538
0.194485
0.198458
0.
-0.0703359
0.166086
0.171221
0.
-0.124003
0.382655
0.0149876
0.
0.0223898
0.373083
0.0126655
0.
0.0114037
0.387421
-0.0190517
0.
0.0103921
0.389569
-0.0249899
0.
0.031135
0.
0.
0.
-0.0561668
0.
0.
0.
-0.143339
0.292418
-0.0517142
0.
-0.0168542
0.323658
0.0827049
0.
-0.00750288
0.298551
-0.0481777
0.
0.0050174
0.326271
0.115771
0.
0.0121033
0.323203
0.0614122
0.
0.0177687
0.325412
-0.10211
0.
0.00538433
0.293689
0.0467609
0.
-0.0304849
0.322467
-0.0603892
0.
-0.0152966
0.
0.
0.
-0.0935891
0.
0.
0.
-0.0665445
0.
0.
0.
0.107092
0.
0.
0.
0.0401481
0.
0.
0.
-0.119791
0.
0.
0.
-0.0891412
0.
0.
0.
-0.0363443
0.
0.
0.
0.211444
0.
0.
0.
0.175334
0.
0.
0.
0.104193
0.
0.
0.
-0.0543929
0.
0.
0.
0.0618879
0.
0.
0.
0.0582087
0.
0.
0.
-0.0114025
0.
0.
0.
0.355669
0.
0.
0.
0.256139
0.
0.
0.
0.140656
0.
0.
0.
-0.00677197
1.
0.
0.
0.05425
0.403166
-0.0086054
-0.0013736
0.00726769
0.375453
0.
-0.00127169
-0.00394464
0.279425
0.
0.000510054
-0.0367648
0.353056
0.
0.0104379
0.0825548
0.381183
0.
0.00165122
-0.0123003
0.281802
0.
0.00788137
-0.0435459
0.353234
0.
-0.00824143
0.110599
0.363449
0.00958957
0.
0.120202
0.378976
0.020936
0.
-0.00177272
0.267524
0.0252996
0.
-0.0424382
0.336431
-0.0037
0.
0.112459
0.384814
0.00958492
0.
-0.0042955
0.2738
0.0102594
0.
-0.0501554
0.241674
0.00870536
-0.0423052
-0.0371441
0.247634
-0.0172266
0.0182895
-0.0669586
0.334236
-0.0339148
-0.0284042
0.0381946
0.430191
-0.0759883
-0.106081
0.201673
0.370131
0.0727408
-0.105796
0.154307
0.293974
0.0284721
0.0238802
0.0777127
0.349433
0.0741217
0.0607456
0.183909
0.241427
-0.00537416
-0.0249913
-0.0120161
0.350553
0.000198873
-0.0202169
0.0415339
0.256582
0.00814779
0.0237744
-0.0399999
0.313694
-0.0161958
0.0188255
0.0517821
0.310548
-0.0646898
0.100892
0.160299
0.342252
0.000438764
-0.0131423
0.0710946
0.257481
-0.0556813
0.0313703
0.0222825
0.332436
0.0126628
0.102417
0.175538
