Vec Object: 1 MPI process
  type: seq
0.
0.
0.
-0.118952
0.
0.
0.
0.0539481
0.159546
-0.167399
0.
-0.0879782
0.170744
-0.177673
0.
-0.0780632
0.190649
0.202541
0.
-0.0633424
0.173893
0.167486
0.
-0.0877957
0.386585
0.0107051
0.
0.00685909
0.374945
0.00990855
0.
0.00520179
0.389383
-0.0195291
0.
0.00611102
0.394552
-0.0200194
0.
0.0140887
0.
0.
0.
-0.0405844
0.
0.
0.
-0.0993937
0.305577
-0.0554221
0.
-0.0179358
0.32128
0.0872693
0.
0.00289801
0.310762
-0.0507579
0.
-0.00552645
0.324119
0.116223
0.
0.0209965
0.336424
0.0685174
0.
0.00589146
0.323721
-0.104709
0.
0.0157225
0.306815
0.0431755
0.
-0.0241178
0.320917
-0.0628511
0.
-0.0027332
0.
0.
0.
-0.134361
0.
0.
0.
-0.0298371
0.
0.
0.
0.0220102
0.
0.
0.
0.0857786
0.
0.
0.
-0.0832407
0.
0.
0.
-0.147522
0.
0.
0.
-0.164159
0.
0.
0.
0.0825751
0.
0.
0.
0.0360594
0.
0.
0.
0.0086164
0.
0.
0.
-0.148996
0.
0.
0.
0.0318315
0.
0.
0.
-0.0482426
0.
0.
0.
-0.0095067
0.
0.
0.
0.210422
0.
0.
0.
0.0984718
0.
0.
0.
0.0326246
0.
0.
0.
0.00215391
1.
0.
0.
0.048461
0.400394
-0.00847153
-0.00081424
-0.00349076
0.376932
0.
-0.00274181
-0.00276045
0.273797
0.
-0.00131288
-0.0191503
0.320962
0.
0.0157566
0.0591371
0.37903
0.
0.00364499
-0.0102572
0.276354
0.
0.0114676
-0.0216969
0.329014
0.
-0.00706883
0.0760086
0.326801
0.0157805
0.
0.078766
0.379406
0.0197289
0.
-0.000483298
0.26095
0.023383
0.
-0.0238651
0.303835
-0.000999256
0.
0.0712923
0.38325
0.0130135
0.
-0.00267127
0.268346
0.0145578
0.
-0.0264034
0.245539
0.0174607
-0.0518723
-0.0170202
0.248403
-0.023234
0.0228285
-0.0350042
0.357288
-0.028096
-0.0521374
0.0169725
0.424359
-0.118163
-0.134809
0.148625
0.357796
0.112135
-0.137039
0.105436
0.330325
-0.000935049
0.0278144
0.0446335
0.354727
0.106142
0.0834846
0.12274
0.263567
-0.0130568
-0.0282285
-0.00928837
0.388582
0.00140226
-0.0375098
0.0190596
0.258147
0.018913
0.0297728
-0.0143673
0.351447
-0.00302828
0.0336285
0.022281
0.310918
-0.0979959
0.126069
0.113506
0.381479
-0.00555464
-0.0101447
0.0365573
0.304885
-0.0259626
0.0555359
-0.0542527
0.337952
0.0293124
0.130178
0.1119
