Vec Object: 1 MPI process
  type: seq
0.
0.
0.
-0.122079
0.
0.
0.
0.0998948
0.154063
-0.168063
0.
-0.109019
0.167672
-0.177597
0.
-0.092578
0.192828
0.200072
0.
-0.0693739
0.168841
0.169927
0.
-0.111812
0.3844
0.0131068
0.
0.0148791
0.374054
0.011351
0.
0.0071738
0.388418
-0.0188752
0.
0.00666142
0.391649
-0.0229292
0.
0.0233094
0.
0.
0.
-0.051421
0.
0.
0.
-0.128099
0.296996
-0.0532098
0.
-0.0174155
0.322875
0.0847828
0.
-0.00190051
0.302756
-0.0492482
0.
0.00161535
0.325517
0.116732
0.
0.0175814
0.327739
0.0639138
0.
0.0141087
0.324811
-0.103774
0.
0.0113425
0.298382
0.0457537
0.
-0.0287168
0.321915
-0.0617064
0.
-0.00859668
0.
0.
0.
-0.114497
0.
0.
0.
-0.0556912
0.
0.
0.
0.0720118
0.
0.
0.
0.0530949
0.
0.
0.
-0.108287
0.
0.
0.
-0.116273
0.
0.
0.
-0.0879598
0.
0.
0.
0.161446
0.
0.
0.
0.121436
0.
0.
0.
0.0654922
0.
0.
0.
-0.0964815
0.
0.
0.
0.0477674
0.
0.
0.
0.0148954
0.
0.
0.
-0.0125761
0.
0.
0.
0.30197
0.
0.
0.
0.196391
0.
0.
0.
0.0962657
0.
0.
0.
-0.00393858
1.
0.
0.
0.0520751
0.402612
-0.00857801
-0.00119211
0.000848862
0.375572
0.
-0.00177253
-0.00292073
0.277605
0.
-7.51593e-05
-0.0287604
0.341921
0.
0.0121941
0.0736784
0.380125
0.
0.00234671
-0.0113186
0.280142
0.
0.00906541
-0.0342808
0.345136
0.
-0.00792776
0.097958
0.351024
0.0116939
0.
0.105285
0.378686
0.0206633
0.
-0.000698793
0.265351
0.024909
0.
-0.0341009
0.325437
-0.00309104
0.
0.0966736
0.383856
0.0107857
0.
-0.00344254
0.272008
0.0117461
0.
-0.0401189
0.243049
0.0118667
-0.0461346
-0.0293495
0.248015
-0.0195476
0.0202055
-0.0544461
0.343139
-0.0320782
-0.0357454
0.0303745
0.42705
-0.0906762
-0.116211
0.182358
0.364864
0.0864878
-0.116572
0.136496
0.308783
0.0201476
0.0258693
0.065239
0.350783
0.0859485
0.0680623
0.160962
0.248978
-0.00844948
-0.0262497
-0.0110278
0.365266
0.000662311
-0.0258739
0.0328677
0.257529
0.0125344
0.0261264
-0.0304947
0.32685
-0.0121901
0.0231292
0.0403779
0.30968
-0.0764129
0.109999
0.142615
0.356177
-0.00162476
-0.0126707
0.0582104
0.277006
-0.0489294
0.0390849
-0.00984376
0.33373
0.0184704
0.112654
0.151277
