Vec Object: 1 MPI process
  type: seq
0.
0.
0.
-0.103165
0.
0.
0.
0.183464
0.147292
-0.168326
0.
-0.130275
0.163051
-0.177565
0.
-0.108539
0.19794
0.195236
0.
-0.0648593
0.16266
0.172588
0.
-0.136845
0.378812
0.0189836
0.
0.0414062
0.370564
0.01579
0.
0.0251206
0.384545
-0.0207316
0.
0.0254551
0.385362
-0.0291006
0.
0.0500408
0.
0.
0.
-0.0638873
0.
0.
0.
-0.166483
0.285837
-0.0499716
0.
-0.0203779
0.324774
0.0783771
0.
-0.0217554
0.292537
-0.0472091
0.
0.00454899
0.327432
0.112283
0.
-0.00301051
0.316773
0.058615
0.
0.0175622
0.326349
-0.0976955
0.
-0.0103059
0.286721
0.0482855
0.
-0.0354835
0.323221
-0.0573139
0.
-0.0318152
0.
0.
0.
-0.0536702
0.
0.
0.
-0.0797898
0.
0.
0.
0.164378
0.
0.
0.
0.0265796
0.
0.
0.
-0.135129
0.
0.
0.
-0.0403209
0.
0.
0.
0.0476405
0.
0.
0.
0.289791
0.
0.
0.
0.259311
0.
0.
0.
0.166403
0.
0.
0.
0.0192331
0.
0.
0.
0.0862384
0.
0.
0.
0.1282
0.
0.
0.
-0.00860573
0.
0.
0.
0.436977
0.
0.
0.
0.348042
0.
0.
0.
0.213848
0.
0.
0.
-0.0128158
1.
0.
0.
0.0622362
0.402864
-0.00854197
-0.00156761
0.0265946
0.376361
0.
-0.000578968
-0.00654405
0.28173
0.
0.00124509
-0.0556353
0.368389
0.
0.00812818
0.0967874
0.383848
0.
0.000724548
-0.0134694
0.283731
0.
0.00635839
-0.0637274
0.36376
0.
-0.00845624
0.130232
0.380132
0.00672555
0.
0.142252
0.380616
0.0209359
0.
-0.00444369
0.270367
0.0252466
0.
-0.061645
0.351026
-0.00394201
0.
0.138301
0.387654
0.00796689
0.
-0.00524503
0.276081
0.00832063
0.
-0.0714183
0.239475
0.00422824
-0.0362373
-0.0533456
0.246742
-0.0137488
0.0151686
-0.0911692
0.320166
-0.0356476
-0.0196827
0.0468481
0.436203
-0.0552762
-0.0914164
0.231746
0.378691
0.0532926
-0.0906425
0.181068
0.26998
0.0365043
0.0201799
0.0947939
0.348031
0.0564866
0.0514617
0.219441
0.230817
-0.000806057
-0.0229457
-0.0167685
0.327449
-0.000462231
-0.0131745
0.0531461
0.254481
0.00146881
0.0200927
-0.0588276
0.294866
-0.0207085
0.0141759
0.0669105
0.313025
-0.0478949
0.0874506
0.187626
0.322161
0.00317582
-0.0126885
0.0881849
0.225464
-0.0590725
0.0219901
0.0751239
0.331238
0.00454397
0.0871554
0.213622
