Vec Object: 1 MPI process
  type: seq
0.
0.
0.
-0.0865934
0.
0.
0.
0.0197012
0.16777
-0.167502
0.
-0.0558859
0.174684
-0.179233
0.
-0.0570801
0.189386
0.206446
0.
-0.0479463
0.181399
0.164115
0.
-0.0483959
0.389157
0.00855243
0.
0.000317502
0.376011
0.00808884
0.
0.00882475
0.391505
-0.0214466
0.
0.00919149
0.398381
-0.0166667
0.
0.00485036
0.
0.
0.
-0.0208949
0.
0.
0.
-0.0598757
0.320991
-0.0574929
0.
-0.0131391
0.317661
0.0895393
0.
0.00329417
0.325967
-0.0508414
0.
-0.0140548
0.321682
0.111144
0.
0.0170534
0.352761
0.0746915
0.
-0.00396805
0.321983
-0.102553
0.
0.0134303
0.320593
0.0372782
0.
-0.0123903
0.320147
-0.0623478
0.
-0.00262142
0.
0.
0.
-0.115937
0.
0.
0.
0.0180797
0.
0.
0.
-0.0130998
0.
0.
0.
0.145976
0.
0.
0.
-0.0436227
0.
0.
0.
-0.145256
0.
0.
0.
-0.229054
0.
0.
0.
-0.00252944
0.
0.
0.
-0.0558588
0.
0.
0.
-0.0368511
0.
0.
0.
-0.15542
0.
0.
0.
0.0341902
0.
0.
0.
-0.0953179
0.
0.
0.
0.00856733
0.
0.
0.
0.0847917
0.
0.
0.
-0.0199122
0.
0.
0.
-0.0125403
0.
0.
0.
0.0110482
1.
0.
0.
0.036799
0.393102
-0.00806914
-3.67592e-05
-0.00185332
0.381467
0.
-0.00437784
-0.00516595
0.266795
0.
-0.00384265
-0.00886375
0.283076
0.
0.0227634
0.0386749
0.377117
0.
0.00547588
-0.00996478
0.26786
0.
0.016023
-0.00511438
0.29741
0.
-0.00472245
0.0418743
0.280383
0.0230416
0.
0.0396342
0.383014
0.0176103
0.
-0.00281814
0.253453
0.0183335
0.
-0.0127203
0.2614
0.00589267
0.
0.038222
0.382741
0.0162148
0.
-0.00348518
0.261915
0.0182518
0.
-0.0097313
0.250925
0.0253229
-0.0548572
-0.0018094
0.248911
-0.0249265
0.0226711
-0.00841456
0.371369
-0.0217851
-0.0872289
-0.000299018
0.431507
-0.163184
-0.166723
0.0975472
0.359455
0.154335
-0.173203
0.0611797
0.338111
-0.0483779
0.0244852
0.0183203
0.366787
0.132084
0.114455
0.0713289
0.291404
-0.0160771
-0.030683
-0.00714314
0.411114
0.00209544
-0.0562029
0.00235568
0.255346
0.0204519
0.0330768
0.0108654
0.395102
0.0176211
0.0599849
0.00235004
0.325424
-0.132986
0.150456
0.0751943
0.419726
-0.0108311
-0.00210987
0.0107535
0.316179
0.0413206
0.0844232
-0.0813747
0.35382
0.0461782
0.152547
0.0625541
