Vec Object: 1 MPI process
  type: seq
0.
0.
0.
-0.0802592
0.
0.
0.
0.271394
0.147588
-0.162377
0.
-0.098832
0.163907
-0.172204
0.
-0.0767772
0.211237
0.18293
0.
-0.0010242
0.163413
0.169236
0.
-0.108565
0.364554
0.0332871
0.
0.123153
0.360046
0.0281169
0.
0.0923456
0.370669
-0.0323291
0.
0.110422
0.370938
-0.0432037
0.
0.129905
0.
0.
0.
-0.102152
0.
0.
0.
-0.231569
0.273949
-0.0550074
0.
-0.0766573
0.327173
0.0650346
0.
-0.0805877
0.28165
-0.0550975
0.
-0.0521705
0.330254
0.0975347
0.
-0.0676696
0.305339
0.0621206
0.
-0.0310672
0.328678
-0.0815786
0.
-0.074888
0.273526
0.0570779
0.
-0.0819084
0.324367
-0.0471121
0.
-0.0965059
0.
0.
0.
0.0234276
0.
0.
0.
-0.1168
0.
0.
0.
0.264678
0.
0.
0.
0.00037273
0.
0.
0.
-0.177982
0.
0.
0.
0.0530375
0.
0.
0.
0.205391
0.
0.
0.
0.431742
0.
0.
0.
0.408575
0.
0.
0.
0.27442
0.
0.
0.
0.164107
0.
0.
0.
0.119209
0.
0.
0.
0.251829
0.
0.
0.
-0.0219256
0.
0.
0.
0.589172
0.
0.
0.
0.515402
0.
0.
0.
0.353949
0.
0.
0.
-0.0534116
1.
0.
0.
0.13227
0.397021
-0.00770736
-0.00150122
0.118553
0.382762
0.
0.000611917
-0.0145516
0.285415
0.
0.00219427
-0.137668
0.388567
0.
0.0046737
0.130013
0.394642
0.
-0.000444579
-0.0107202
0.286354
0.
0.00429428
-0.145945
0.374916
0.
-0.00806239
0.175432
0.401415
0.00259625
0.
0.188174
0.389144
0.0194816
0.
-0.0121654
0.274977
0.0230237
0.
-0.142039
0.368715
-0.00238729
0.
0.199029
0.400322
0.0058872
0.
-0.00188831
0.279547
0.00615519
0.
-0.155015
0.234747
-0.00198211
-0.0250885
-0.12917
0.244126
-0.00799489
0.0093987
-0.180842
0.291982
-0.0327489
-0.00911719
0.0266601
0.447511
-0.0206051
-0.0657804
0.304525
0.392595
0.0207919
-0.0652243
0.236763
0.222606
0.0391108
0.0123169
0.101911
0.343978
0.0254495
0.0385527
0.289462
0.212627
0.00388505
-0.0187355
-0.0648483
0.282648
-0.00108261
-0.00432378
0.0502863
0.249103
-0.00679858
0.0133112
-0.142338
0.261698
-0.0241404
0.00974979
0.0628152
0.31727
-0.0187729
0.0636918
0.238564
0.286744
0.00705806
-0.00890877
0.0941353
0.16196
-0.0507888
0.010555
0.163122
0.327711
-0.00874214
0.0601971
0.288335
