Vec Object: 1 MPI process
  type: seq
0.
0.
0.
-0.107865
0.
0.
0.
0.0328956
0.163142
-0.167184
0.
-0.0738172
0.172465
-0.178091
0.
-0.0688938
0.189682
0.204167
0.
-0.057469
0.177251
0.165888
0.
-0.0708403
0.387728
0.00954308
0.
0.00348236
0.375273
0.00923095
0.
0.00626557
0.389996
-0.0203006
0.
0.00752449
0.39623
-0.0183976
0.
0.00959796
0.
0.
0.
-0.0316426
0.
0.
0.
-0.0800059
0.311848
-0.0564359
0.
-0.0165645
0.319953
0.0883691
0.
0.00372496
0.316787
-0.051202
0.
-0.00976189
0.323097
0.114578
0.
0.0201996
0.342951
0.0714185
0.
0.000854256
0.322956
-0.104214
0.
0.0156446
0.312651
0.0408119
0.
-0.0193838
0.320348
-0.0629295
0.
-0.00178439
0.
0.
0.
-0.133523
0.
0.
0.
-0.00860346
0.
0.
0.
-0.000358987
0.
0.
0.
0.113099
0.
0.
0.
-0.0643263
0.
0.
0.
-0.154248
0.
0.
0.
-0.201398
0.
0.
0.
0.0389664
0.
0.
0.
-0.0112289
0.
0.
0.
-0.018481
0.
0.
0.
-0.164284
0.
0.
0.
0.0289708
0.
0.
0.
-0.0775738
0.
0.
0.
-0.00323234
0.
0.
0.
0.152618
0.
0.
0.
0.0407485
0.
0.
0.
0.00384775
0.
0.
0.
0.00690774
1.
0.
0.
0.0445358
0.397949
-0.00836389
-0.000524563
-0.00352121
0.378563
0.
-0.00344675
-0.00360187
0.270866
0.
-0.00230854
-0.0143206
0.305677
0.
0.018541
0.0500251
0.378445
0.
0.00450509
-0.0100901
0.273119
0.
0.0133064
-0.0143405
0.316575
0.
-0.0062611
0.0612217
0.308418
0.0188173
0.
0.0611984
0.380631
0.0188587
0.
-0.00129887
0.257674
0.0216946
0.
-0.0186063
0.287273
0.00131013
0.
0.0559127
0.383175
0.0144962
0.
-0.0028379
0.265617
0.0164037
0.
-0.0186896
0.247533
0.0210538
-0.0544191
-0.00938082
0.24861
-0.0249515
0.0236388
-0.0227848
0.365013
-0.0252019
-0.0658985
0.00903477
0.425368
-0.137584
-0.14802
0.126114
0.3558
0.130255
-0.152021
0.0852997
0.339106
-0.0198182
0.0275025
0.0324252
0.358897
0.118569
0.0958849
0.0990229
0.274668
-0.0151222
-0.0293724
-0.00783314
0.401113
0.00178493
-0.0460328
0.0112769
0.25766
0.0213652
0.0316335
-0.00309306
0.369288
0.00486397
0.0432753
0.0124985
0.314704
-0.113048
0.136757
0.0957501
0.398601
-0.008167
-0.00719348
0.0239994
0.316081
-0.00133882
0.0682234
-0.0727732
0.342924
0.0368199
0.140995
0.0884548
