Vec Object: 1 MPI process
  type: seq
0.
0.
0.
-0.102322
0.
0.
0.
0.0274626
0.164446
-0.167187
0.
-0.0686882
0.173063
-0.178337
0.
-0.0656026
0.189461
0.204784
0.
-0.055002
0.17846
0.165332
0.
-0.0644988
0.388127
0.00919622
0.
0.00247688
0.375409
0.00897281
0.
0.00693392
0.390305
-0.0206128
0.
0.00809836
0.39683
-0.0178598
0.
0.00815277
0.
0.
0.
-0.0283166
0.
0.
0.
-0.0734269
0.314294
-0.0567408
0.
-0.0157268
0.319387
0.0887093
0.
0.00372364
0.319193
-0.0512234
0.
-0.0111401
0.322703
0.11375
0.
0.0194905
0.345543
0.0724135
0.
-0.00074938
0.322673
-0.103852
0.
0.0152066
0.314845
0.039848
0.
-0.0174252
0.320201
-0.0628408
0.
-0.00184347
0.
0.
0.
-0.1303
0.
0.
0.
-0.000595039
0.
0.
0.
-0.00593097
0.
0.
0.
0.123324
0.
0.
0.
-0.0576197
0.
0.
0.
-0.153666
0.
0.
0.
-0.211751
0.
0.
0.
0.0253086
0.
0.
0.
-0.0260079
0.
0.
0.
-0.0257434
0.
0.
0.
-0.165205
0.
0.
0.
0.0295203
0.
0.
0.
-0.0851196
0.
0.
0.
-0.000206634
0.
0.
0.
0.132437
0.
0.
0.
0.021702
0.
0.
0.
-0.00333949
0.
0.
0.
0.00848903
1.
0.
0.
0.0426745
0.396808
-0.00830761
-0.000405466
-0.00318589
0.379296
0.
-0.00371177
-0.00402501
0.269733
0.
-0.00271146
-0.0127119
0.299684
0.
0.0196591
0.0467756
0.378177
0.
0.00480411
-0.0100825
0.271769
0.
0.014032
-0.0117073
0.311565
0.
-0.00590082
0.0557509
0.301065
0.0199899
0.
0.0548976
0.381216
0.0185102
0.
-0.00171108
0.256446
0.0209077
0.
-0.016848
0.280581
0.00239235
0.
0.0506216
0.38313
0.0150172
0.
-0.0030013
0.264581
0.0170216
0.
-0.0160428
0.248388
0.0223113
-0.0549435
-0.00687356
0.248699
-0.02529
0.0236446
-0.0184844
0.367322
-0.0241624
-0.0715425
0.00630357
0.426473
-0.144844
-0.15309
0.11792
0.355934
0.137046
-0.157811
0.0781749
0.340557
-0.0275988
0.0269695
0.0282432
0.360811
0.122759
0.100877
0.090781
0.279101
-0.015604
-0.0297568
-0.00741577
0.404792
0.00189522
-0.0491301
0.00865254
0.257245
0.0216897
0.032159
0.0010331
0.376217
0.00816905
0.0474657
0.00936175
0.316934
-0.118665
0.140653
0.08963
0.404788
-0.00904906
-0.00587311
0.0198807
0.318025
0.00964321
0.0730103
-0.0770128
0.345376
0.0395603
0.14463
0.0805536
