Vec Object: 1 MPI process
  type: seq
0.
0.
0.
-0.12286
0.
0.
0.
0.0854944
0.155603
-0.167861
0.
-0.10324
0.168598
-0.177567
0.
-0.0884534
0.192133
0.200791
0.
-0.0681075
0.17025
0.169249
0.
-0.105292
0.385102
0.0123352
0.
0.0121137
0.374388
0.0108573
0.
0.0060456
0.388751
-0.0189647
0.
0.00594416
0.392539
-0.0220388
0.
0.0202819
0.
0.
0.
-0.0487586
0.
0.
0.
-0.120286
0.299329
-0.0539107
0.
-0.0177857
0.322461
0.0856133
0.
3.16612e-06
0.304912
-0.0497512
0.
-0.000394876
0.325137
0.116853
0.
0.0192385
0.330075
0.0652105
0.
0.0118645
0.324511
-0.104271
0.
0.0132558
0.300722
0.0451503
0.
-0.0277192
0.321633
-0.0621679
0.
-0.00628191
0.
0.
0.
-0.122448
0.
0.
0.
-0.0493297
0.
0.
0.
0.056258
0.
0.
0.
0.0609954
0.
0.
0.
-0.101878
0.
0.
0.
-0.127378
0.
0.
0.
-0.111472
0.
0.
0.
0.137948
0.
0.
0.
0.0960394
0.
0.
0.
0.0478629
0.
0.
0.
-0.11432
0.
0.
0.
0.0419992
0.
0.
0.
-0.00476782
0.
0.
0.
-0.0124681
0.
0.
0.
0.275812
0.
0.
0.
0.167803
0.
0.
0.
0.0762955
0.
0.
0.
-0.00243076
1.
0.
0.
0.0512008
0.402148
-0.00855355
-0.00109229
-0.00108221
0.375815
0.
-0.0020331
-0.0026693
0.276613
0.
-0.000394543
-0.0256288
0.336216
0.
0.01313
0.0694669
0.379746
0.
0.00270522
-0.0109131
0.279196
0.
0.00969886
-0.0304125
0.34086
0.
-0.00772542
0.0917833
0.344544
0.0127896
0.
0.0978586
0.378741
0.0204552
0.
-0.000427685
0.264189
0.0245906
0.
-0.0307967
0.319678
-0.00264458
0.
0.0892559
0.383577
0.0114017
0.
-0.00310481
0.271042
0.0125192
0.
-0.0358876
0.243723
0.0134448
-0.0479053
-0.0258026
0.248151
-0.0206567
0.0210611
-0.0487807
0.347341
-0.0310365
-0.0398758
0.0264625
0.42588
-0.0981841
-0.121323
0.172883
0.362532
0.0935011
-0.12211
0.127721
0.315539
0.0150861
0.0266473
0.0591983
0.351659
0.0917337
0.0720446
0.149933
0.252883
-0.00987876
-0.0268365
-0.0106244
0.372211
0.000884288
-0.0289405
0.0287349
0.257845
0.0145497
0.0272278
-0.0260223
0.333551
-0.00990423
0.0256686
0.0349292
0.309614
-0.0823514
0.114512
0.13416
0.363192
-0.00270015
-0.0121869
0.0518847
0.285826
-0.0440156
0.0433392
-0.0240807
0.33462
0.0214426
0.117667
0.139759
