Vec Object: 1 MPI process
  type: seq
0.
0.
0.
-0.0762421
0.
0.
0.
0.0195959
0.170334
-0.168181
0.
-0.0467574
0.176243
-0.180253
0.
-0.0501706
0.190018
0.207815
0.
-0.0419408
0.183343
0.163611
0.
-0.0371049
0.389979
0.00841066
0.
-0.000952174
0.376983
0.00696526
0.
0.00986888
0.393008
-0.0221263
0.
0.00925867
0.399605
-0.0160212
0.
0.00271184
0.
0.
0.
-0.017573
0.
0.
0.
-0.0545373
0.326606
-0.0581945
0.
-0.0112304
0.315974
0.0902628
0.
0.00283596
0.331861
-0.050006
0.
-0.0153517
0.320974
0.108698
0.
0.0149143
0.358909
0.0760504
0.
-0.00525497
0.321548
-0.101237
0.
0.0117011
0.325117
0.0353683
0.
-0.00912051
0.320664
-0.0617091
0.
-0.00351743
0.
0.
0.
-0.10151
0.
0.
0.
0.0278382
0.
0.
0.
-0.0118882
0.
0.
0.
0.154547
0.
0.
0.
-0.0388957
0.
0.
0.
-0.134034
0.
0.
0.
-0.232866
0.
0.
0.
-0.0157378
0.
0.
0.
-0.0694567
0.
0.
0.
-0.0378987
0.
0.
0.
-0.137521
0.
0.
0.
0.0393915
0.
0.
0.
-0.0939586
0.
0.
0.
0.0152842
0.
0.
0.
0.0543531
0.
0.
0.
-0.042659
0.
0.
0.
-0.0110125
0.
0.
0.
0.0105804
1.
0.
0.
0.0312991
0.389302
-0.00771827
0.000356112
-0.000697102
0.383347
0.
-0.00483702
-0.00584938
0.264669
0.
-0.00482405
-0.00623284
0.268907
0.
0.025311
0.0327336
0.375641
0.
0.00583064
-0.00950452
0.264404
0.
0.0176882
-0.000531156
0.285166
0.
-0.0033975
0.0319918
0.262579
0.0252165
0.
0.029541
0.384642
0.0169842
0.
-0.00347244
0.251672
0.0155815
0.
-0.0101145
0.244208
0.0094457
0.
0.0302437
0.381919
0.0168958
0.
-0.00367802
0.259943
0.0185829
0.
-0.00559499
0.253035
0.0274806
-0.0530939
0.000282416
0.248806
-0.0228257
0.0207536
-0.00234742
0.372004
-0.0204703
-0.0997779
-0.0047949
0.437754
-0.175918
-0.17775
0.0832753
0.366404
0.166606
-0.185052
0.0502032
0.32883
-0.0625959
0.0217014
0.0119175
0.372423
0.137343
0.124745
0.058823
0.30151
-0.0158733
-0.0314233
-0.00788808
0.41226
0.00216517
-0.0597465
-0.00198887
0.252683
0.0168337
0.0334681
0.0167969
0.410717
0.0255024
0.0712236
-0.00192461
0.335336
-0.143289
0.157522
0.0657025
0.429274
-0.0113486
0.000718856
0.00540643
0.307576
0.0655557
0.0905217
-0.0790239
0.363104
0.050173
0.156534
0.0515538
