Vec Object: 1 MPI process
  type: seq
0.
0.
0.
-0.0665352
0.
0.
0.
0.316893
0.155125
-0.153686
0.
-0.00414078
0.171355
-0.16363
0.
0.0174505
0.223581
0.171466
0.
0.106637
0.171349
0.161181
0.
-0.012939
0.355088
0.0425355
0.
0.153103
0.352977
0.0362588
0.
0.113308
0.360481
-0.0413525
0.
0.147927
0.361593
-0.0522243
0.
0.158528
0.
0.
0.
-0.127606
0.
0.
0.
-0.269981
0.268407
-0.0637192
0.
-0.131301
0.328546
0.0557332
0.
-0.146788
0.276567
-0.0661677
0.
-0.111307
0.331987
0.0859929
0.
-0.139128
0.300061
0.0697037
0.
-0.078984
0.330125
-0.0696019
0.
-0.14529
0.267214
0.0661642
0.
-0.123464
0.324863
-0.0398227
0.
-0.165891
0.
0.
0.
0.0649475
0.
0.
0.
-0.136225
0.
0.
0.
0.316451
0.
0.
0.
-0.00649395
0.
0.
0.
-0.20103
0.
0.
0.
0.102668
0.
0.
0.
0.288022
0.
0.
0.
0.509268
0.
0.
0.
0.48559
0.
0.
0.
0.328754
0.
0.
0.
0.239546
0.
0.
0.
0.13452
0.
0.
0.
0.312701
0.
0.
0.
-0.0314914
0.
0.
0.
0.684107
0.
0.
0.
0.607376
0.
0.
0.
0.434056
0.
0.
0.
-0.083103
1.
0.
0.
0.250458
0.392236
-0.00686494
-0.00122966
0.157831
0.387806
0.
0.00112834
-0.0464838
0.287096
0.
0.00243715
-0.217665
0.390634
0.
0.00339184
0.181472
0.402368
0.
-0.000671441
-0.0335179
0.287391
0.
0.00366896
-0.223267
0.373405
0.
-0.00763771
0.233158
0.403451
0.00148924
0.
0.244836
0.395495
0.0180348
0.
-0.0436331
0.276959
0.0209659
0.
-0.21913
0.369465
-0.000907082
0.
0.264362
0.409562
0.00549147
0.
-0.0245321
0.280965
0.00601968
0.
-0.233115
0.232266
-0.00325817
-0.0206265
-0.192768
0.242537
-0.0058949
0.00711419
-0.255974
0.278488
-0.0276476
-0.0061396
0.00540299
0.450358
-0.00729578
-0.0552278
0.385365
0.395619
0.00862052
-0.0550952
0.297253
0.201101
0.0357507
0.00886269
0.102076
0.339422
0.0134206
0.0342454
0.350369
0.20498
0.00285426
-0.0167546
-0.105847
0.262321
-0.00082106
-0.00188133
0.0442723
0.246274
-0.00682339
0.0104946
-0.213101
0.247402
-0.0233583
0.00893487
0.050181
0.316753
-0.00708447
0.0539139
0.287539
0.271405
0.00831177
-0.00643921
0.0953645
0.133479
-0.0435696
0.00753515
0.204235
0.323392
-0.0134205
0.0492772
0.349371
