Vec Object: 1 MPI process
  type: seq
0.
0.
0.
-0.0748113
0.
0.
0.
0.0200411
0.170816
-0.168362
0.
-0.0451793
0.176583
-0.180483
0.
-0.0488379
0.190221
0.208078
0.
-0.0407935
0.183662
0.163585
0.
-0.035224
0.390133
0.0084318
0.
-0.00114541
0.377236
0.00669414
0.
0.00997138
0.393354
-0.0222602
0.
0.00916984
0.399834
-0.0159371
0.
0.00235742
0.
0.
0.
-0.0172754
0.
0.
0.
-0.0541211
0.3277
-0.0583485
0.
-0.0109304
0.315617
0.0904191
0.
0.0027647
0.333026
-0.0497901
0.
-0.0154696
0.320862
0.108201
0.
0.0145161
0.360109
0.0762564
0.
-0.0053586
0.321482
-0.100966
0.
0.0113662
0.32597
0.0350334
0.
-0.00862568
0.320836
-0.0615643
0.
-0.00368792
0.
0.
0.
-0.0988352
0.
0.
0.
0.0289938
0.
0.
0.
-0.0111427
0.
0.
0.
0.154813
0.
0.
0.
-0.0388022
0.
0.
0.
-0.131778
0.
0.
0.
-0.232691
0.
0.
0.
-0.0173585
0.
0.
0.
-0.0710155
0.
0.
0.
-0.0374593
0.
0.
0.
-0.133541
0.
0.
0.
0.0403043
0.
0.
0.
-0.0929271
0.
0.
0.
0.0164315
0.
0.
0.
0.049514
0.
0.
0.
-0.0458279
0.
0.
0.
-0.0100885
0.
0.
0.
0.0102173
1.
0.
0.
0.0302127
0.388492
-0.00762971
0.000444283
-0.000497335
0.383706
0.
-0.00491367
-0.00593486
0.264306
0.
-0.00502034
-0.00579205
0.266142
0.
0.0257862
0.0316681
0.375275
0.
0.00587468
-0.00935848
0.263725
0.
0.0180122
0.000219463
0.282765
0.
-0.0030904
0.0303128
0.259104
0.0255772
0.
0.0279004
0.384962
0.0168798
0.
-0.00355206
0.251433
0.0149694
0.
-0.00971456
0.24075
0.0102002
0.
0.0289469
0.381693
0.0169897
0.
-0.00367323
0.259594
0.0185614
0.
-0.00493242
0.253402
0.0278881
-0.0526022
0.000488276
0.248716
-0.0222091
0.0202795
-0.00145045
0.37183
-0.0202897
-0.102056
-0.00553563
0.439136
-0.178019
-0.179823
0.0808428
0.368184
0.168677
-0.187178
0.0484441
0.326374
-0.0647491
0.0211506
0.0109194
0.373554
0.138099
0.126507
0.0568116
0.303391
-0.0158284
-0.0315767
-0.00808978
0.412094
0.00216919
-0.0601292
-0.00271853
0.252033
0.0158688
0.0335365
0.0176649
0.413699
0.0269608
0.0734193
-0.00258227
0.337544
-0.145053
0.158746
0.0641281
0.430754
-0.0113257
0.00118086
0.00459348
0.305381
0.0695334
0.0912135
-0.0781841
0.365152
0.050719
0.157009
0.0498299
