Vec Object: 1 MPI process
  type: seq
0.
0.
0.
-0.111156
0.
0.
0.
0.155664
0.149123
-0.168504
0.
-0.125841
0.164379
-0.177727
0.
-0.105189
0.195915
0.197115
0.
-0.06912
0.16433
0.171987
0.
-0.131139
0.381084
0.0166397
0.
0.0298088
0.372096
0.0139167
0.
0.01645
0.386339
-0.0195737
0.
0.0156365
0.387806
-0.0267183
0.
0.0385903
0.
0.
0.
-0.0594254
0.
0.
0.
-0.153879
0.289308
-0.0507493
0.
-0.0174266
0.324181
0.0808833
0.
-0.0131447
0.295708
-0.0475451
0.
0.00606264
0.326802
0.11447
0.
0.0062256
0.320152
0.0598958
0.
0.0188881
0.325839
-0.100358
0.
-0.000790176
0.290429
0.0474068
0.
-0.0321312
0.322832
-0.0591294
0.
-0.0219092
0.
0.
0.
-0.0758781
0.
0.
0.
-0.0729319
0.
0.
0.
0.133465
0.
0.
0.
0.0331657
0.
0.
0.
-0.127013
0.
0.
0.
-0.0672137
0.
0.
0.
0.00221464
0.
0.
0.
0.24778
0.
0.
0.
0.214364
0.
0.
0.
0.132942
0.
0.
0.
-0.021172
0.
0.
0.
0.0730886
0.
0.
0.
0.0904922
0.
0.
0.
-0.00998098
0.
0.
0.
0.393615
0.
0.
0.
0.298928
0.
0.
0.
0.174145
0.
0.
0.
-0.00905345
1.
0.
0.
0.0568756
0.403213
-0.00859633
-0.00147841
0.0144971
0.3757
0.
-0.000940455
-0.00503258
0.280558
0.
0.000873791
-0.0442751
0.360463
0.
0.00931287
0.0890625
0.382235
0.
0.00119787
-0.0129719
0.282777
0.
0.00713213
-0.051756
0.358423
0.
-0.00838078
0.119636
0.371565
0.00820649
0.
0.130538
0.379541
0.0209995
0.
-0.00289856
0.268907
0.0253708
0.
-0.0501459
0.343563
-0.00390891
0.
0.124179
0.385892
0.00879644
0.
-0.00487174
0.274922
0.00930285
0.
-0.0588936
0.240674
0.00655811
-0.0394983
-0.0436941
0.247267
-0.0155881
0.0168531
-0.0771472
0.327756
-0.0349106
-0.0240132
0.0430104
0.432861
-0.0661188
-0.099153
0.215459
0.37409
0.0634816
-0.0985747
0.16679
0.282964
0.0328565
0.0222345
0.0861789
0.348728
0.0658414
0.0561726
0.200379
0.236377
-0.00318629
-0.024058
-0.0134199
0.339877
-0.000121453
-0.0167129
0.0474056
0.255693
0.00498267
0.0220666
-0.0477283
0.304777
-0.0185245
0.0164084
0.0594601
0.311587
-0.0567284
0.0945702
0.173008
0.332749
0.00177438
-0.0130929
0.0796617
0.242833
-0.0581617
0.0266728
0.04662
0.331814
0.00877995
0.095252
0.193136
