Vec Object: 1 MPI process
  type: seq
0.
0.
0.
-0.0753712
0.
0.
0.
0.019845
0.170619
-0.168286
0.
-0.0458175
0.176442
-0.180387
0.
-0.0493832
0.190134
0.20797
0.
-0.041262
0.183534
0.163593
0.
-0.0359809
0.39007
0.00842112
0.
-0.00106836
0.37713
0.00680737
0.
0.0099338
0.393211
-0.0222052
0.
0.00921019
0.399741
-0.0159699
0.
0.00250026
0.
0.
0.
-0.0173839
0.
0.
0.
-0.0542695
0.327251
-0.0582847
0.
-0.01105
0.315764
0.0903542
0.
0.00279278
0.332548
-0.0498805
0.
-0.0154266
0.320907
0.108406
0.
0.0146782
0.359617
0.0761742
0.
-0.00532156
0.321508
-0.101078
0.
0.011503
0.325621
0.0351691
0.
-0.00882242
0.320762
-0.0616244
0.
-0.0036186
0.
0.
0.
-0.0999195
0.
0.
0.
0.0285496
0.
0.
0.
-0.0114625
0.
0.
0.
0.154761
0.
0.
0.
-0.0388091
0.
0.
0.
-0.132699
0.
0.
0.
-0.232794
0.
0.
0.
-0.0167285
0.
0.
0.
-0.0704161
0.
0.
0.
-0.0376593
0.
0.
0.
-0.13518
0.
0.
0.
0.0399383
0.
0.
0.
-0.0933732
0.
0.
0.
0.0159689
0.
0.
0.
0.0514531
0.
0.
0.
-0.0445773
0.
0.
0.
-0.0104841
0.
0.
0.
0.0103754
1.
0.
0.
0.0306573
0.388826
-0.00766683
0.000407674
-0.000577815
0.383559
0.
-0.00488278
-0.00590193
0.264452
0.
-0.00493966
-0.00596962
0.267275
0.
0.0255927
0.0321009
0.375428
0.
0.00585764
-0.00942072
0.264003
0.
0.0178794
-8.16622e-05
0.283749
0.
-0.00321839
0.0309901
0.260527
0.0254323
0.
0.0285595
0.384831
0.0169219
0.
-0.00352155
0.251526
0.0152234
0.
-0.00987394
0.242171
0.00988872
0.
0.0294683
0.381789
0.0169528
0.
-0.0036771
0.259736
0.0185736
0.
-0.00519788
0.253254
0.0277209
-0.0528084
0.00041073
0.248756
-0.0224698
0.0204772
-0.00180658
0.371913
-0.0203608
-0.101131
-0.00523806
0.438565
-0.177175
-0.178977
0.0818251
0.367439
0.167842
-0.186316
0.0491498
0.327402
-0.0638955
0.0213752
0.0113175
0.37309
0.1378
0.125797
0.0576191
0.302625
-0.0158456
-0.0315132
-0.00800639
0.412175
0.00216793
-0.0599848
-0.00242476
0.252305
0.0162735
0.033508
0.0173207
0.41248
0.0263679
0.0725212
-0.00231998
0.336629
-0.144341
0.158251
0.0647626
0.430163
-0.0113401
0.000996051
0.00491808
0.306295
0.0679421
0.0909508
-0.0785382
0.364303
0.0505057
0.156826
0.0505205
