Vec Object: 1 MPI process
  type: seq
0.
0.
0.
-0.120458
0.
0.
0.
0.112986
0.152764
-0.168226
0.
-0.113765
0.166852
-0.177641
0.
-0.0960488
0.193483
0.199422
0.
-0.0700863
0.167654
0.170492
0.
-0.11717
0.383722
0.0138436
0.
0.0176941
0.373697
0.0118489
0.
0.00860436
0.388059
-0.0188827
0.
0.00780408
0.390822
-0.0237522
0.
0.0262941
0.
0.
0.
-0.0535032
0.
0.
0.
-0.134618
0.295039
-0.0525803
0.
-0.01709
0.323213
0.0839736
0.
-0.00395723
0.300955
-0.0487933
0.
0.00321796
0.325837
0.116447
0.
0.0156405
0.325793
0.0628263
0.
0.0158538
0.325065
-0.103183
0.
0.00919182
0.296392
0.0462072
0.
-0.0294644
0.322152
-0.0612149
0.
-0.0110746
0.
0.
0.
-0.106388
0.
0.
0.
-0.0605858
0.
0.
0.
0.0863768
0.
0.
0.
0.0471436
0.
0.
0.
-0.113371
0.
0.
0.
-0.105504
0.
0.
0.
-0.0667351
0.
0.
0.
0.182232
0.
0.
0.
0.143868
0.
0.
0.
0.0814182
0.
0.
0.
-0.0795844
0.
0.
0.
0.0533838
0.
0.
0.
0.0326982
0.
0.
0.
-0.0122723
0.
0.
0.
0.324567
0.
0.
0.
0.221384
0.
0.
0.
0.114443
0.
0.
0.
-0.00514173
1.
0.
0.
0.0528725
0.402912
-0.00859398
-0.00127264
0.00309707
0.375459
0.
-0.0015566
-0.00327095
0.278404
0.
0.000181961
-0.0318287
0.346698
0.
0.0114297
0.0773716
0.380519
0.
0.00204695
-0.0117168
0.280884
0.
0.00854874
-0.0379194
0.348651
0.
-0.00807636
0.103272
0.35639
0.0107861
0.
0.111612
0.37874
0.0208037
0.
-0.00106875
0.266299
0.0251154
0.
-0.0373139
0.330193
-0.00339489
0.
0.103216
0.384189
0.0102692
0.
-0.00378608
0.272793
0.0111029
0.
-0.0440814
0.242473
0.0105218
-0.0445495
-0.0325042
0.247873
-0.0185745
0.0194209
-0.0595222
0.339434
-0.0329046
-0.0324811
0.0337357
0.428264
-0.0843834
-0.111895
0.19049
0.367015
0.0806028
-0.111948
0.144021
0.302684
0.0239728
0.0250892
0.0705034
0.350151
0.0809599
0.0648518
0.170567
0.245733
-0.00717057
-0.025729
-0.0113799
0.35914
0.000467489
-0.0233904
0.036511
0.257177
0.0107179
0.0251489
-0.0343896
0.321225
-0.0139826
0.0211797
0.0451794
0.30994
-0.0714079
0.106142
0.150006
0.350243
-0.00073207
-0.0129511
0.0636814
0.268992
-0.0522797
0.0356776
0.00325675
0.33311
0.0159797
0.108335
0.161388
