Vec Object: 1 MPI process
  type: seq
0.
0.
0.
-0.112482
0.
0.
0.
0.0392543
0.161893
-0.167226
0.
-0.0787425
0.171885
-0.177906
0.
-0.0720538
0.189966
0.203591
0.
-0.0596643
0.176084
0.166437
0.
-0.0768318
0.387342
0.00991397
0.
0.00454404
0.375162
0.00946284
0.
0.00574397
0.389755
-0.0200145
0.
0.00697519
0.395655
-0.0189394
0.
0.0110668
0.
0.
0.
-0.0348417
0.
0.
0.
-0.0866336
0.309595
-0.0561179
0.
-0.0172091
0.320449
0.0880193
0.
0.00359247
0.314601
-0.0511074
0.
-0.00835577
0.323463
0.115258
0.
0.0206894
0.340587
0.0704318
0.
0.00251828
0.323225
-0.104473
0.
0.0158781
0.310588
0.0416878
0.
-0.0211622
0.320526
-0.0629572
0.
-0.0019104
0.
0.
0.
-0.135154
0.
0.
0.
-0.0162247
0.
0.
0.
0.00631173
0.
0.
0.
0.103297
0.
0.
0.
-0.0709454
0.
0.
0.
-0.153276
0.
0.
0.
-0.189814
0.
0.
0.
0.0532175
0.
0.
0.
0.00421824
0.
0.
0.
-0.0101662
0.
0.
0.
-0.160993
0.
0.
0.
0.029233
0.
0.
0.
-0.0687021
0.
0.
0.
-0.00578235
0.
0.
0.
0.172415
0.
0.
0.
0.0600448
0.
0.
0.
0.0124483
0.
0.
0.
0.00526831
1.
0.
0.
0.0460913
0.398906
-0.00840712
-0.000630447
-0.00368949
0.377931
0.
-0.00319641
-0.00324504
0.27192
0.
-0.00194386
-0.0159227
0.311175
0.
0.0175256
0.0531653
0.378663
0.
0.00420968
-0.010114
0.274321
0.
0.0126412
-0.0168729
0.321111
0.
-0.00656895
0.066414
0.315097
0.0177273
0.
0.0672928
0.38014
0.0191791
0.
-0.000951394
0.258839
0.0223549
0.
-0.0203574
0.293313
0.000403922
0.
0.0611387
0.383198
0.013985
0.
-0.00272571
0.26659
0.0157768
0.
-0.0212972
0.246786
0.0198214
-0.053693
-0.0119489
0.248533
-0.024461
0.0234735
-0.0269895
0.362524
-0.0262138
-0.0608173
0.0117206
0.424704
-0.130718
-0.14331
0.133967
0.356153
0.123843
-0.146652
0.0922425
0.336747
-0.0127984
0.0277911
0.036554
0.357274
0.11437
0.0913467
0.107123
0.270634
-0.0145173
-0.028989
-0.00831842
0.397106
0.00166412
-0.0430359
0.0138819
0.257928
0.0207377
0.0310499
-0.00705736
0.362891
0.00192464
0.0396231
0.0157059
0.313034
-0.107736
0.133029
0.101788
0.392635
-0.00727654
-0.00833794
0.0281774
0.313059
-0.0108436
0.0636878
-0.0674293
0.34093
0.0341898
0.137341
0.096353
