Vec Object: 1 MPI process
  type: seq
0.
0.
0.
-0.098275
0.
0.
0.
0.0245418
0.165324
-0.167222
0.
-0.0652527
0.173471
-0.178534
0.
-0.0633785
0.189365
0.205211
0.
-0.0532408
0.179263
0.164975
0.
-0.0602023
0.388395
0.0089888
0.
0.00185219
0.375522
0.00877956
0.
0.00743029
0.390556
-0.0208288
0.
0.00845816
0.397236
-0.0175164
0.
0.00722693
0.
0.
0.
-0.02615
0.
0.
0.
-0.069304
0.315999
-0.0569371
0.
-0.0150868
0.318973
0.0889294
0.
0.0036578
0.32089
-0.0511881
0.
-0.0120064
0.322433
0.113128
0.
0.018919
0.347364
0.0730573
0.
-0.00173578
0.322484
-0.103559
0.
0.0148168
0.316345
0.0391776
0.
-0.0160753
0.320133
-0.0627474
0.
-0.00197516
0.
0.
0.
-0.127292
0.
0.
0.
0.00470101
0.
0.
0.
-0.00882994
0.
0.
0.
0.129995
0.
0.
0.
-0.0533615
0.
0.
0.
-0.152365
0.
0.
0.
-0.217641
0.
0.
0.
0.0169061
0.
0.
0.
-0.0350747
0.
0.
0.
-0.02975
0.
0.
0.
-0.164313
0.
0.
0.
0.0303401
0.
0.
0.
-0.0891256
0.
0.
0.
0.00200295
0.
0.
0.
0.119222
0.
0.
0.
0.00962945
0.
0.
0.
-0.00707395
0.
0.
0.
0.00941914
1.
0.
0.
0.0412793
0.395947
-0.00826056
-0.000318726
-0.00288637
0.37983
0.
-0.00389078
-0.00432776
0.268958
0.
-0.0029958
-0.0116598
0.295489
0.
0.0204458
0.0446057
0.377961
0.
0.00499709
-0.0100756
0.270803
0.
0.0145387
-0.0099403
0.308022
0.
-0.00563088
0.0520523
0.295876
0.0207946
0.
0.0507206
0.38165
0.0182708
0.
-0.00200564
0.255623
0.0203139
0.
-0.0157029
0.275825
0.00320784
0.
0.047173
0.383075
0.0153562
0.
-0.00312877
0.263876
0.0174055
0.
-0.0143064
0.24901
0.0231366
-0.0551372
-0.00532219
0.248762
-0.0253901
0.0235365
-0.0156684
0.368676
-0.023485
-0.0755277
0.00450459
0.427479
-0.149752
-0.156595
0.112433
0.356372
0.14165
-0.161807
0.0734842
0.340846
-0.0330385
0.0264694
0.0255057
0.362234
0.125438
0.104372
0.0853875
0.282218
-0.0158352
-0.0300074
-0.00721547
0.406928
0.00195972
-0.0511556
0.00693407
0.256874
0.0216808
0.0324607
0.00376511
0.381037
0.0105312
0.0505165
0.00736932
0.318756
-0.122471
0.143273
0.0856331
0.408893
-0.00960002
-0.00492097
0.0172628
0.318542
0.0175963
0.076203
-0.0790676
0.347275
0.0413833
0.146942
0.0754657
