Vec Object: 1 MPI process
  type: seq
0.
0.
0.
-0.0775229
0.
0.
0.
0.0193311
0.169951
-0.168049
0.
-0.048052
0.175983
-0.180078
0.
-0.0512267
0.189876
0.207606
0.
-0.0428548
0.183078
0.16365
0.
-0.0386693
0.389856
0.00840565
0.
-0.000787165
0.376799
0.00716688
0.
0.00976252
0.392746
-0.0220213
0.
0.00930547
0.399422
-0.0160974
0.
0.0030057
0.
0.
0.
-0.0178874
0.
0.
0.
-0.0549998
0.325742
-0.0580772
0.
-0.0114862
0.316249
0.0901438
0.
0.00289827
0.330944
-0.0501647
0.
-0.0152275
0.321069
0.109086
0.
0.0152344
0.357961
0.0758748
0.
-0.00514072
0.321605
-0.101449
0.
0.0119677
0.324437
0.0356417
0.
-0.00954601
0.320545
-0.061819
0.
-0.00338013
0.
0.
0.
-0.103682
0.
0.
0.
0.026753
0.
0.
0.
-0.0123846
0.
0.
0.
0.154004
0.
0.
0.
-0.0391565
0.
0.
0.
-0.135828
0.
0.
0.
-0.232812
0.
0.
0.
-0.0142535
0.
0.
0.
-0.0679905
0.
0.
0.
-0.038121
0.
0.
0.
-0.140599
0.
0.
0.
0.0386293
0.
0.
0.
-0.0946258
0.
0.
0.
0.0143356
0.
0.
0.
0.0584291
0.
0.
0.
-0.0398736
0.
0.
0.
-0.0116317
0.
0.
0.
0.0108097
1.
0.
0.
0.0321584
0.389926
-0.00778336
0.000289296
-0.000862441
0.383061
0.
-0.00477346
-0.00576988
0.264969
0.
-0.00467046
-0.00659839
0.271093
0.
0.0249294
0.0335966
0.375912
0.
0.00579
-0.00960594
0.264941
0.
0.0174325
-0.00116038
0.28706
0.
-0.00362767
0.0333788
0.265326
0.0249156
0.
0.0309133
0.384389
0.0170708
0.
-0.00339744
0.251887
0.0160463
0.
-0.0104564
0.246916
0.00886368
0.
0.0313261
0.382082
0.0168125
0.
-0.00367091
0.260227
0.0185797
0.
-0.0061529
0.252731
0.027159
-0.0534526
7.81949e-05
0.248856
-0.0232651
0.0211071
-0.00312237
0.372074
-0.0206299
-0.0979322
-0.00417618
0.436695
-0.174165
-0.176092
0.0852793
0.365094
0.164891
-0.183325
0.0516805
0.330638
-0.0607331
0.0221405
0.0127675
0.371534
0.136686
0.123287
0.0605092
0.299997
-0.0159136
-0.0313053
-0.00773546
0.412309
0.00215978
-0.0593716
-0.00138324
0.253166
0.0175395
0.0334155
0.016044
0.408344
0.024326
0.0694837
-0.00136377
0.333652
-0.141835
0.156517
0.0670082
0.428014
-0.0113372
0.000329105
0.00609893
0.309216
0.0622018
0.0898549
-0.0796217
0.36154
0.0496826
0.156089
0.0530086
