Vec Object: 1 MPI process
  type: seq
0.
0.
0.
-0.0779129
0.
0.
0.
0.019271
0.16984
-0.168013
0.
-0.0484301
0.17591
-0.18003
0.
-0.0515293
0.189838
0.207546
0.
-0.0431174
0.183
0.163663
0.
-0.0391294
0.38982
0.00840608
0.
-0.000737938
0.376749
0.00722254
0.
0.00972808
0.392673
-0.0219914
0.
0.00931503
0.399369
-0.0161208
0.
0.00309208
0.
0.
0.
-0.0179905
0.
0.
0.
-0.0551549
0.325495
-0.0580444
0.
-0.0115623
0.316327
0.0901105
0.
0.00291694
0.330682
-0.0502082
0.
-0.0151869
0.321097
0.109197
0.
0.0153268
0.35769
0.0758224
0.
-0.00510262
0.321622
-0.101509
0.
0.0120442
0.324242
0.0357214
0.
-0.00967328
0.320513
-0.0618497
0.
-0.00334053
0.
0.
0.
-0.104311
0.
0.
0.
0.0264143
0.
0.
0.
-0.0125097
0.
0.
0.
0.153794
0.
0.
0.
-0.0392621
0.
0.
0.
-0.136342
0.
0.
0.
-0.232765
0.
0.
0.
-0.0137944
0.
0.
0.
-0.0675315
0.
0.
0.
-0.0381625
0.
0.
0.
-0.141465
0.
0.
0.
0.0384058
0.
0.
0.
-0.0947904
0.
0.
0.
0.0140577
0.
0.
0.
0.0596365
0.
0.
0.
-0.03903
0.
0.
0.
-0.0117883
0.
0.
0.
0.0108655
1.
0.
0.
0.032404
0.390102
-0.0078012
0.000270632
-0.000910865
0.382979
0.
-0.00475479
-0.00574524
0.265057
0.
-0.00462673
-0.00670573
0.271718
0.
0.0248194
0.0338469
0.375986
0.
0.00577743
-0.00963275
0.265094
0.
0.0173593
-0.00134605
0.287602
0.
-0.00369159
0.0337852
0.266112
0.024827
0.
0.0313183
0.384316
0.0170963
0.
-0.00337409
0.251953
0.0161764
0.
-0.0105584
0.247687
0.00869947
0.
0.0316453
0.382126
0.0167873
0.
-0.00366718
0.26031
0.0185755
0.
-0.00631803
0.252642
0.0270668
-0.05355
1.25747e-05
0.248868
-0.023383
0.0212046
-0.00335489
0.372083
-0.0206783
-0.0973972
-0.00399389
0.436397
-0.173648
-0.175615
0.085866
0.364734
0.164387
-0.182823
0.0521174
0.331133
-0.0601752
0.0222663
0.0130204
0.37128
0.136488
0.12286
0.0610075
0.299561
-0.0159254
-0.031272
-0.00769342
0.412308
0.00215788
-0.0592526
-0.00120542
0.253299
0.0177319
0.0334005
0.0158177
0.407663
0.0239859
0.0689855
-0.00119668
0.333181
-0.141409
0.156224
0.067392
0.427639
-0.0113292
0.000213874
0.00630544
0.309668
0.0612107
0.0896448
-0.0797804
0.361102
0.0495331
0.15595
0.0534403
