Vec Object: 1 MPI process
  type: seq
0.
0.
0.
-0.0781807
0.
0.
0.
0.282658
0.149102
-0.160368
0.
-0.0812475
0.165398
-0.170271
0.
-0.0593315
0.214376
0.180019
0.
0.0210008
0.165023
0.167494
0.
-0.0908809
0.361656
0.0361531
0.
0.137829
0.357857
0.0306474
0.
0.104294
0.367606
-0.0350556
0.
0.127057
0.368069
-0.0460096
0.
0.144192
0.
0.
0.
-0.111082
0.
0.
0.
-0.244214
0.27227
-0.0572619
0.
-0.0925798
0.327583
0.0624562
0.
-0.0955221
0.280109
-0.0580143
0.
-0.0691694
0.330766
0.0944007
0.
-0.0839877
0.303737
0.0640724
0.
-0.0451215
0.329105
-0.0782949
0.
-0.0909731
0.271615
0.0595478
0.
-0.0945123
0.324511
-0.0451009
0.
-0.112393
0.
0.
0.
0.0337029
0.
0.
0.
-0.124333
0.
0.
0.
0.277813
0.
0.
0.
-0.00403093
0.
0.
0.
-0.186464
0.
0.
0.
0.0657197
0.
0.
0.
0.227652
0.
0.
0.
0.451928
0.
0.
0.
0.429071
0.
0.
0.
0.288471
0.
0.
0.
0.184528
0.
0.
0.
0.121848
0.
0.
0.
0.268008
0.
0.
0.
-0.0265438
0.
0.
0.
0.61308
0.
0.
0.
0.539651
0.
0.
0.
0.374593
0.
0.
0.
-0.0634272
1.
0.
0.
0.156565
0.395569
-0.00748072
-0.00143316
0.135899
0.384226
0.
0.000774329
-0.0187151
0.285943
0.
0.00228219
-0.157738
0.389902
0.
0.00426022
0.138982
0.396911
0.
-0.000535969
-0.0122597
0.286696
0.
0.00408024
-0.16559
0.375076
0.
-0.0079412
0.186446
0.402777
0.00219336
0.
0.198945
0.391007
0.019106
0.
-0.0162022
0.275609
0.0224743
0.
-0.161402
0.369642
-0.00196807
0.
0.212437
0.40304
0.00572474
0.
-0.0033432
0.280008
0.00605206
0.
-0.174835
0.234022
-0.00249209
-0.0236489
-0.147398
0.243679
-0.00731217
0.00865834
-0.201148
0.287838
-0.0314217
-0.00809703
0.0188155
0.448658
-0.0162266
-0.0624191
0.321395
0.393872
0.0167429
-0.0619782
0.248886
0.215895
0.0383348
0.0112172
0.0999513
0.34286
0.0214869
0.0371291
0.302473
0.210223
0.00378798
-0.0181233
-0.0776354
0.276309
-0.0010496
-0.00347866
0.0467062
0.248266
-0.00708337
0.012413
-0.162288
0.257206
-0.0240519
0.00944186
0.0576613
0.317386
-0.0149615
0.0605766
0.248153
0.281947
0.00748058
-0.00816649
0.0922009
0.153033
-0.0486983
0.00949074
0.173528
0.326669
-0.010363
0.0566967
0.301683
