Vec Object: 1 MPI process
  type: seq
0.
0.
0.
-0.0803471
0.
0.
0.
0.0190765
0.1692
-0.167823
0.
-0.0506682
0.175504
-0.179761
0.
-0.0532723
0.189649
0.207201
0.
-0.0446341
0.182532
0.163766
0.
-0.0418772
0.389614
0.00842438
0.
-0.000437532
0.37648
0.00752545
0.
0.00949701
0.392272
-0.0218198
0.
0.00933672
0.399063
-0.0162686
0.
0.00360863
0.
0.
0.
-0.0186973
0.
0.
0.
-0.0562504
0.324075
-0.0578612
0.
-0.0120235
0.316764
0.0899237
0.
0.00303023
0.329184
-0.0504406
0.
-0.0149094
0.321269
0.109824
0.
0.0158642
0.356133
0.0755018
0.
-0.00483565
0.321725
-0.101849
0.
0.0124846
0.32311
0.0361915
0.
-0.0104512
0.320357
-0.0620195
0.
-0.00311139
0.
0.
0.
-0.107974
0.
0.
0.
0.0242234
0.
0.
0.
-0.0130632
0.
0.
0.
0.152132
0.
0.
0.
-0.0401399
0.
0.
0.
-0.139272
0.
0.
0.
-0.232194
0.
0.
0.
-0.0108466
0.
0.
0.
-0.0645392
0.
0.
0.
-0.0381922
0.
0.
0.
-0.146285
0.
0.
0.
0.0370877
0.
0.
0.
-0.0954877
0.
0.
0.
0.0124072
0.
0.
0.
0.0669295
0.
0.
0.
-0.0337716
0.
0.
0.
-0.0124855
0.
0.
0.
0.0110965
1.
0.
0.
0.0338107
0.391092
-0.00789716
0.000167151
-0.00119765
0.382503
0.
-0.00464328
-0.00558805
0.265578
0.
-0.004377
-0.00734593
0.27531
0.
0.0241799
0.0353154
0.376387
0.
0.00569697
-0.00976842
0.265974
0.
0.0169384
-0.00245927
0.29071
0.
-0.00404313
0.0362012
0.270628
0.0242972
0.
0.0337518
0.383902
0.0172483
0.
-0.00322422
0.252368
0.0168993
0.
-0.0111794
0.252081
0.00777581
0.
0.0335639
0.382358
0.0166294
0.
-0.00363183
0.260797
0.0185236
0.
-0.00731355
0.252116
0.0265321
-0.0540615
-0.000430443
0.248913
-0.0239932
0.0217326
-0.00478404
0.372037
-0.0209814
-0.0942678
-0.00290256
0.434743
-0.170555
-0.172846
0.0893509
0.362808
0.161391
-0.179883
0.0547521
0.333763
-0.0567677
0.0229869
0.0145545
0.369835
0.135263
0.120326
0.0640099
0.297025
-0.0159915
-0.0310837
-0.00747068
0.412182
0.00214391
-0.0584681
-0.000145889
0.25402
0.018753
0.0333112
0.0144231
0.403727
0.022007
0.0661247
-0.000179838
0.330561
-0.138884
0.154489
0.0696868
0.42536
-0.011243
-0.000477334
0.00756662
0.312096
0.0552731
0.0882752
-0.0805692
0.358661
0.0485988
0.155056
0.0560573
