Vec Object: 1 MPI process
  type: seq
0.
0.
0.
-0.0945977
0.
0.
0.
0.0224892
0.166095
-0.167279
0.
-0.062261
0.173836
-0.178729
0.
-0.0614149
0.189322
0.205592
0.
-0.0516315
0.179956
0.164678
0.
-0.0564381
0.388633
0.00882677
0.
0.00133648
0.375644
0.00859044
0.
0.00787927
0.390812
-0.0210212
0.
0.00874053
0.397594
-0.0172298
0.
0.00644557
0.
0.
0.
-0.0243423
0.
0.
0.
-0.0659641
0.317533
-0.0571078
0.
-0.0144891
0.318587
0.0891199
0.
0.00356624
0.322433
-0.0511206
0.
-0.0127165
0.322195
0.112542
0.
0.0183674
0.349013
0.0736004
0.
-0.00252797
0.32232
-0.103271
0.
0.0144219
0.317674
0.0385807
0.
-0.0148896
0.3201
-0.0626436
0.
-0.00214081
0.
0.
0.
-0.124143
0.
0.
0.
0.00919321
0.
0.
0.
-0.0107839
0.
0.
0.
0.13555
0.
0.
0.
-0.0498941
0.
0.
0.
-0.150647
0.
0.
0.
-0.222048
0.
0.
0.
0.0101202
0.
0.
0.
-0.0423721
0.
0.
0.
-0.0326442
0.
0.
0.
-0.162514
0.
0.
0.
0.0313306
0.
0.
0.
-0.0918815
0.
0.
0.
0.00402677
0.
0.
0.
0.107947
0.
0.
0.
-0.000378844
0.
0.
0.
-0.00958469
0.
0.
0.
0.0101073
1.
0.
0.
0.0399607
0.395125
-0.00821123
-0.000237124
-0.00258576
0.380324
0.
-0.00404695
-0.00459759
0.268273
0.
-0.00325389
-0.0107565
0.291696
0.
0.0211573
0.0427169
0.377738
0.
0.00515871
-0.0100605
0.269915
0.
0.014995
-0.00839875
0.304796
0.
-0.00537229
0.0488129
0.291161
0.0215058
0.
0.0471236
0.382057
0.0180601
0.
-0.00226776
0.254913
0.0197455
0.
-0.0147267
0.271474
0.00398552
0.
0.0442385
0.383004
0.0156426
0.
-0.00324549
0.263256
0.017713
0.
-0.0128184
0.249587
0.023844
-0.0551867
-0.00407487
0.248817
-0.025374
0.0233582
-0.0132735
0.36971
-0.0229143
-0.0791325
0.00295486
0.428548
-0.154044
-0.15973
0.107663
0.357025
0.145687
-0.165366
0.0694675
0.34058
-0.0378885
0.0259357
0.023164
0.363575
0.127674
0.10751
0.0807863
0.285037
-0.0159741
-0.0302227
-0.00710913
0.408544
0.00200956
-0.0528616
0.00545745
0.256478
0.0214985
0.0326897
0.00610232
0.385368
0.0126898
0.0533475
0.0057016
0.32059
-0.125811
0.14556
0.0822241
0.412422
-0.0100437
-0.00405278
0.0150805
0.318421
0.024882
0.0789355
-0.0803317
0.349125
0.0429516
0.148856
0.0711815
