Vec Object: 1 MPI process
  type: seq
0.
0.
0.
-0.107109
0.
0.
0.
0.0320357
0.163329
-0.167181
0.
-0.0730778
0.172551
-0.178123
0.
-0.0684201
0.189645
0.204255
0.
-0.0571249
0.177426
0.165807
0.
-0.0699322
0.387786
0.00949052
0.
0.00333153
0.375291
0.00919523
0.
0.00635502
0.390036
-0.0203448
0.
0.00760828
0.396317
-0.0183184
0.
0.0093846
0.
0.
0.
-0.0311603
0.
0.
0.
-0.0790328
0.312194
-0.0564812
0.
-0.0164535
0.319875
0.0884194
0.
0.00373287
0.317125
-0.0512102
0.
-0.00996629
0.323041
0.114466
0.
0.0201091
0.343316
0.0715642
0.
0.00061433
0.322915
-0.104167
0.
0.015593
0.312964
0.040676
0.
-0.0191072
0.320324
-0.0629205
0.
-0.00178168
0.
0.
0.
-0.133154
0.
0.
0.
-0.00744889
0.
0.
0.
-0.0012511
0.
0.
0.
0.114579
0.
0.
0.
-0.0633424
0.
0.
0.
-0.154265
0.
0.
0.
-0.203001
0.
0.
0.
0.0369198
0.
0.
0.
-0.0134456
0.
0.
0.
-0.0196187
0.
0.
0.
-0.164578
0.
0.
0.
0.0289987
0.
0.
0.
-0.0787719
0.
0.
0.
-0.00281828
0.
0.
0.
0.149679
0.
0.
0.
0.0379329
0.
0.
0.
0.0026969
0.
0.
0.
0.00714608
1.
0.
0.
0.0442831
0.397794
-0.0083566
-0.000508024
-0.00348218
0.378664
0.
-0.00348472
-0.00366006
0.270705
0.
-0.00236512
-0.0140854
0.304831
0.
0.0186982
0.0495555
0.37841
0.
0.00454884
-0.0100884
0.272931
0.
0.0134089
-0.0139609
0.315872
0.
-0.00621188
0.0604369
0.307384
0.0189841
0.
0.0602864
0.38071
0.0188093
0.
-0.00135558
0.257498
0.0215878
0.
-0.018349
0.286335
0.00145695
0.
0.05514
0.383171
0.0145721
0.
-0.00285887
0.265469
0.0164954
0.
-0.0183039
0.247651
0.0212368
-0.0545104
-0.0090074
0.248623
-0.0250123
0.0236509
-0.0221591
0.365365
-0.0250507
-0.0666898
0.00863724
0.4255
-0.138625
-0.14874
0.124933
0.355786
0.131227
-0.152843
0.0842651
0.339383
-0.0209117
0.0274408
0.0318151
0.359158
0.119186
0.0965878
0.0978219
0.275292
-0.0152013
-0.0294287
-0.00776611
0.401677
0.00180183
-0.0464823
0.0108935
0.25761
0.0214343
0.0317146
-0.0024968
0.370269
0.00532466
0.0438541
0.0120338
0.314992
-0.113853
0.137317
0.094857
0.399496
-0.00829759
-0.00701102
0.0233906
0.316441
0.000176626
0.0689115
-0.0734693
0.343252
0.0372154
0.141531
0.0872945
