Vec Object: 1 MPI process
  type: seq
0.
0.
0.
-0.0943492
0.
0.
0.
0.212561
0.146009
-0.167607
0.
-0.130559
0.162119
-0.176965
0.
-0.108267
0.200747
0.192642
0.
-0.0555322
0.161517
0.172708
0.
-0.138485
0.375658
0.022187
0.
0.0587484
0.368324
0.0184613
0.
0.0389024
0.381758
-0.0228379
0.
0.0419961
0.382084
-0.0322926
0.
0.0670165
0.
0.
0.
-0.0707354
0.
0.
0.
-0.181751
0.282204
-0.0498753
0.
-0.028138
0.325426
0.0751376
0.
-0.034068
0.289216
-0.0477058
0.
-0.00227116
0.328161
0.109049
0.
-0.0164484
0.313259
0.0580775
0.
0.0114782
0.326944
-0.0939956
0.
-0.0239376
0.282765
0.0496993
0.
-0.0423864
0.323603
-0.0548909
0.
-0.0457077
0.
0.
0.
-0.0290775
0.
0.
0.
-0.0878266
0.
0.
0.
0.197027
0.
0.
0.
0.0200578
0.
0.
0.
-0.144773
0.
0.
0.
-0.0108332
0.
0.
0.
0.0965326
0.
0.
0.
0.334269
0.
0.
0.
0.306631
0.
0.
0.
0.201582
0.
0.
0.
0.0637192
0.
0.
0.
0.0993949
0.
0.
0.
0.168068
0.
0.
0.
-0.00866261
0.
0.
0.
0.482982
0.
0.
0.
0.399961
0.
0.
0.
0.256825
0.
0.
0.
-0.0194917
1.
0.
0.
0.0725713
0.401928
-0.00841226
-0.00161749
0.0454908
0.377578
0.
-0.000208603
-0.00830644
0.282877
0.
0.00159129
-0.0722395
0.376009
0.
0.00697336
0.105386
0.386178
0.
0.000281734
-0.0133214
0.284604
0.
0.00562784
-0.0807518
0.368594
0.
-0.0084394
0.142018
0.388263
0.00527632
0.
0.154768
0.38235
0.0207022
0.
-0.00620898
0.271816
0.0248701
0.
-0.0782075
0.358008
-0.00374412
0.
0.154346
0.390309
0.00718401
0.
-0.00493977
0.277199
0.0074292
0.
-0.0889498
0.238121
0.00195516
-0.0327582
-0.0678386
0.246062
-0.0118627
0.0133649
-0.110314
0.311872
-0.0358151
-0.0157813
0.0475161
0.439899
-0.0442023
-0.083375
0.250239
0.383474
0.0428789
-0.0825344
0.196442
0.255816
0.0389027
0.0178541
0.101623
0.347238
0.0467094
0.0469867
0.239912
0.225095
0.00139872
-0.0217113
-0.0239545
0.314008
-0.000770217
-0.00992552
0.0569958
0.252997
-0.00192345
0.0179913
-0.0751115
0.284573
-0.0224698
0.0123344
0.0718598
0.314637
-0.0387614
0.0800102
0.203043
0.311159
0.00452124
-0.0118911
0.0947071
0.206453
-0.0581607
0.0177447
0.104903
0.330595
0.000255207
0.0786872
0.235676
