Vec Object: 1 MPI process
  type: seq
0.
0.
0.
-0.0754005
0.
0.
0.
0.0198356
0.170609
-0.168282
0.
-0.0458501
0.176435
-0.180382
0.
-0.0494109
0.19013
0.207965
0.
-0.0412858
0.183527
0.163593
0.
-0.0360198
0.390067
0.00842066
0.
-0.00106438
0.377125
0.00681302
0.
0.00993173
0.393203
-0.0222024
0.
0.00921209
0.399736
-0.0159716
0.
0.00250758
0.
0.
0.
-0.0173899
0.
0.
0.
-0.0542778
0.327229
-0.0582815
0.
-0.0110562
0.315772
0.0903509
0.
0.00279424
0.332524
-0.049885
0.
-0.0154242
0.320909
0.108416
0.
0.0146865
0.359593
0.0761699
0.
-0.00531948
0.32151
-0.101083
0.
0.01151
0.325603
0.035176
0.
-0.0088326
0.320759
-0.0616274
0.
-0.00361507
0.
0.
0.
-0.0999749
0.
0.
0.
0.0285261
0.
0.
0.
-0.0114782
0.
0.
0.
0.154756
0.
0.
0.
-0.0388106
0.
0.
0.
-0.132746
0.
0.
0.
-0.232798
0.
0.
0.
-0.0166953
0.
0.
0.
-0.0703843
0.
0.
0.
-0.0376687
0.
0.
0.
-0.135263
0.
0.
0.
0.0399195
0.
0.
0.
-0.093395
0.
0.
0.
0.0159452
0.
0.
0.
0.0515528
0.
0.
0.
-0.0445122
0.
0.
0.
-0.0105035
0.
0.
0.
0.0103831
1.
0.
0.
0.0306799
0.388843
-0.00766868
0.000405838
-0.00058194
0.383552
0.
-0.0048812
-0.00590018
0.26446
0.
-0.00493559
-0.00597872
0.267332
0.
0.0255828
0.032123
0.375436
0.
0.00585674
-0.00942378
0.264018
0.
0.0178727
-9.7145e-05
0.283799
0.
-0.00322479
0.0310248
0.260599
0.0254248
0.
0.0285933
0.384824
0.016924
0.
-0.00351993
0.251531
0.0152362
0.
-0.00988218
0.242242
0.00987304
0.
0.0294951
0.381793
0.0169508
0.
-0.00367723
0.259743
0.0185741
0.
-0.00521154
0.253247
0.0277125
-0.0528187
0.000406558
0.248758
-0.0224827
0.0204871
-0.00182503
0.371917
-0.0203646
-0.101084
-0.00522277
0.438536
-0.177131
-0.178934
0.0818754
0.367402
0.1678
-0.186272
0.0491861
0.327453
-0.0638513
0.0213866
0.0113381
0.373067
0.137784
0.125761
0.0576606
0.302586
-0.0158465
-0.03151
-0.00800219
0.412179
0.00216785
-0.059977
-0.00240969
0.252318
0.0162936
0.0335066
0.0173029
0.412419
0.0263377
0.0724757
-0.00230643
0.336583
-0.144305
0.158226
0.0647951
0.430133
-0.0113407
0.000986527
0.00493482
0.306341
0.0678601
0.0909367
-0.0785558
0.364261
0.0504945
0.156817
0.050556
