Vec Object: 1 MPI process
  type: seq
0.
0.
0.
-0.120341
0.
0.
0.
0.0592009
0.158813
-0.167472
0.
-0.0908473
0.170369
-0.177629
0.
-0.0799662
0.190894
0.202218
0.
-0.064369
0.173212
0.167815
0.
-0.0911348
0.386334
0.0109775
0.
0.00768604
0.374865
0.01006
0.
0.00517403
0.389275
-0.0193961
0.
0.00592567
0.394197
-0.0203734
0.
0.0151163
0.
0.
0.
-0.0422581
0.
0.
0.
-0.103365
0.304374
-0.0551744
0.
-0.0180292
0.321517
0.0870038
0.
0.00254094
0.309625
-0.0506074
0.
-0.00460019
0.324316
0.116436
0.
0.020904
0.335191
0.0679084
0.
0.00699008
0.323871
-0.10471
0.
0.0154918
0.305663
0.043593
0.
-0.0249187
0.321048
-0.0627738
0.
-0.00316959
0.
0.
0.
-0.133114
0.
0.
0.
-0.0338095
0.
0.
0.
0.0276761
0.
0.
0.
0.0806856
0.
0.
0.
-0.0869359
0.
0.
0.
-0.144729
0.
0.
0.
-0.155217
0.
0.
0.
0.092336
0.
0.
0.
0.0466429
0.
0.
0.
0.0152327
0.
0.
0.
-0.143836
0.
0.
0.
0.0331907
0.
0.
0.
-0.0409598
0.
0.
0.
-0.0103681
0.
0.
0.
0.222442
0.
0.
0.
0.110945
0.
0.
0.
0.0398808
0.
0.
0.
0.00122227
1.
0.
0.
0.0490694
0.400786
-0.00848879
-0.000868516
-0.00326425
0.376671
0.
-0.00260485
-0.00266945
0.274353
0.
-0.00112958
-0.0202344
0.323894
0.
0.0152384
0.0610236
0.379147
0.
0.00346847
-0.0103368
0.276933
0.
0.0111206
-0.023238
0.331337
0.
-0.00720698
0.0789638
0.330259
0.0151997
0.
0.0823354
0.379227
0.0198838
0.
-0.000397745
0.261582
0.0236535
0.
-0.0250351
0.306932
-0.0013668
0.
0.0745424
0.38328
0.0127107
0.
-0.00270139
0.268872
0.0141745
0.
-0.0280639
0.245182
0.0167169
-0.0512078
-0.0186366
0.248362
-0.0227927
0.0225553
-0.0375272
0.355534
-0.0286681
-0.0496505
0.0186724
0.424461
-0.114347
-0.132237
0.153164
0.358516
0.108577
-0.134159
0.109572
0.327899
0.00240408
0.0277004
0.0472447
0.354052
0.103509
0.081201
0.127704
0.261482
-0.0125269
-0.0279806
-0.00957564
0.385708
0.00131249
-0.0358401
0.020761
0.258149
0.0182064
0.0293333
-0.0165909
0.34801
-0.00443353
0.0319657
0.024482
0.310486
-0.0950236
0.12391
0.117253
0.378033
-0.00501567
-0.0106164
0.0392983
0.301783
-0.0299778
0.0531203
-0.0493653
0.337194
0.027817
0.127888
0.116919
