Vec Object: 1 MPI process
  type: seq
0.
0.
0.
-0.0791336
0.
0.
0.
0.0191369
0.16951
-0.167912
0.
-0.0495754
0.175697
-0.179888
0.
-0.0524311
0.189735
0.207368
0.
-0.0439014
0.182762
0.163712
0.
-0.0405307
0.389714
0.00841223
0.
-0.00058609
0.376605
0.007383
0.
0.00961531
0.392462
-0.0219024
0.
0.00933333
0.399211
-0.0161945
0.
0.00335527
0.
0.
0.
-0.0183322
0.
0.
0.
-0.0556782
0.32476
-0.0579483
0.
-0.0117962
0.316555
0.0900127
0.
0.00297446
0.329905
-0.0503322
0.
-0.0150525
0.321184
0.109523
0.
0.0156038
0.356883
0.0756605
0.
-0.00497465
0.321674
-0.101686
0.
0.0122722
0.323658
0.0359622
0.
-0.0100664
0.320427
-0.061939
0.
-0.00322208
0.
0.
0.
-0.1062
0.
0.
0.
0.0253315
0.
0.
0.
-0.012833
0.
0.
0.
0.15303
0.
0.
0.
-0.0396589
0.
0.
0.
-0.137865
0.
0.
0.
-0.232533
0.
0.
0.
-0.0123345
0.
0.
0.
-0.0660582
0.
0.
0.
-0.0382237
0.
0.
0.
-0.143998
0.
0.
0.
0.0377292
0.
0.
0.
-0.0952062
0.
0.
0.
0.0132139
0.
0.
0.
0.0633382
0.
0.
0.
-0.0363945
0.
0.
0.
-0.0121946
0.
0.
0.
0.0110044
1.
0.
0.
0.0331338
0.390619
-0.00785228
0.000216246
-0.00105769
0.382733
0.
-0.00469793
-0.00566709
0.265323
0.
-0.00449708
-0.00703238
0.273579
0.
0.0244896
0.0346011
0.376199
0.
0.00573749
-0.00970686
0.26555
0.
0.0171414
-0.00191297
0.289212
0.
-0.00387694
0.0350196
0.268452
0.0245569
0.
0.0325561
0.384101
0.0171738
0.
-0.00329973
0.252161
0.0165559
0.
-0.0108726
0.24997
0.00821682
0.
0.032621
0.382251
0.0167082
0.
-0.00365175
0.26056
0.0185546
0.
-0.00682381
0.252373
0.0267911
-0.0538255
-0.000202549
0.248896
-0.0237134
0.0214851
-0.00407532
0.372079
-0.02083
-0.0957876
-0.00343785
0.435529
-0.172072
-0.174186
0.0876468
0.363707
0.162857
-0.181313
0.0534556
0.332541
-0.058452
0.0226405
0.013798
0.370529
0.135873
0.121563
0.0625329
0.298253
-0.0159604
-0.0311739
-0.00757367
0.41227
0.00215129
-0.0588676
-0.00066455
0.253681
0.0182789
0.033355
0.0151153
0.405628
0.0229659
0.0675031
-0.000682038
0.331805
-0.140118
0.155336
0.0685614
0.426485
-0.011293
-0.000138196
0.00694263
0.310963
0.0581846
0.0889696
-0.0802165
0.359821
0.0490648
0.155508
0.0547664
