Vec Object: 1 MPI process
  type: seq
0.
0.
0.
-0.122724
0.
0.
0.
0.0905317
0.15505
-0.167933
0.
-0.105331
0.168271
-0.177575
0.
-0.089933
0.192374
0.200538
0.
-0.0686081
0.169744
0.169493
0.
-0.107653
0.384861
0.0126014
0.
0.0130467
0.374278
0.0110242
0.
0.00638858
0.388641
-0.0189219
0.
0.00613459
0.392229
-0.0223497
0.
0.0213163
0.
0.
0.
-0.0497442
0.
0.
0.
-0.12311
0.298487
-0.0536654
0.
-0.0176629
0.322612
0.0853293
0.
-0.000621103
0.304133
-0.0495761
0.
0.000334105
0.325274
0.116835
0.
0.018716
0.32923
0.0647444
0.
0.0126853
0.324619
-0.104116
0.
0.0126401
0.299882
0.0453764
0.
-0.0280974
0.321734
-0.0620161
0.
-0.0070433
0.
0.
0.
-0.119799
0.
0.
0.
-0.0516899
0.
0.
0.
0.0617623
0.
0.
0.
0.0580473
0.
0.
0.
-0.104232
0.
0.
0.
-0.123594
0.
0.
0.
-0.103222
0.
0.
0.
0.146257
0.
0.
0.
0.105024
0.
0.
0.
0.0540449
0.
0.
0.
-0.108182
0.
0.
0.
0.0439592
0.
0.
0.
0.00212126
0.
0.
0.
-0.0125691
0.
0.
0.
0.285146
0.
0.
0.
0.177957
0.
0.
0.
0.083279
0.
0.
0.
-0.00298713
1.
0.
0.
0.0515152
0.402328
-0.00856291
-0.00112868
-0.000468038
0.375715
0.
-0.00193875
-0.00273984
0.276975
0.
-0.000277763
-0.026701
0.338274
0.
0.0127894
0.0709626
0.379873
0.
0.00257597
-0.0110496
0.279545
0.
0.00946834
-0.0317573
0.342412
0.
-0.00780138
0.0939914
0.346891
0.0123928
0.
0.100522
0.378708
0.020535
0.
-0.00050484
0.264612
0.0247142
0.
-0.031931
0.321765
-0.00281616
0.
0.091885
0.383665
0.0111798
0.
-0.00321639
0.271394
0.01224
0.
-0.0373598
0.243481
0.0128794
-0.0472825
-0.0270608
0.248106
-0.0202639
0.0207632
-0.050783
0.345853
-0.0314181
-0.0383564
0.027856
0.426266
-0.0954763
-0.119483
0.176274
0.363342
0.0909726
-0.120109
0.130861
0.313171
0.0169734
0.0263866
0.0613435
0.351327
0.0896689
0.0705891
0.153858
0.251469
-0.00937645
-0.026629
-0.0107727
0.369753
0.000805705
-0.0278224
0.0301956
0.257744
0.0138435
0.0268391
-0.0276213
0.331135
-0.0107471
0.0247255
0.0368544
0.309605
-0.0802136
0.112895
0.137164
0.36067
-0.00231144
-0.0123798
0.0541359
0.282741
-0.0459038
0.0417819
-0.0191247
0.334279
0.0203709
0.115877
0.143845
