Vec Object: 1 MPI process
  type: seq
0.
0.
0.
-0.119198
0.
0.
0.
0.120577
0.15205
-0.168308
0.
-0.116302
0.166387
-0.177667
0.
-0.097935
0.193877
0.199039
0.
-0.0703017
0.167003
0.170798
0.
-0.120049
0.383307
0.0142914
0.
0.019486
0.373465
0.0121627
0.
0.00962228
0.387821
-0.0189274
0.
0.00870435
0.390328
-0.0242417
0.
0.0281578
0.
0.
0.
-0.0546105
0.
0.
0.
-0.138209
0.293958
-0.0522236
0.
-0.0169481
0.323398
0.0834778
0.
-0.00530016
0.299963
-0.0485372
0.
0.00402534
0.326015
0.116211
0.
0.0143224
0.324723
0.0622344
0.
0.0167184
0.325207
-0.102782
0.
0.0077606
0.295283
0.046441
0.
-0.0298704
0.322282
-0.0608989
0.
-0.0126806
0.
0.
0.
-0.10137
0.
0.
0.
-0.06312
0.
0.
0.
0.0947239
0.
0.
0.
0.0441268
0.
0.
0.
-0.116068
0.
0.
0.
-0.099017
0.
0.
0.
-0.0544667
0.
0.
0.
0.194095
0.
0.
0.
0.156655
0.
0.
0.
0.0906192
0.
0.
0.
-0.0695404
0.
0.
0.
0.0567635
0.
0.
0.
0.0429976
0.
0.
0.
-0.0119694
0.
0.
0.
0.337279
0.
0.
0.
0.235545
0.
0.
0.
0.125002
0.
0.
0.
-0.00580198
1.
0.
0.
0.053381
0.403038
-0.00860033
-0.00131537
0.0046371
0.375435
0.
-0.00143853
-0.00352037
0.278832
0.
0.000319514
-0.0337349
0.349327
0.
0.0110163
0.079475
0.380772
0.
0.00188275
-0.0119531
0.281273
0.
0.00827
-0.0401208
0.35056
0.
-0.00814934
0.106263
0.35932
0.0102899
0.
0.115138
0.378813
0.0208664
0.
-0.00133021
0.26681
0.0252045
0.
-0.0392989
0.332785
-0.00353485
0.
0.106958
0.384419
0.00998569
0.
-0.00399223
0.273214
0.0107521
0.
-0.0464662
0.242148
0.00977413
-0.0436399
-0.0343466
0.247781
-0.018024
0.0189648
-0.0624861
0.337323
-0.0333364
-0.0307592
0.0355921
0.429019
-0.0809167
-0.109502
0.195057
0.36827
0.0773578
-0.109406
0.148233
0.299164
0.0259152
0.0246124
0.0734629
0.349839
0.0781604
0.0631319
0.176003
0.243953
-0.00643946
-0.0254305
-0.0116074
0.35565
0.000357505
-0.0220597
0.0385705
0.256949
0.00967458
0.0245907
-0.0366329
0.31812
-0.0149216
0.0201738
0.0478897
0.310157
-0.0686395
0.103988
0.154197
0.346954
-0.000245343
-0.0130556
0.0667365
0.264349
-0.0538309
0.0338652
0.0109076
0.332812
0.0146088
0.105912
0.16714
