Vec Object: 1 MPI process
  type: seq
0.
0.
0.
-0.0738573
0.
0.
0.
0.0204564
0.171185
-0.168514
0.
-0.0440084
0.176854
-0.180669
0.
-0.0478129
0.190395
0.208281
0.
-0.0399165
0.183894
0.163583
0.
-0.0338498
0.390249
0.0084596
0.
-0.00128272
0.377446
0.00647257
0.
0.0100254
0.393633
-0.0223647
0.
0.00907907
0.400008
-0.0158815
0.
0.00209692
0.
0.
0.
-0.0171198
0.
0.
0.
-0.0539205
0.328545
-0.0584715
0.
-0.0107176
0.315334
0.0905446
0.
0.00271638
0.333929
-0.0496124
0.
-0.0155313
0.320783
0.107813
0.
0.0142144
0.361037
0.0764034
0.
-0.00540874
0.321435
-0.100754
0.
0.0111103
0.326624
0.0347834
0.
-0.00827753
0.320985
-0.0614483
0.
-0.00381624
0.
0.
0.
-0.0968404
0.
0.
0.
0.0297225
0.
0.
0.
-0.0104925
0.
0.
0.
0.154697
0.
0.
0.
-0.0389044
0.
0.
0.
-0.130063
0.
0.
0.
-0.232383
0.
0.
0.
-0.0184229
0.
0.
0.
-0.072003
0.
0.
0.
-0.0370136
0.
0.
0.
-0.13043
0.
0.
0.
0.0409604
0.
0.
0.
-0.0920058
0.
0.
0.
0.0172744
0.
0.
0.
0.0460226
0.
0.
0.
-0.0480087
0.
0.
0.
-0.00928746
0.
0.
0.
0.00988591
1.
0.
0.
0.0293777
0.387852
-0.00755659
0.000515129
-0.000351074
0.38398
0.
-0.00496994
-0.00598894
0.264038
0.
-0.0051735
-0.0054689
0.26401
0.
0.0261465
0.030866
0.374973
0.
0.00590306
-0.00923198
0.263202
0.
0.0182626
0.000762153
0.280911
0.
-0.00284069
0.0290768
0.256426
0.0258396
0.
0.0267074
0.38521
0.016803
0.
-0.00360145
0.251275
0.0144782
0.
-0.00943115
0.238057
0.0107958
0.
0.0280008
0.381503
0.0170536
0.
-0.0036586
0.259333
0.0185256
0.
-0.00445492
0.253668
0.0282051
-0.0521971
0.000610509
0.248626
-0.0216877
0.0198947
-0.000821689
0.371631
-0.0201661
-0.103765
-0.00607363
0.440233
-0.179546
-0.1814
0.0790455
0.369646
0.170196
-0.188772
0.0471698
0.324364
-0.066246
0.0207327
0.0102106
0.374431
0.138627
0.127796
0.0553514
0.304815
-0.015802
-0.031699
-0.00824784
0.411891
0.00217009
-0.0603546
-0.00325202
0.2515
0.0150723
0.0335925
0.0182704
0.415981
0.0280594
0.0751048
-0.00304949
0.339304
-0.146355
0.159652
0.0629715
0.431808
-0.0112794
0.00151132
0.00401272
0.303612
0.0723786
0.0916301
-0.0774847
0.366784
0.0510805
0.157311
0.048586
