Vec Object: 1 MPI process
  type: seq
0.
0.
0.
-0.109486
0.
0.
0.
0.0348936
0.162726
-0.167193
0.
-0.0754581
0.172273
-0.178024
0.
-0.0699452
0.18977
0.203974
0.
-0.0582188
0.176863
0.16607
0.
-0.0728476
0.3876
0.00966268
0.
0.00382474
0.375235
0.00930907
0.
0.00607683
0.389911
-0.0202036
0.
0.00733896
0.396039
-0.0185755
0.
0.0100779
0.
0.
0.
-0.0327125
0.
0.
0.
-0.0821884
0.311088
-0.0563333
0.
-0.0167978
0.320123
0.0882556
0.
0.00369671
0.316046
-0.0511781
0.
-0.0093019
0.32322
0.114817
0.
0.0203851
0.342151
0.0710929
0.
0.00139631
0.323046
-0.10431
0.
0.0157441
0.311959
0.0411095
0.
-0.0199893
0.320404
-0.0629451
0.
-0.00180498
0.
0.
0.
-0.134227
0.
0.
0.
-0.0111588
0.
0.
0.
0.0017243
0.
0.
0.
0.109817
0.
0.
0.
-0.0665222
0.
0.
0.
-0.15409
0.
0.
0.
-0.197711
0.
0.
0.
0.0435968
0.
0.
0.
-0.00621182
0.
0.
0.
-0.0158513
0.
0.
0.
-0.163442
0.
0.
0.
0.0289713
0.
0.
0.
-0.0747876
0.
0.
0.
-0.0041228
0.
0.
0.
0.159172
0.
0.
0.
0.0470749
0.
0.
0.
0.00653485
0.
0.
0.
0.00637
1.
0.
0.
0.0450784
0.398282
-0.00837925
-0.000560622
-0.00359552
0.378345
0.
-0.00336282
-0.00347674
0.271221
0.
-0.00218471
-0.0148472
0.307534
0.
0.0181966
0.0510687
0.378521
0.
0.00440738
-0.0100953
0.273529
0.
0.0130815
-0.0151831
0.318114
0.
-0.00636738
0.0629582
0.310682
0.0184501
0.
0.0632254
0.380459
0.0189673
0.
-0.00117697
0.258065
0.0219243
0.
-0.0191823
0.289324
0.000994652
0.
0.0576387
0.383184
0.0143268
0.
-0.00279498
0.265944
0.0161977
0.
-0.0195508
0.247277
0.0206456
-0.0541993
-0.0102217
0.248584
-0.0248039
0.0235997
-0.0241789
0.364211
-0.0255384
-0.0641693
0.00992201
0.425106
-0.135284
-0.146435
0.128732
0.355871
0.128106
-0.150212
0.0876035
0.338416
-0.0174277
0.027622
0.033788
0.358334
0.117188
0.0943452
0.101703
0.273301
-0.0149354
-0.0292463
-0.00798821
0.399826
0.00174625
-0.045034
0.0121345
0.257762
0.0211874
0.0314473
-0.00441599
0.367131
0.00386002
0.0420201
0.0135452
0.3141
-0.111269
0.135513
0.0977447
0.396614
-0.00787396
-0.00758855
0.0253678
0.315191
-0.00461928
0.066702
-0.0711284
0.342223
0.0359425
0.139793
0.0910539
