Vec Object: 1 MPI process
  type: seq
0.
0.
0.
-0.0812047
0.
0.
0.
0.0190734
0.168989
-0.167767
0.
-0.0514188
0.175376
-0.179677
0.
-0.0538402
0.189597
0.207089
0.
-0.045129
0.182372
0.163808
0.
-0.042807
0.389547
0.00843602
0.
-0.000333474
0.3764
0.00761779
0.
0.00941033
0.392148
-0.0217641
0.
0.00933159
0.398962
-0.0163216
0.
0.00378398
0.
0.
0.
-0.0189691
0.
0.
0.
-0.0566833
0.323613
-0.0578037
0.
-0.0121815
0.316903
0.0898646
0.
0.00306879
0.328699
-0.0505097
0.
-0.0148032
0.321327
0.110025
0.
0.0160409
0.355627
0.0753905
0.
-0.00473101
0.32176
-0.101958
0.
0.0126277
0.322738
0.0363486
0.
-0.0107206
0.320314
-0.0620723
0.
-0.00303677
0.
0.
0.
-0.109174
0.
0.
0.
0.0234225
0.
0.
0.
-0.0131768
0.
0.
0.
0.151427
0.
0.
0.
-0.0405249
0.
0.
0.
-0.140209
0.
0.
0.
-0.231895
0.
0.
0.
-0.00977188
0.
0.
0.
-0.0634334
0.
0.
0.
-0.0381199
0.
0.
0.
-0.147782
0.
0.
0.
0.0366514
0.
0.
0.
-0.0956164
0.
0.
0.
0.0118527
0.
0.
0.
0.0694288
0.
0.
0.
-0.0319106
0.
0.
0.
-0.0126299
0.
0.
0.
0.0111378
1.
0.
0.
0.0342651
0.391405
-0.00792599
0.000134872
-0.00129355
0.382348
0.
-0.00460553
-0.0055315
0.265753
0.
-0.00429636
-0.00756229
0.276476
0.
0.02397
0.0358035
0.376508
0.
0.00566786
-0.009806
0.266258
0.
0.0168015
-0.00283712
0.291718
0.
-0.00415183
0.0370147
0.272094
0.0241178
0.
0.0345811
0.383768
0.0172998
0.
-0.00317006
0.252515
0.0171255
0.
-0.0113937
0.253496
0.00748311
0.
0.0342183
0.382425
0.0165735
0.
-0.00361555
0.260959
0.0184965
0.
-0.00765373
0.251941
0.026356
-0.054209
-0.000599613
0.248921
-0.0241668
0.0218917
-0.00528226
0.371986
-0.021089
-0.0932328
-0.00253246
0.434226
-0.169506
-0.171939
0.0905242
0.362234
0.160381
-0.178907
0.0556534
0.334536
-0.0555915
0.0232187
0.0150817
0.36937
0.134833
0.119476
0.0650363
0.296191
-0.016011
-0.0310233
-0.00740661
0.412092
0.00213825
-0.0581769
0.000211673
0.254239
0.0190531
0.0332805
0.0139359
0.402441
0.0213562
0.0651973
0.000171109
0.329743
-0.138036
0.153907
0.0704655
0.424575
-0.0112005
-0.000711566
0.00800422
0.312817
0.0532644
0.0877722
-0.0807752
0.357896
0.0482689
0.154729
0.0569585
