Vec Object: 1 MPI process
  type: seq
0.
0.
0.
-0.0769303
0.
0.
0.
0.01944
0.170124
-0.168107
0.
-0.0474641
0.176099
-0.180156
0.
-0.050751
0.189938
0.2077
0.
-0.0424427
0.183199
0.163631
0.
-0.0379568
0.389912
0.00840664
0.
-0.000862792
0.37688
0.00707749
0.
0.00981312
0.392863
-0.0220685
0.
0.00928698
0.399505
-0.016062
0.
0.0028719
0.
0.
0.
-0.0177371
0.
0.
0.
-0.0547765
0.326131
-0.0581296
0.
-0.0113691
0.316126
0.0901969
0.
0.00286963
0.331356
-0.0500946
0.
-0.0152868
0.321026
0.108912
0.
0.0150897
0.358388
0.0759553
0.
-0.00519576
0.321579
-0.101354
0.
0.0118475
0.324744
0.0355176
0.
-0.00935075
0.320596
-0.06177
0.
-0.00344217
0.
0.
0.
-0.102699
0.
0.
0.
0.0272605
0.
0.
0.
-0.0121722
0.
0.
0.
0.154284
0.
0.
0.
-0.0390183
0.
0.
0.
-0.13502
0.
0.
0.
-0.232858
0.
0.
0.
-0.0149445
0.
0.
0.
-0.0686768
0.
0.
0.
-0.0380355
0.
0.
0.
-0.139222
0.
0.
0.
0.0389763
0.
0.
0.
-0.0943427
0.
0.
0.
0.0147671
0.
0.
0.
0.0565668
0.
0.
0.
-0.0411586
0.
0.
0.
-0.0113663
0.
0.
0.
0.010713
1.
0.
0.
0.0317717
0.389647
-0.00775459
0.000319065
-0.000787246
0.38319
0.
-0.0048024
-0.00580695
0.264833
0.
-0.00473945
-0.00643198
0.270109
0.
0.0251018
0.0332058
0.375792
0.
0.00580894
-0.00956179
0.264699
0.
0.0175476
-0.000873313
0.286208
0.
-0.00352539
0.032748
0.264089
0.0250527
0.
0.0302873
0.384502
0.0170314
0.
-0.00343249
0.251787
0.0158391
0.
-0.0102997
0.2457
0.00912411
0.
0.0308325
0.382011
0.016851
0.
-0.00367527
0.260099
0.0185833
0.
-0.00589805
0.25287
0.0273039
-0.0532946
0.000174873
0.248836
-0.0230726
0.0209504
-0.00276629
0.37205
-0.0205562
-0.0987678
-0.00445825
0.437167
-0.174964
-0.176841
0.0843683
0.365673
0.165671
-0.184107
0.0510059
0.32984
-0.0615886
0.0219426
0.0123783
0.371933
0.136988
0.12395
0.0597395
0.300681
-0.0158951
-0.0313581
-0.00780317
0.412296
0.00216245
-0.0595482
-0.00165894
0.252952
0.0172281
0.0334392
0.0163902
0.409414
0.0248579
0.0702672
-0.00162069
0.334403
-0.142496
0.156974
0.0664137
0.428591
-0.0113455
0.000507098
0.00578163
0.308489
0.0637332
0.0901681
-0.0793606
0.362238
0.0499096
0.156297
0.0523435
