Vec Object: 1 MPI process
  type: seq
0.
0.
0.
-0.116458
0.
0.
0.
0.134178
0.150843
-0.168425
0.
-0.120445
0.165577
-0.177709
0.
-0.101058
0.194618
0.198332
0.
-0.070297
0.1659
0.171305
0.
-0.124791
0.382511
0.0151406
0.
0.0230463
0.372996
0.0127781
0.
0.0118249
0.387329
-0.0190872
0.
0.0108073
0.389404
-0.0251524
0.
0.0318022
0.
0.
0.
-0.0564884
0.
0.
0.
-0.144402
0.2921
-0.0516102
0.
-0.0168578
0.323712
0.0825352
0.
-0.00800302
0.29826
-0.0481057
0.
0.00519159
0.326325
0.115664
0.
0.0115919
0.32289
0.061247
0.
0.0179521
0.325454
-0.101956
0.
0.00484113
0.293359
0.0468259
0.
-0.0306221
0.322505
-0.0602749
0.
-0.0158877
0.
0.
0.
-0.0918956
0.
0.
0.
-0.0672263
0.
0.
0.
0.109709
0.
0.
0.
0.0393723
0.
0.
0.
-0.120544
0.
0.
0.
-0.0870157
0.
0.
0.
-0.0325166
0.
0.
0.
0.215085
0.
0.
0.
0.17925
0.
0.
0.
0.107056
0.
0.
0.
-0.0511513
0.
0.
0.
0.0629859
0.
0.
0.
0.0614197
0.
0.
0.
-0.0112696
0.
0.
0.
0.359501
0.
0.
0.
0.260445
0.
0.
0.
0.14397
0.
0.
0.
-0.00698046
1.
0.
0.
0.0544572
0.403184
-0.00860577
-0.00138516
0.00788145
0.375465
0.
-0.00123748
-0.00404207
0.279545
0.
0.00054855
-0.0374413
0.353822
0.
0.0103202
0.0832024
0.381277
0.
0.0016039
-0.0123722
0.281907
0.
0.00780252
-0.0443001
0.353778
0.
-0.0082586
0.111506
0.364294
0.00944614
0.
0.121252
0.379018
0.0209474
0.
-0.00187403
0.267669
0.0253144
0.
-0.0431366
0.337175
-0.00372904
0.
0.113619
0.384906
0.00950287
0.
-0.00435818
0.273918
0.010159
0.
-0.0509642
0.241575
0.00848473
-0.0420246
-0.037752
0.2476
-0.0170604
0.0181468
-0.0679233
0.333589
-0.034028
-0.0279328
0.0387201
0.430446
-0.0749737
-0.105373
0.203055
0.370525
0.0717897
-0.105053
0.15557
0.29288
0.0289684
0.0237217
0.0785902
0.349355
0.0732819
0.0602629
0.185563
0.240908
-0.00515178
-0.0248988
-0.0121179
0.349484
0.000165987
-0.019845
0.0421457
0.2565
0.00782802
0.0236032
-0.0407258
0.31278
-0.0164491
0.0185597
0.0525844
0.31064
-0.0638746
0.100249
0.161576
0.341281
0.000578316
-0.013151
0.07199
0.256029
-0.0560111
0.0308688
0.0246932
0.332364
0.0122626
0.10169
0.1773
