Vec Object: 1 MPI process
  type: seq
0.
0.
0.
-0.0755791
0.
0.
0.
0.0197798
0.170549
-0.16826
0.
-0.0460472
0.176392
-0.180354
0.
-0.0495774
0.190105
0.207932
0.
-0.0414292
0.183487
0.163597
0.
-0.0362547
0.390048
0.008418
0.
-0.00104025
0.377093
0.00684692
0.
0.00991895
0.39316
-0.0221857
0.
0.00922322
0.399707
-0.0159821
0.
0.00255185
0.
0.
0.
-0.017427
0.
0.
0.
-0.0543296
0.327092
-0.0582622
0.
-0.0110937
0.315816
0.0903314
0.
0.00280315
0.332379
-0.049912
0.
-0.0154095
0.320923
0.108478
0.
0.0147362
0.359443
0.0761442
0.
-0.00530658
0.321518
-0.101117
0.
0.0115518
0.325497
0.0352178
0.
-0.0088944
0.320737
-0.0616455
0.
-0.00359376
0.
0.
0.
-0.100309
0.
0.
0.
0.0283819
0.
0.
0.
-0.0115716
0.
0.
0.
0.154723
0.
0.
0.
-0.038822
0.
0.
0.
-0.133028
0.
0.
0.
-0.23282
0.
0.
0.
-0.0164931
0.
0.
0.
-0.0701899
0.
0.
0.
-0.0377239
0.
0.
0.
-0.135761
0.
0.
0.
0.0398054
0.
0.
0.
-0.0935242
0.
0.
0.
0.0158019
0.
0.
0.
0.0521572
0.
0.
0.
-0.0441167
0.
0.
0.
-0.0106193
0.
0.
0.
0.0104286
1.
0.
0.
0.0308157
0.388944
-0.00767975
0.000394817
-0.0006069
0.383507
0.
-0.00487163
-0.00588951
0.264505
0.
-0.00491106
-0.00603379
0.267678
0.
0.0255234
0.0322561
0.375482
0.
0.00585124
-0.00944205
0.264102
0.
0.0178322
-0.000190914
0.284099
0.
-0.00326317
0.0312345
0.261033
0.0253798
0.
0.0287982
0.384784
0.0169371
0.
-0.00350999
0.251561
0.0153127
0.
-0.00993213
0.242675
0.00977874
0.
0.029657
0.381822
0.0169391
0.
-0.00367783
0.259787
0.0185768
0.
-0.0052943
0.253201
0.0276616
-0.0528802
0.000380914
0.248769
-0.0225598
0.0205464
-0.00193703
0.371938
-0.0203871
-0.100799
-0.00513024
0.438363
-0.176869
-0.178675
0.0821792
0.367179
0.167541
-0.186006
0.0494058
0.32776
-0.0635823
0.0214555
0.0114627
0.372925
0.13769
0.12554
0.0579118
0.302351
-0.0158521
-0.0314909
-0.00797695
0.4122
0.00216735
-0.0599293
-0.00231854
0.2524
0.0164143
0.0334981
0.0171945
0.412046
0.0261554
0.0722012
-0.0022243
0.336307
-0.144084
0.158073
0.0649917
0.429948
-0.0113436
0.000928806
0.00503633
0.306615
0.0673632
0.0908504
-0.0786609
0.364005
0.0504263
0.156757
0.0507713
