Vec Object: 1 MPI process
  type: seq
0.
0.
0.
-0.0827905
0.
0.
0.
0.0191467
0.168615
-0.167675
0.
-0.0527705
0.175155
-0.179533
0.
-0.0548442
0.189516
0.20689
0.
-0.0460041
0.182082
0.163891
0.
-0.0444893
0.389426
0.00846316
0.
-0.000142133
0.376268
0.00777367
0.
0.00924454
0.391937
-0.0216657
0.
0.00930808
0.398783
-0.0164209
0.
0.00410245
0.
0.
0.
-0.0194986
0.
0.
0.
-0.0575411
0.322798
-0.0577044
0.
-0.0124689
0.317144
0.0897618
0.
0.00313818
0.327845
-0.0506239
0.
-0.0145968
0.321434
0.110377
0.
0.0163544
0.354735
0.0751855
0.
-0.00452469
0.321826
-0.102147
0.
0.0128794
0.322078
0.036631
0.
-0.0112148
0.320249
-0.0621623
0.
-0.00290564
0.
0.
0.
-0.111293
0.
0.
0.
0.0219046
0.
0.
0.
-0.0132895
0.
0.
0.
0.14999
0.
0.
0.
-0.0413231
0.
0.
0.
-0.141836
0.
0.
0.
-0.231224
0.
0.
0.
-0.00773108
0.
0.
0.
-0.0613178
0.
0.
0.
-0.0378867
0.
0.
0.
-0.150324
0.
0.
0.
0.0358788
0.
0.
0.
-0.095717
0.
0.
0.
0.0108547
0.
0.
0.
0.0739916
0.
0.
0.
-0.0284429
0.
0.
0.
-0.0127749
0.
0.
0.
0.0111693
1.
0.
0.
0.0350618
0.391947
-0.00797415
7.94617e-05
-0.00146528
0.382074
0.
-0.00453715
-0.00542564
0.266068
0.
-0.00415463
-0.00795371
0.278532
0.
0.0235972
0.0366778
0.376711
0.
0.00561299
-0.00986496
0.266759
0.
0.0165598
-0.00352177
0.293493
0.
-0.00433739
0.0384825
0.274678
0.0237935
0.
0.0360897
0.383532
0.017393
0.
-0.00306841
0.252788
0.0175146
0.
-0.0117865
0.255976
0.00697571
0.
0.0354102
0.382536
0.0164695
0.
-0.00358155
0.261249
0.0184368
0.
-0.00827328
0.251628
0.0260415
-0.0544456
-0.000929596
0.248926
-0.0244437
0.0221568
-0.00620114
0.371854
-0.0212899
-0.0913879
-0.00186182
0.43334
-0.167606
-0.170328
0.0926422
0.361282
0.158556
-0.177162
0.0572971
0.335799
-0.0534414
0.0236227
0.0160445
0.368556
0.134034
0.117948
0.0669078
0.294712
-0.0160408
-0.0309174
-0.00730542
0.411875
0.0021269
-0.0576207
0.00085771
0.254608
0.0195437
0.0332232
0.0130361
0.400167
0.0202013
0.0635662
0.000814564
0.328341
-0.136508
0.152861
0.0718791
0.423138
-0.0111087
-0.00113479
0.00881019
0.314001
0.0496404
0.0868187
-0.0810705
0.356581
0.0476574
0.15411
0.0586101
