Vec Object: 1 MPI process
  type: seq
0.
0.
0.
-0.0786973
0.
0.
0.
0.0191759
0.169626
-0.167946
0.
-0.0491721
0.175771
-0.179937
0.
-0.052116
0.18977
0.20743
0.
-0.0436272
0.182846
0.163694
0.
-0.0400359
0.389751
0.00840926
0.
-0.000640031
0.376654
0.00732784
0.
0.00965642
0.392535
-0.0219335
0.
0.00932867
0.399267
-0.016168
0.
0.0032623
0.
0.
0.
-0.0182069
0.
0.
0.
-0.0554848
0.325017
-0.0579816
0.
-0.0117133
0.316476
0.0900466
0.
0.00295406
0.330176
-0.0502898
0.
-0.0151017
0.321154
0.109409
0.
0.0155067
0.357165
0.075718
0.
-0.00502184
0.321655
-0.101624
0.
0.0121925
0.323862
0.0358775
0.
-0.00992669
0.320456
-0.0619082
0.
-0.00326353
0.
0.
0.
-0.105538
0.
0.
0.
0.0257223
0.
0.
0.
-0.0127287
0.
0.
0.
0.153321
0.
0.
0.
-0.0395062
0.
0.
0.
-0.137334
0.
0.
0.
-0.232629
0.
0.
0.
-0.0128605
0.
0.
0.
-0.0665911
0.
0.
0.
-0.0382132
0.
0.
0.
-0.143122
0.
0.
0.
0.0379672
0.
0.
0.
-0.0950739
0.
0.
0.
0.0135113
0.
0.
0.
0.062027
0.
0.
0.
-0.0373363
0.
0.
0.
-0.0120632
0.
0.
0.
0.0109605
1.
0.
0.
0.0328792
0.39044
-0.00783478
0.000235044
-0.00100597
0.382819
0.
-0.004718
-0.00569519
0.265229
0.
-0.00454228
-0.00691709
0.272929
0.
0.0246051
0.0343361
0.376126
0.
0.00575186
-0.00968193
0.265391
0.
0.0172175
-0.00171258
0.28865
0.
-0.00381303
0.0345843
0.267635
0.0246523
0.
0.0321183
0.384176
0.0171464
0.
-0.00332651
0.252086
0.0164246
0.
-0.010761
0.249174
0.00838434
0.
0.0322759
0.382208
0.0167365
0.
-0.00365786
0.260472
0.0185633
0.
-0.00664475
0.252467
0.0268876
-0.0537318
-0.000123991
0.248887
-0.0236015
0.0213888
-0.00381889
0.372086
-0.0207758
-0.0963526
-0.00363431
0.435829
-0.172629
-0.174686
0.087019
0.364059
0.163397
-0.181843
0.0529818
0.33206
-0.0590643
0.0225099
0.0135222
0.370791
0.136092
0.12202
0.061993
0.298711
-0.0159483
-0.031208
-0.00761451
0.41229
0.00215375
-0.0590072
-0.000855395
0.25355
0.0180923
0.033371
0.0153655
0.40634
0.0233235
0.0680207
-0.000864709
0.332281
-0.140573
0.155648
0.0681484
0.426894
-0.0113077
-1.37344e-05
0.00671624
0.31052
0.059254
0.0892138
-0.0800706
0.360265
0.0492323
0.155667
0.0542962
