Vec Object: 1 MPI process
  type: seq
0.
0.
0.
-0.0736826
0.
0.
0.
0.0205459
0.171258
-0.168545
0.
-0.0437795
0.17691
-0.180707
0.
-0.0476086
0.190432
0.208321
0.
-0.0397424
0.18394
0.163584
0.
-0.0335835
0.390272
0.00846636
0.
-0.00130891
0.377489
0.00642703
0.
0.0100335
0.39369
-0.0223858
0.
0.00905867
0.400042
-0.0158714
0.
0.00204623
0.
0.
0.
-0.0170962
0.
0.
0.
-0.0538923
0.328714
-0.0584965
0.
-0.0106771
0.315277
0.0905703
0.
0.00270749
0.33411
-0.0495758
0.
-0.0155406
0.320768
0.107735
0.
0.0141548
0.361222
0.0764315
0.
-0.00541577
0.321426
-0.100712
0.
0.0110596
0.326754
0.0347344
0.
-0.00821154
0.321017
-0.0614246
0.
-0.00384147
0.
0.
0.
-0.0964502
0.
0.
0.
0.0298514
0.
0.
0.
-0.010356
0.
0.
0.
0.154641
0.
0.
0.
-0.0389423
0.
0.
0.
-0.129724
0.
0.
0.
-0.232304
0.
0.
0.
-0.0186169
0.
0.
0.
-0.0721786
0.
0.
0.
-0.0369146
0.
0.
0.
-0.129807
0.
0.
0.
0.0410858
0.
0.
0.
-0.0918102
0.
0.
0.
0.0174381
0.
0.
0.
0.0453506
0.
0.
0.
-0.0484173
0.
0.
0.
-0.0091198
0.
0.
0.
0.00981481
1.
0.
0.
0.0292116
0.387723
-0.00754149
0.000529571
-0.000322735
0.384034
0.
-0.00498089
-0.00599848
0.263985
0.
-0.00520428
-0.00540616
0.263584
0.
0.0262177
0.030708
0.374911
0.
0.00590815
-0.00920526
0.263098
0.
0.0183127
0.000866593
0.280541
0.
-0.00278945
0.0288362
0.255892
0.0258903
0.
0.0264767
0.38526
0.016788
0.
-0.00361003
0.251247
0.0143781
0.
-0.0093772
0.237517
0.0109161
0.
0.0278175
0.381463
0.0170655
0.
-0.00365452
0.259282
0.0185165
0.
-0.00436313
0.253719
0.0282689
-0.0521138
0.00063139
0.248606
-0.0215789
0.019816
-0.000702682
0.371584
-0.020143
-0.104101
-0.00617746
0.440454
-0.179841
-0.181713
0.0786949
0.369947
0.170491
-0.189085
0.046924
0.323952
-0.0665272
0.0206502
0.0100756
0.374606
0.138727
0.128046
0.0550693
0.305097
-0.0157979
-0.0317239
-0.00827932
0.411843
0.00217003
-0.0603924
-0.00335535
0.25139
0.0149081
0.0336042
0.0183847
0.416434
0.0282757
0.0754401
-0.00313855
0.339661
-0.146608
0.159829
0.0627466
0.432009
-0.0112671
0.00157443
0.00390145
0.303253
0.0729218
0.091701
-0.0773406
0.367116
0.0511462
0.157365
0.0483463
