Vec Object: 1 MPI process
  type: seq
0.
0.
0.
-0.0756702
0.
0.
0.
0.0197524
0.170519
-0.168248
0.
-0.0461467
0.176371
-0.180339
0.
-0.0496612
0.190092
0.207915
0.
-0.0415013
0.183467
0.163598
0.
-0.0363735
0.390038
0.00841677
0.
-0.00102801
0.377077
0.00686385
0.
0.00991231
0.393138
-0.0221773
0.
0.00922863
0.399693
-0.0159875
0.
0.00257422
0.
0.
0.
-0.0174463
0.
0.
0.
-0.0543567
0.327023
-0.0582526
0.
-0.0111127
0.315839
0.0903216
0.
0.00280768
0.332305
-0.0499255
0.
-0.0154018
0.32093
0.10851
0.
0.0147613
0.359367
0.0761312
0.
-0.00529983
0.321522
-0.101134
0.
0.0115729
0.325443
0.0352389
0.
-0.00892576
0.320727
-0.0616546
0.
-0.00358303
0.
0.
0.
-0.100478
0.
0.
0.
0.028308
0.
0.
0.
-0.0116178
0.
0.
0.
0.154704
0.
0.
0.
-0.0388292
0.
0.
0.
-0.133169
0.
0.
0.
-0.23283
0.
0.
0.
-0.0163898
0.
0.
0.
-0.0700902
0.
0.
0.
-0.0377507
0.
0.
0.
-0.13601
0.
0.
0.
0.0397476
0.
0.
0.
-0.093588
0.
0.
0.
0.0157294
0.
0.
0.
0.0524632
0.
0.
0.
-0.0439155
0.
0.
0.
-0.0106766
0.
0.
0.
0.010451
1.
0.
0.
0.0308839
0.388995
-0.00768528
0.0003893
-0.000619514
0.383485
0.
-0.00486679
-0.00588405
0.264528
0.
-0.00489874
-0.00606161
0.267851
0.
0.0254935
0.0323232
0.375505
0.
0.00584843
-0.00945111
0.264145
0.
0.0178119
-0.000238364
0.284249
0.
-0.00328237
0.0313405
0.261251
0.025357
0.
0.0289019
0.384764
0.0169437
0.
-0.00350489
0.251576
0.015351
0.
-0.00995746
0.242892
0.00973145
0.
0.0297389
0.381836
0.0169331
0.
-0.00367805
0.259809
0.018578
0.
-0.00533619
0.253178
0.027636
-0.0529109
0.000367689
0.248775
-0.0225982
0.020576
-0.00199389
0.371949
-0.0203986
-0.100656
-0.00508343
0.438276
-0.176736
-0.178545
0.0823327
0.367068
0.16741
-0.185872
0.049517
0.327913
-0.0634457
0.0214901
0.0115259
0.372854
0.137642
0.125429
0.0580389
0.302233
-0.015855
-0.0314813
-0.00796429
0.41221
0.00216708
-0.0599047
-0.00227246
0.25244
0.0164745
0.0334938
0.0171395
0.411859
0.0260636
0.0720632
-0.00218266
0.336169
-0.143973
0.157996
0.0650911
0.429854
-0.0113448
0.000899573
0.00508778
0.306753
0.0671115
0.0908061
-0.0787132
0.363877
0.0503916
0.156727
0.0508803
