Vec Object: 1 MPI process
  type: seq
0.
0.
0.
-0.0946883
0.
0.
0.
0.0225335
0.166077
-0.167277
0.
-0.0623337
0.173827
-0.178724
0.
-0.061463
0.189322
0.205583
0.
-0.0516715
0.179939
0.164685
0.
-0.0565297
0.388627
0.00883048
0.
0.00134872
0.37564
0.00859532
0.
0.00786827
0.390805
-0.0210164
0.
0.0087341
0.397585
-0.0172366
0.
0.0064643
0.
0.
0.
-0.0243851
0.
0.
0.
-0.0660421
0.317495
-0.0571037
0.
-0.014504
0.318597
0.0891152
0.
0.0035688
0.322395
-0.0511227
0.
-0.0126997
0.3222
0.112557
0.
0.0183813
0.348972
0.0735874
0.
-0.00250952
0.322324
-0.103279
0.
0.014432
0.317641
0.0385954
0.
-0.0149184
0.320101
-0.0626463
0.
-0.00213628
0.
0.
0.
-0.124225
0.
0.
0.
0.00908585
0.
0.
0.
-0.0107428
0.
0.
0.
0.135419
0.
0.
0.
-0.0499751
0.
0.
0.
-0.150695
0.
0.
0.
-0.221949
0.
0.
0.
0.010279
0.
0.
0.
-0.0422017
0.
0.
0.
-0.0325806
0.
0.
0.
-0.162569
0.
0.
0.
0.0313036
0.
0.
0.
-0.0918229
0.
0.
0.
0.00397661
0.
0.
0.
0.108218
0.
0.
0.
-0.000141511
0.
0.
0.
-0.00953203
0.
0.
0.
0.0100922
1.
0.
0.
0.0399939
0.395146
-0.00821253
-0.000239186
-0.00259345
0.380311
0.
-0.00404316
-0.00459101
0.26829
0.
-0.0032475
-0.0107783
0.29179
0.
0.0211397
0.0427628
0.377744
0.
0.00515486
-0.010061
0.269937
0.
0.0149837
-0.00843625
0.304876
0.
-0.00537887
0.0488918
0.291278
0.0214885
0.
0.0472105
0.382046
0.0180652
0.
-0.00226137
0.25493
0.0197599
0.
-0.0147502
0.271583
0.0039658
0.
0.0443091
0.383006
0.0156357
0.
-0.00324263
0.263271
0.0177059
0.
-0.0128543
0.249573
0.0238269
-0.0551869
-0.00410392
0.248816
-0.0253757
0.0233635
-0.013331
0.369686
-0.0229279
-0.0790434
0.00299236
0.42852
-0.15394
-0.159653
0.107778
0.357005
0.145589
-0.165278
0.0695643
0.340592
-0.0377696
0.0259498
0.0232205
0.363542
0.127621
0.107433
0.080897
0.284967
-0.0159714
-0.0302175
-0.00711087
0.408508
0.00200842
-0.052821
0.00549315
0.256488
0.021505
0.0326845
0.00604611
0.385261
0.0126362
0.0532766
0.00574141
0.320543
-0.12573
0.145504
0.0823061
0.412337
-0.0100334
-0.00407427
0.0151325
0.318431
0.0247012
0.0788699
-0.0803068
0.349078
0.0429138
0.148811
0.071284
