Vec Object: 1 MPI process
  type: seq
0.
0.
0.
-0.0778337
0.
0.
0.
0.0192825
0.169863
-0.168021
0.
-0.0483538
0.175925
-0.18004
0.
-0.0514684
0.189846
0.207558
0.
-0.0430646
0.183016
0.163661
0.
-0.0390365
0.389828
0.00840593
0.
-0.000747908
0.376759
0.00721142
0.
0.00973514
0.392688
-0.0219974
0.
0.00931325
0.39938
-0.016116
0.
0.00307463
0.
0.
0.
-0.0179693
0.
0.
0.
-0.0551229
0.325545
-0.058051
0.
-0.0115469
0.316311
0.0901171
0.
0.00291316
0.330735
-0.0501995
0.
-0.0151952
0.321092
0.109174
0.
0.0153082
0.357745
0.075833
0.
-0.00511047
0.321618
-0.101497
0.
0.0120288
0.324281
0.0357053
0.
-0.0096475
0.320519
-0.0618435
0.
-0.0033485
0.
0.
0.
-0.104185
0.
0.
0.
0.0264834
0.
0.
0.
-0.0124852
0.
0.
0.
0.153838
0.
0.
0.
-0.0392397
0.
0.
0.
-0.136238
0.
0.
0.
-0.232775
0.
0.
0.
-0.013888
0.
0.
0.
-0.0676252
0.
0.
0.
-0.038155
0.
0.
0.
-0.141292
0.
0.
0.
0.0384509
0.
0.
0.
-0.0947583
0.
0.
0.
0.0141138
0.
0.
0.
0.0593923
0.
0.
0.
-0.0392013
0.
0.
0.
-0.0117576
0.
0.
0.
0.0108546
1.
0.
0.
0.0323546
0.390067
-0.00779764
0.000274368
-0.000901091
0.382995
0.
-0.00475856
-0.00575026
0.265039
0.
-0.00463552
-0.00668405
0.271592
0.
0.0248415
0.0337965
0.375971
0.
0.00577999
-0.00962744
0.265063
0.
0.017374
-0.00130852
0.287493
0.
-0.00367881
0.0337032
0.265954
0.0248449
0.
0.0312364
0.384331
0.0170912
0.
-0.00337885
0.25194
0.0161503
0.
-0.0105377
0.247532
0.0087324
0.
0.0315808
0.382117
0.0167924
0.
-0.00366799
0.260293
0.0185765
0.
-0.00628464
0.25266
0.0270853
-0.0535306
2.60317e-05
0.248866
-0.0233596
0.0211852
-0.00330775
0.372081
-0.0206685
-0.097505
-0.00403072
0.436457
-0.173752
-0.175711
0.0857476
0.364806
0.164489
-0.182924
0.0520291
0.331034
-0.0602882
0.022241
0.0129692
0.371331
0.136528
0.122946
0.0609067
0.299649
-0.015923
-0.0312787
-0.00770181
0.412309
0.00215827
-0.0592769
-0.00124133
0.253272
0.0176935
0.0334035
0.0158636
0.4078
0.0240544
0.0690857
-0.00123051
0.333275
-0.141495
0.156283
0.0673145
0.427715
-0.0113309
0.000237169
0.00626362
0.309578
0.0614111
0.0896877
-0.0797489
0.36119
0.0495634
0.155978
0.0533529
