Vec Object: 1 MPI process
  type: seq
0.
0.
0.
-0.120251
0.
0.
0.
0.114327
0.152636
-0.168241
0.
-0.114225
0.166769
-0.177645
0.
-0.0963891
0.193552
0.199355
0.
-0.0701351
0.167537
0.170547
0.
-0.117691
0.38365
0.0139215
0.
0.0180015
0.373658
0.0119029
0.
0.0087738
0.388019
-0.0188884
0.
0.00794985
0.390736
-0.0238379
0.
0.0266156
0.
0.
0.
-0.0537032
0.
0.
0.
-0.135261
0.294845
-0.0525167
0.
-0.0170615
0.323246
0.0838875
0.
-0.00418625
0.300777
-0.0487474
0.
0.00336774
0.325869
0.116409
0.
0.015418
0.325601
0.0627196
0.
0.0160149
0.32509
-0.103115
0.
0.00894895
0.296194
0.0462498
0.
-0.0295367
0.322175
-0.0611608
0.
-0.0113491
0.
0.
0.
-0.105517
0.
0.
0.
-0.0610481
0.
0.
0.
0.0878507
0.
0.
0.
0.0465893
0.
0.
0.
-0.11386
0.
0.
0.
-0.10437
0.
0.
0.
-0.0645659
0.
0.
0.
0.184337
0.
0.
0.
0.146138
0.
0.
0.
0.0830455
0.
0.
0.
-0.0778221
0.
0.
0.
0.0539751
0.
0.
0.
0.034519
0.
0.
0.
-0.0122246
0.
0.
0.
0.326832
0.
0.
0.
0.223902
0.
0.
0.
0.116308
0.
0.
0.
-0.00525961
1.
0.
0.
0.0529589
0.402936
-0.00859527
-0.00128039
0.00335599
0.375452
0.
-0.00153539
-0.00331267
0.278482
0.
0.000206828
-0.032158
0.347169
0.
0.0113552
0.0777449
0.380562
0.
0.00201746
-0.0117584
0.280955
0.
0.00849846
-0.0383027
0.348995
0.
-0.00808992
0.103805
0.356916
0.0106969
0.
0.112242
0.378751
0.0208157
0.
-0.00111257
0.266391
0.0251327
0.
-0.0376574
0.330659
-0.00342141
0.
0.103879
0.384228
0.0102183
0.
-0.00382233
0.272869
0.0110398
0.
-0.0444974
0.242415
0.0103881
-0.0443883
-0.0328281
0.247857
-0.0184765
0.0193403
-0.0600437
0.339059
-0.0329834
-0.0321685
0.0340689
0.428395
-0.0837621
-0.111467
0.191304
0.367237
0.0800214
-0.111492
0.144772
0.302061
0.0243296
0.0250062
0.0710313
0.350093
0.0804607
0.064541
0.171534
0.245414
-0.0070408
-0.0256761
-0.0114181
0.35852
0.000447898
-0.0231499
0.0368779
0.257138
0.010533
0.0250499
-0.0347855
0.320669
-0.0141535
0.0209959
0.0456625
0.309976
-0.0709123
0.105757
0.150751
0.349654
-0.000644537
-0.0129724
0.0642274
0.268172
-0.052573
0.0353494
0.0046059
0.333054
0.0157339
0.107903
0.16241
