Vec Object: 1 MPI process
  type: seq
0.
0.
0.
-0.0767178
0.
0.
0.
0.0194846
0.170188
-0.168129
0.
-0.0472488
0.176142
-0.180185
0.
-0.0505753
0.189961
0.207735
0.
-0.0422906
0.183243
0.163624
0.
-0.0376968
0.389932
0.00840753
0.
-0.000890193
0.376911
0.00704388
0.
0.0098307
0.392906
-0.022086
0.
0.00927908
0.399535
-0.0160494
0.
0.00282306
0.
0.
0.
-0.0176852
0.
0.
0.
-0.0547003
0.326275
-0.0581491
0.
-0.0113266
0.31608
0.0902167
0.
0.00285928
0.331509
-0.0500681
0.
-0.0153073
0.32101
0.108848
0.
0.0150365
0.358545
0.0759845
0.
-0.0052146
0.321569
-0.101319
0.
0.0118032
0.324857
0.0354722
0.
-0.0092801
0.320616
-0.0617517
0.
-0.00346501
0.
0.
0.
-0.102338
0.
0.
0.
0.0274402
0.
0.
0.
-0.012089
0.
0.
0.
0.154373
0.
0.
0.
-0.0389759
0.
0.
0.
-0.134721
0.
0.
0.
-0.232866
0.
0.
0.
-0.0151904
0.
0.
0.
-0.0689196
0.
0.
0.
-0.0379978
0.
0.
0.
-0.13871
0.
0.
0.
0.039103
0.
0.
0.
-0.0942308
0.
0.
0.
0.0149247
0.
0.
0.
0.0558897
0.
0.
0.
-0.0416207
0.
0.
0.
-0.0112625
0.
0.
0.
0.0106746
1.
0.
0.
0.0316287
0.389543
-0.00774373
0.000330198
-0.000759759
0.383238
0.
-0.00481296
-0.00582012
0.264783
0.
-0.00476501
-0.00637123
0.269746
0.
0.0251653
0.0330623
0.375747
0.
0.00581567
-0.00954484
0.26461
0.
0.0175902
-0.000768756
0.285892
0.
-0.00348703
0.0325174
0.263632
0.0251028
0.
0.0300593
0.384545
0.017017
0.
-0.00344492
0.251752
0.0157617
0.
-0.0102429
0.245249
0.00922104
0.
0.0306526
0.381983
0.0168648
0.
-0.0036764
0.260051
0.0185838
0.
-0.00580536
0.25292
0.0273574
-0.0532347
0.00020863
0.248827
-0.0229992
0.0208914
-0.00263765
0.372038
-0.0205297
-0.0990747
-0.00456107
0.437344
-0.175256
-0.177116
0.0840352
0.365892
0.165956
-0.184394
0.0507605
0.329538
-0.0618979
0.0218695
0.0122371
0.372081
0.137098
0.124193
0.0594594
0.300932
-0.0158884
-0.0313777
-0.00782863
0.412287
0.00216333
-0.0596103
-0.0017596
0.252872
0.0171104
0.0334479
0.0165152
0.409809
0.0250536
0.0705568
-0.00171383
0.334684
-0.142737
0.157141
0.0661967
0.4288
-0.0113472
0.000571861
0.00566664
0.308216
0.0642905
0.0902785
-0.0792607
0.362498
0.0499909
0.15637
0.0521018
