Vec Object: 1 MPI process
  type: seq
0.
0.
0.
-0.0976906
0.
0.
0.
0.0241799
0.165448
-0.16723
0.
-0.0647708
0.173529
-0.178564
0.
-0.0630642
0.189355
0.205271
0.
-0.0529864
0.179376
0.164926
0.
-0.0595971
0.388433
0.00896146
0.
0.00176741
0.37554
0.00875059
0.
0.00750191
0.390595
-0.0208595
0.
0.00850591
0.397293
-0.0174694
0.
0.00709955
0.
0.
0.
-0.0258529
0.
0.
0.
-0.0687488
0.316243
-0.0569645
0.
-0.0149928
0.318913
0.08896
0.
0.00364502
0.321134
-0.0511796
0.
-0.0121237
0.322395
0.113037
0.
0.0188333
0.347626
0.073146
0.
-0.00186781
0.322457
-0.103515
0.
0.0147565
0.316557
0.0390823
0.
-0.0158846
0.320125
-0.0627321
0.
-0.00199883
0.
0.
0.
-0.126817
0.
0.
0.
0.00543391
0.
0.
0.
-0.00918109
0.
0.
0.
0.130909
0.
0.
0.
-0.0527858
0.
0.
0.
-0.152125
0.
0.
0.
-0.218398
0.
0.
0.
0.0157786
0.
0.
0.
-0.036289
0.
0.
0.
-0.0302544
0.
0.
0.
-0.164088
0.
0.
0.
0.0304828
0.
0.
0.
-0.0896166
0.
0.
0.
0.00232314
0.
0.
0.
0.11739
0.
0.
0.
0.00798428
0.
0.
0.
-0.00752569
0.
0.
0.
0.00953851
1.
0.
0.
0.0410736
0.39582
-0.0082532
-0.000306002
-0.00284025
0.379908
0.
-0.00391594
-0.00437098
0.268848
0.
-0.00303669
-0.0115135
0.294887
0.
0.0205587
0.0443015
0.377927
0.
0.00502357
-0.010074
0.270663
0.
0.0146112
-0.00969215
0.307511
0.
-0.00559083
0.0515316
0.29513
0.0209086
0.
0.0501383
0.381714
0.0182369
0.
-0.00204765
0.255508
0.0202258
0.
-0.0155443
0.275138
0.00332865
0.
0.0466958
0.383066
0.015403
0.
-0.00314736
0.263777
0.0174569
0.
-0.0140652
0.249101
0.0232513
-0.055153
-0.00511432
0.248771
-0.0253945
0.0235133
-0.0152787
0.368852
-0.0233917
-0.0760999
0.00425395
0.427638
-0.150443
-0.157094
0.111664
0.356459
0.142299
-0.162375
0.0728326
0.340838
-0.0338136
0.0263897
0.0251259
0.362444
0.125805
0.104872
0.0846401
0.282665
-0.0158616
-0.0300422
-0.00719372
0.407205
0.00196815
-0.0514347
0.00669509
0.256815
0.021663
0.0324997
0.00414471
0.381725
0.0108724
0.0509612
0.00709652
0.319035
-0.123008
0.143641
0.0850794
0.409464
-0.009674
-0.00478344
0.0169051
0.31856
0.0187481
0.0766471
-0.0793045
0.34756
0.0416374
0.147257
0.0747661
