Vec Object: 1 MPI process
  type: seq
0.
0.
0.
-0.117005
0.
0.
0.
0.0483509
0.160379
-0.167326
0.
-0.0847082
0.171159
-0.177739
0.
-0.0759175
0.190387
0.20291
0.
-0.0621049
0.174669
0.167113
0.
-0.0839531
0.38686
0.0104105
0.
0.00598392
0.375026
0.00974534
0.
0.00531972
0.389507
-0.0196919
0.
0.00637849
0.394948
-0.0196272
0.
0.0129731
0.
0.
0.
-0.0386066
0.
0.
0.
-0.0948585
0.306973
-0.0556854
0.
-0.017753
0.320999
0.0875516
0.
0.00321843
0.312087
-0.0509058
0.
-0.00655554
0.323891
0.115929
0.
0.0209881
0.337862
0.0692036
0.
0.00466533
0.323547
-0.104664
0.
0.0158748
0.308139
0.0426734
0.
-0.0231348
0.320773
-0.062913
0.
-0.00234559
0.
0.
0.
-0.135209
0.
0.
0.
-0.0251497
0.
0.
0.
0.0159987
0.
0.
0.
0.0918034
0.
0.
0.
-0.0789425
0.
0.
0.
-0.150132
0.
0.
0.
-0.1738
0.
0.
0.
0.0718122
0.
0.
0.
0.0243863
0.
0.
0.
0.00151617
0.
0.
0.
-0.154069
0.
0.
0.
0.0305993
0.
0.
0.
-0.0560223
0.
0.
0.
-0.00835228
0.
0.
0.
0.196844
0.
0.
0.
0.0845574
0.
0.
0.
0.0249107
0.
0.
0.
0.00324402
1.
0.
0.
0.0476977
0.399909
-0.00845052
-0.000750922
-0.00364751
0.377258
0.
-0.00290038
-0.00290054
0.273148
0.
-0.00152886
-0.0179669
0.317564
0.
0.0163644
0.0570073
0.378901
0.
0.00384582
-0.0101882
0.275664
0.
0.0118728
-0.0199704
0.326296
0.
-0.00690202
0.0726291
0.322765
0.0164557
0.
0.0747006
0.379637
0.0195427
0.
-0.000617486
0.260215
0.0230476
0.
-0.0225831
0.300214
-0.00054272
0.
0.067645
0.383226
0.0133584
0.
-0.00266498
0.267735
0.014993
0.
-0.024558
0.245961
0.0183027
-0.0525764
-0.0151976
0.248448
-0.0237057
0.0231006
-0.0321492
0.359217
-0.0274352
-0.0550893
0.0150767
0.424358
-0.122559
-0.137776
0.143445
0.357088
0.116234
-0.14038
0.100744
0.332858
-0.00493924
0.0278774
0.0417186
0.35556
0.109101
0.0861758
0.117148
0.266003
-0.0136186
-0.0285041
-0.00894776
0.391734
0.00149989
-0.0394432
0.0171772
0.258107
0.019643
0.03025
-0.0118044
0.355427
-0.0013527
0.0356336
0.0198659
0.311532
-0.101413
0.12853
0.109298
0.385419
-0.00616812
-0.00955573
0.0335119
0.308113
-0.0210017
0.0583594
-0.0593719
0.338907
0.0310287
0.132753
0.10629
