Vec Object: 1 MPI process
  type: seq
0.
0.
0.
-0.113943
0.
0.
0.
0.0417831
0.161447
-0.16725
0.
-0.0805021
0.171675
-0.17785
0.
-0.0731879
0.190082
0.203389
0.
-0.0604087
0.175667
0.166635
0.
-0.0789477
0.387202
0.010055
0.
0.00494969
0.375123
0.00954504
0.
0.00559303
0.389678
-0.0199163
0.
0.00678822
0.395448
-0.0191386
0.
0.0116134
0.
0.
0.
-0.0359693
0.
0.
0.
-0.0890456
0.30881
-0.0559963
0.
-0.0173974
0.320616
0.087887
0.
0.00350831
0.313845
-0.0510575
0.
-0.00783548
0.323591
0.115474
0.
0.0208132
0.339768
0.070073
0.
0.00313796
0.323321
-0.104544
0.
0.0159117
0.309861
0.0419875
0.
-0.0217666
0.320596
-0.0629532
0.
-0.00200455
0.
0.
0.
-0.135388
0.
0.
0.
-0.0189004
0.
0.
0.
0.0089915
0.
0.
0.
0.0998505
0.
0.
0.
-0.0733164
0.
0.
0.
-0.15257
0.
0.
0.
-0.18531
0.
0.
0.
0.0585566
0.
0.
0.
0.0100086
0.
0.
0.
-0.0068974
0.
0.
0.
-0.159275
0.
0.
0.
0.0295168
0.
0.
0.
-0.0651738
0.
0.
0.
-0.00660133
0.
0.
0.
0.179573
0.
0.
0.
0.067152
0.
0.
0.
0.0158995
0.
0.
0.
0.00467078
1.
0.
0.
0.0465955
0.399218
-0.00842075
-0.000666746
-0.00370727
0.377722
0.
-0.00310822
-0.00313246
0.272288
0.
-0.00181851
-0.0165122
0.313088
0.
0.0171756
0.0542935
0.378735
0.
0.00410286
-0.0101298
0.274729
0.
0.0124105
-0.0177816
0.322673
0.
-0.00667135
0.0682549
0.317403
0.0173468
0.
0.0694759
0.379981
0.0192894
0.
-0.000841973
0.259249
0.0225707
0.
-0.0210006
0.295392
0.000108481
0.
0.0630381
0.383206
0.0138008
0.
-0.00269861
0.266931
0.0155476
0.
-0.0222463
0.246535
0.0193761
-0.0533884
-0.0128943
0.248508
-0.0242544
0.0233816
-0.0285046
0.36158
-0.0265754
-0.0590803
0.0126978
0.424553
-0.128293
-0.14166
0.136767
0.356376
0.121581
-0.144777
0.0947409
0.335708
-0.0104059
0.0278451
0.0380578
0.356741
0.112835
0.0897852
0.110056
0.269241
-0.0142702
-0.0288483
-0.0085023
0.395576
0.00161764
-0.0419694
0.0148366
0.257996
0.0204497
0.030824
-0.0084658
0.36066
0.000926963
0.0383993
0.0169007
0.312536
-0.105859
0.131701
0.103981
0.390503
-0.00695195
-0.00871643
0.0297204
0.311737
-0.0139921
0.0620944
-0.0652292
0.340292
0.0332539
0.136004
0.0992431
