Vec Object: 1 MPI process
  type: seq
0.
0.
0.
-0.0749193
0.
0.
0.
0.0200008
0.170777
-0.168347
0.
-0.0453048
0.176555
-0.180464
0.
-0.0489458
0.190203
0.208057
0.
-0.0408861
0.183636
0.163587
0.
-0.0353725
0.39012
0.00842946
0.
-0.00113038
0.377215
0.00671681
0.
0.00996442
0.393326
-0.0222493
0.
0.00917827
0.399816
-0.0159434
0.
0.00238546
0.
0.
0.
-0.0172954
0.
0.
0.
-0.0541481
0.327611
-0.0583357
0.
-0.0109538
0.315646
0.0904061
0.
0.00277013
0.332932
-0.0498082
0.
-0.0154617
0.320871
0.108242
0.
0.0145481
0.360012
0.0762403
0.
-0.00535185
0.321487
-0.100988
0.
0.0113933
0.325901
0.0350601
0.
-0.00866399
0.320821
-0.0615763
0.
-0.00367425
0.
0.
0.
-0.0990486
0.
0.
0.
0.028909
0.
0.
0.
-0.0112075
0.
0.
0.
0.154809
0.
0.
0.
-0.0388001
0.
0.
0.
-0.13196
0.
0.
0.
-0.232715
0.
0.
0.
-0.0172373
0.
0.
0.
-0.070901
0.
0.
0.
-0.037501
0.
0.
0.
-0.133866
0.
0.
0.
0.0402328
0.
0.
0.
-0.093018
0.
0.
0.
0.0163406
0.
0.
0.
0.0498934
0.
0.
0.
-0.0455853
0.
0.
0.
-0.0101686
0.
0.
0.
0.0102496
1.
0.
0.
0.0303007
0.388558
-0.00763716
0.000436976
-0.000513125
0.383677
0.
-0.00490761
-0.00592857
0.264334
0.
-0.00500433
-0.0058269
0.266367
0.
0.025748
0.0317534
0.375306
0.
0.00587141
-0.00937108
0.26378
0.
0.0179859
0.00016052
0.28296
0.
-0.003116
0.0304458
0.259386
0.0255488
0.
0.0280295
0.384936
0.016888
0.
-0.00354625
0.251451
0.0150201
0.
-0.00974564
0.241032
0.0101382
0.
0.0290492
0.381712
0.0169826
0.
-0.00367421
0.259622
0.0185642
0.
-0.00498435
0.253373
0.0278549
-0.0526436
0.000473636
0.248725
-0.0222616
0.0203191
-0.00151976
0.371848
-0.0203035
-0.101873
-0.00547733
0.439023
-0.177853
-0.179656
0.0810359
0.368034
0.168513
-0.187008
0.0485822
0.32658
-0.0645832
0.021195
0.0109971
0.373462
0.138041
0.126367
0.0569698
0.30324
-0.0158316
-0.0315641
-0.00807321
0.412111
0.00216899
-0.0601019
-0.00266091
0.252087
0.01595
0.0335308
0.0175979
0.413458
0.0268439
0.0732416
-0.0025311
0.337361
-0.144913
0.158648
0.0642526
0.430639
-0.0113291
0.00114475
0.00465687
0.305564
0.0692225
0.0911637
-0.0782553
0.364982
0.0506779
0.156974
0.049965
