Vec Object: 1 MPI process
  type: seq
0.
0.
0.
-0.0870142
0.
0.
0.
0.0197935
0.16768
-0.167486
0.
-0.0562237
0.174636
-0.179203
0.
-0.0573169
0.189377
0.206399
0.
-0.0481509
0.181324
0.164142
0.
-0.0488211
0.389129
0.00856411
0.
0.000368847
0.375987
0.00811977
0.
0.0087768
0.391462
-0.0214234
0.
0.00917416
0.398338
-0.0166947
0.
0.00493263
0.
0.
0.
-0.0210594
0.
0.
0.
-0.0601566
0.3208
-0.0574712
0.
-0.0132119
0.317714
0.0895161
0.
0.00331047
0.32577
-0.0508615
0.
-0.013991
0.321709
0.111223
0.
0.0171272
0.352553
0.0746363
0.
-0.00390138
0.322
-0.102595
0.
0.0134875
0.320435
0.037348
0.
-0.0125202
0.32014
-0.0623662
0.
-0.00259231
0.
0.
0.
-0.116418
0.
0.
0.
0.0176409
0.
0.
0.
-0.0130417
0.
0.
0.
0.14549
0.
0.
0.
-0.0439066
0.
0.
0.
-0.145597
0.
0.
0.
-0.228768
0.
0.
0.
-0.00192524
0.
0.
0.
-0.0552202
0.
0.
0.
-0.0366977
0.
0.
0.
-0.155909
0.
0.
0.
0.0340167
0.
0.
0.
-0.0952228
0.
0.
0.
0.00832117
0.
0.
0.
0.0859845
0.
0.
0.
-0.0189447
0.
0.
0.
-0.012467
0.
0.
0.
0.0110202
1.
0.
0.
0.0369794
0.39322
-0.00807827
-4.85164e-05
-0.00189449
0.381403
0.
-0.00436044
-0.00513677
0.266874
0.
-0.00380991
-0.008963
0.283554
0.
0.0226751
0.0388902
0.377156
0.
0.00546022
-0.00997303
0.267975
0.
0.0159663
-0.00528785
0.297821
0.
-0.00476109
0.0422424
0.280983
0.02296
0.
0.0400236
0.38296
0.017634
0.
-0.00278996
0.253528
0.0184164
0.
-0.0128236
0.261966
0.00578185
0.
0.0385321
0.38276
0.0161861
0.
-0.00347356
0.261986
0.0182282
0.
-0.00989159
0.250851
0.0252451
-0.0548912
-0.00191434
0.248908
-0.0249671
0.0227192
-0.00866171
0.371302
-0.0218413
-0.0867859
-0.000128387
0.431325
-0.162702
-0.16634
0.0980807
0.359285
0.153876
-0.172779
0.0616078
0.338314
-0.0478233
0.0245727
0.0185712
0.366604
0.131864
0.11408
0.0718166
0.291054
-0.0160779
-0.0306582
-0.0071315
0.411011
0.0020916
-0.0560392
0.00251875
0.255418
0.0205331
0.0330595
0.0106229
0.394566
0.0173482
0.0596108
0.00252067
0.325131
-0.132604
0.150196
0.0755585
0.419349
-0.0107962
-0.00221504
0.0109711
0.316371
0.0404259
0.0841496
-0.0813758
0.353541
0.046013
0.152367
0.0629929
