Vec Object: 1 MPI process
  type: seq
0.
0.
0.
-0.08889
0.
0.
0.
0.23163
0.145692
-0.166661
0.
-0.126998
0.16194
-0.176147
0.
-0.104617
0.203206
0.190368
0.
-0.0451709
0.161284
0.172334
0.
-0.135756
0.372931
0.0249309
0.
0.0745036
0.366328
0.0208088
0.
0.0518214
0.379172
-0.0249502
0.
0.0580162
0.379309
-0.0350008
0.
0.0824039
0.
0.
0.
-0.0775301
0.
0.
0.
-0.194194
0.279719
-0.0504865
0.
-0.0375413
0.325906
0.0725175
0.
-0.0448783
0.286941
-0.0488386
0.
-0.0114872
0.328718
0.106221
0.
-0.0283398
0.310867
0.0584008
0.
0.0034168
0.327403
-0.0908709
0.
-0.0358732
0.280018
0.0511777
0.
-0.0502338
0.323848
-0.0528959
0.
-0.0577171
0.
0.
0.
-0.0123865
0.
0.
0.
-0.0946378
0.
0.
0.
0.218663
0.
0.
0.
0.0151132
0.
0.
0.
-0.1528
0.
0.
0.
0.00922378
0.
0.
0.
0.12993
0.
0.
0.
0.364306
0.
0.
0.
0.338379
0.
0.
0.
0.224867
0.
0.
0.
0.0944568
0.
0.
0.
0.107171
0.
0.
0.
0.194645
0.
0.
0.
-0.0104105
0.
0.
0.
0.514549
0.
0.
0.
0.43518
0.
0.
0.
0.286328
0.
0.
0.
-0.0265739
1.
0.
0.
0.0838349
0.400883
-0.00826709
-0.00161925
0.0630472
0.378767
0.
4.11118e-05
-0.00955589
0.283636
0.
0.00180104
-0.0872496
0.380625
0.
0.00623433
0.111623
0.388231
0.
1.80652e-05
-0.0126281
0.28515
0.
0.00517794
-0.0958981
0.371295
0.
-0.00837199
0.150632
0.39314
0.00436527
0.
0.163613
0.383955
0.020438
0.
-0.00742483
0.272777
0.0244608
0.
-0.093007
0.362113
-0.00346814
0.
0.166169
0.392703
0.00671459
0.
-0.00412126
0.277923
0.00692297
0.
-0.104393
0.237142
0.000555026
-0.0303854
-0.0815117
0.245529
-0.0106226
0.0121351
-0.127004
0.306017
-0.0354597
-0.013468
0.0449456
0.442402
-0.0368326
-0.0779476
0.26412
0.386577
0.0359548
-0.077135
0.207331
0.245899
0.039714
0.0161995
0.104209
0.346546
0.0401109
0.0441956
0.254113
0.221252
0.0025988
-0.0208334
-0.0321472
0.304634
-0.000933133
-0.00797968
0.0575427
0.251882
-0.00390716
0.0165552
-0.0902405
0.277595
-0.0233315
0.011342
0.0725365
0.315671
-0.0326066
0.0749774
0.213456
0.303706
0.00536288
-0.0111451
0.0969999
0.193135
-0.0566008
0.0152275
0.124231
0.330013
-0.00257785
0.0729663
0.250944
