Vec Object: 1 MPI process
  type: seq
0.
0.
0.
-0.114345
0.
0.
0.
0.143249
0.150088
-0.168476
0.
-0.122905
0.165058
-0.177726
0.
-0.102934
0.195144
0.197836
0.
-0.069989
0.165211
0.171612
0.
-0.12765
0.381937
0.0157469
0.
0.0257118
0.372641
0.0132315
0.
0.0135921
0.386946
-0.0192552
0.
0.0126007
0.388753
-0.0257912
0.
0.0344939
0.
0.
0.
-0.0577129
0.
0.
0.
-0.148424
0.290904
-0.051227
0.
-0.0169677
0.323913
0.0818639
0.
-0.0100347
0.297166
-0.0478467
0.
0.00572595
0.326527
0.115209
0.
0.00949215
0.321714
0.0606434
0.
0.0185157
0.325617
-0.101326
0.
0.00262458
0.292109
0.0470703
0.
-0.0311895
0.322646
-0.0598161
0.
-0.0182784
0.
0.
0.
-0.0852751
0.
0.
0.
-0.0697251
0.
0.
0.
0.119725
0.
0.
0.
0.0365862
0.
0.
0.
-0.123341
0.
0.
0.
-0.0787717
0.
0.
0.
-0.0178726
0.
0.
0.
0.22894
0.
0.
0.
0.194144
0.
0.
0.
0.117994
0.
0.
0.
-0.038628
0.
0.
0.
0.0672229
0.
0.
0.
0.0736942
0.
0.
0.
-0.010735
0.
0.
0.
0.37402
0.
0.
0.
0.276792
0.
0.
0.
0.156671
0.
0.
0.
-0.00780551
1.
0.
0.
0.0553468
0.403226
-0.00860471
-0.00142705
0.0104317
0.375536
0.
-0.00110948
-0.00443762
0.279987
0.
0.000690727
-0.0401615
0.356688
0.
0.00988283
0.0856748
0.381655
0.
0.0014277
-0.0126391
0.282292
0.
0.00751036
-0.0473002
0.3558
0.
-0.00831736
0.11495
0.367443
0.00891048
0.
0.125217
0.379209
0.0209803
0.
-0.0022843
0.268207
0.0253549
0.
-0.0459363
0.339946
-0.00382264
0.
0.11806
0.385287
0.00919685
0.
-0.0045893
0.274356
0.00978629
0.
-0.0541689
0.241195
0.00765624
-0.0409552
-0.0401521
0.247467
-0.0164321
0.017601
-0.0716977
0.331121
-0.0344321
-0.0262053
0.0406413
0.431445
-0.0711673
-0.10271
0.208307
0.37203
0.06822
-0.102268
0.160349
0.288696
0.0307378
0.023105
0.0818763
0.349074
0.0701075
0.0584777
0.191848
0.23896
-0.00431077
-0.0245446
-0.012574
0.345415
4.23026e-05
-0.0184732
0.0444328
0.256173
0.00661504
0.0229518
-0.0435735
0.309348
-0.0173715
0.0175982
0.0555791
0.311017
-0.0608097
0.0978235
0.166429
0.337625
0.00109748
-0.0131557
0.0753282
0.250471
-0.0570945
0.029025
0.0339324
0.332113
0.0107633
0.0989434
0.184006
