Vec Object: 1 MPI process
  type: seq
0.
0.
0.
-0.0885463
0.
0.
0.
0.0201803
0.167355
-0.167432
0.
-0.057447
0.174465
-0.179098
0.
-0.0581668
0.189348
0.206231
0.
-0.0488829
0.181051
0.164242
0.
-0.0503629
0.389026
0.00860933
0.
0.000557283
0.375904
0.00822716
0.
0.00860015
0.391314
-0.0213401
0.
0.0091045
0.398184
-0.0167978
0.
0.00523267
0.
0.
0.
-0.0216746
0.
0.
0.
-0.0612165
0.320117
-0.057394
0.
-0.0134752
0.317903
0.0894333
0.
0.00336814
0.325067
-0.0509288
0.
-0.0137527
0.321808
0.111506
0.
0.0173906
0.35181
0.0744337
0.
-0.00365026
0.322064
-0.102743
0.
0.0136905
0.319865
0.0376002
0.
-0.0129939
0.320118
-0.0624301
0.
-0.00248993
0.
0.
0.
-0.118119
0.
0.
0.
0.0160171
0.
0.
0.
-0.0127701
0.
0.
0.
0.143657
0.
0.
0.
-0.0449857
0.
0.
0.
-0.146783
0.
0.
0.
-0.22765
0.
0.
0.
0.000327117
0.
0.
0.
-0.0528331
0.
0.
0.
-0.0360758
0.
0.
0.
-0.157572
0.
0.
0.
0.0334069
0.
0.
0.
-0.0947951
0.
0.
0.
0.00743368
0.
0.
0.
0.0903391
0.
0.
0.
-0.0153741
0.
0.
0.
-0.0121229
0.
0.
0.
0.0108962
1.
0.
0.
0.0376201
0.393636
-0.00810963
-8.98923e-05
-0.00204179
0.381175
0.
-0.00429728
-0.00502983
0.267159
0.
-0.00369293
-0.00932347
0.285264
0.
0.0223582
0.0396686
0.377291
0.
0.00540229
-0.00999938
0.268386
0.
0.0157633
-0.00591704
0.299291
0.
-0.00489659
0.0435755
0.283125
0.0226642
0.
0.0414417
0.382768
0.0177201
0.
-0.00268659
0.253801
0.0187086
0.
-0.013201
0.263982
0.00539035
0.
0.0396637
0.382823
0.0160804
0.
-0.00343002
0.262245
0.0181375
0.
-0.0104755
0.250584
0.0249632
-0.054998
-0.00230938
0.248894
-0.0250967
0.0228819
-0.00956761
0.371039
-0.0220486
-0.0851946
0.00049142
0.43069
-0.160953
-0.164966
0.100016
0.358711
0.152215
-0.171252
0.0631698
0.338979
-0.0458096
0.0248799
0.0194856
0.365952
0.131053
0.112726
0.0735965
0.289797
-0.0160753
-0.030569
-0.00709891
0.410604
0.00207702
-0.0554321
0.00311049
0.255665
0.0208014
0.0329939
0.00973394
0.392646
0.0163708
0.0582779
0.00314527
0.32411
-0.131223
0.149254
0.0768853
0.417972
-0.0106624
-0.00259444
0.0117706
0.316994
0.0372029
0.0831392
-0.0813272
0.352562
0.0454083
0.151699
0.0645998
