Vec Object: 1 MPI process
  type: seq
0.
0.
0.
-0.094698
0.
0.
0.
0.211393
0.146045
-0.16765
0.
-0.130663
0.162143
-0.177002
0.
-0.108382
0.200615
0.192763
0.
-0.0560366
0.161547
0.172717
0.
-0.138535
0.375805
0.0220383
0.
0.0579145
0.368431
0.0183355
0.
0.0382265
0.381894
-0.0227304
0.
0.0411691
0.382235
-0.0321454
0.
0.0662017
0.
0.
0.
-0.0703919
0.
0.
0.
-0.181067
0.282353
-0.0498587
0.
-0.0276947
0.325398
0.0752833
0.
-0.0334885
0.289352
-0.0476615
0.
-0.00185215
0.32813
0.109202
0.
-0.0158127
0.313402
0.058078
0.
0.0118485
0.326918
-0.0941665
0.
-0.0232966
0.282928
0.0496264
0.
-0.0420091
0.323588
-0.0550011
0.
-0.0450595
0.
0.
0.
-0.0300865
0.
0.
0.
-0.0874615
0.
0.
0.
0.195709
0.
0.
0.
0.0203338
0.
0.
0.
-0.144337
0.
0.
0.
-0.0120425
0.
0.
0.
0.0945292
0.
0.
0.
0.33246
0.
0.
0.
0.304712
0.
0.
0.
0.200164
0.
0.
0.
0.0618823
0.
0.
0.
0.0988909
0.
0.
0.
0.166455
0.
0.
0.
-0.00861006
0.
0.
0.
0.481097
0.
0.
0.
0.397845
0.
0.
0.
0.255059
0.
0.
0.
-0.0191421
1.
0.
0.
0.0720217
0.40198
-0.00841935
-0.00161649
0.0445695
0.377516
0.
-0.000223598
-0.00823299
0.282831
0.
0.00157805
-0.0714458
0.375716
0.
0.0070188
0.105024
0.386068
0.
0.000298561
-0.0133464
0.28457
0.
0.00565601
-0.0799458
0.368416
0.
-0.00844201
0.14152
0.387952
0.00533301
0.
0.154249
0.382265
0.0207153
0.
-0.00613646
0.271758
0.0248906
0.
-0.0774209
0.357744
-0.00375696
0.
0.153664
0.390182
0.00721389
0.
-0.00497176
0.277154
0.00746231
0.
-0.0881248
0.238178
0.00204331
-0.0329005
-0.0671302
0.246092
-0.0119383
0.0134387
-0.109419
0.312217
-0.0358231
-0.0159284
0.0475816
0.439747
-0.0446481
-0.0837014
0.249447
0.383283
0.043298
-0.082861
0.195804
0.256404
0.0388331
0.0179517
0.101408
0.347274
0.0471065
0.0471603
0.239069
0.225327
0.00131777
-0.0217629
-0.0235602
0.314564
-0.000759073
-0.0100489
0.0569018
0.253062
-0.00179469
0.0180773
-0.0743228
0.284992
-0.0224092
0.0124002
0.0717399
0.314572
-0.0391316
0.0803127
0.202417
0.311606
0.00446891
-0.0119307
0.0945075
0.207242
-0.0582315
0.0179049
0.103712
0.330625
0.000427108
0.0790313
0.234768
