Vec Object: 1 MPI process
  type: seq
0.
0.
0.
-0.119449
0.
0.
0.
0.119157
0.152182
-0.168294
0.
-0.11584
0.166473
-0.177662
0.
-0.0975897
0.193803
0.199111
0.
-0.0702729
0.167122
0.170742
0.
-0.119523
0.383386
0.0142064
0.
0.019141
0.37351
0.0121025
0.
0.0094209
0.387867
-0.0189167
0.
0.00852187
0.390421
-0.0241493
0.
0.0278009
0.
0.
0.
-0.0544077
0.
0.
0.
-0.137546
0.294158
-0.0522896
0.
-0.0169707
0.323364
0.0835721
0.
-0.00504031
0.300146
-0.0485844
0.
0.00388205
0.325982
0.116259
0.
0.0145799
0.32492
0.0623429
0.
0.0165656
0.325181
-0.10286
0.
0.00803878
0.295488
0.0463985
0.
-0.0297948
0.322258
-0.0609598
0.
-0.0123706
0.
0.
0.
-0.102324
0.
0.
0.
-0.0626608
0.
0.
0.
0.0931619
0.
0.
0.
0.0446694
0.
0.
0.
-0.115575
0.
0.
0.
-0.100242
0.
0.
0.
-0.0567596
0.
0.
0.
0.191886
0.
0.
0.
0.154275
0.
0.
0.
0.0889001
0.
0.
0.
-0.0714313
0.
0.
0.
0.0561257
0.
0.
0.
0.0410726
0.
0.
0.
-0.0120318
0.
0.
0.
0.33492
0.
0.
0.
0.232912
0.
0.
0.
0.123026
0.
0.
0.
-0.0056795
1.
0.
0.
0.0532819
0.403017
-0.00859931
-0.00130759
0.0043351
0.375437
0.
-0.00146026
-0.00347132
0.278754
0.
0.000294363
-0.0333704
0.348842
0.
0.0110922
0.0790832
0.380723
0.
0.00191296
-0.0119088
0.281202
0.
0.00832108
-0.0397029
0.350209
0.
-0.00813638
0.105708
0.358781
0.0103812
0.
0.114486
0.378797
0.0208556
0.
-0.00127888
0.266716
0.0251894
0.
-0.0389199
0.332309
-0.0035105
0.
0.10626
0.384374
0.0100379
0.
-0.00395356
0.273137
0.0108166
0.
-0.0460143
0.242208
0.00991233
-0.0438095
-0.034
0.247799
-0.0181262
0.0190501
-0.0619291
0.337716
-0.0332582
-0.0310727
0.0352505
0.428875
-0.0815561
-0.109944
0.19421
0.368035
0.0779564
-0.109874
0.147453
0.299821
0.0255659
0.0247028
0.0729147
0.349895
0.0786794
0.0634465
0.174992
0.244281
-0.00657555
-0.0254861
-0.0115626
0.3563
0.000377907
-0.022303
0.0381885
0.256993
0.00986906
0.0246946
-0.0362125
0.318693
-0.014751
0.0203557
0.0473873
0.310114
-0.0691507
0.104387
0.153418
0.347561
-0.000334796
-0.013039
0.0661717
0.265217
-0.0535604
0.0341959
0.00947413
0.332865
0.0148616
0.106361
0.166069
