Vec Object: 1 MPI process
  type: seq
0.
0.
0.
-0.0751979
0.
0.
0.
0.0199024
0.170679
-0.168309
0.
-0.0456232
0.176484
-0.180416
0.
-0.0492182
0.19016
0.208003
0.
-0.0411201
0.183573
0.16359
0.
-0.03575
0.390089
0.00842406
0.
-0.00109197
0.377162
0.00677343
0.
0.00994581
0.393254
-0.0222218
0.
0.00919856
0.399769
-0.0159597
0.
0.00245671
0.
0.
0.
-0.0173492
0.
0.
0.
-0.0542214
0.327387
-0.0583038
0.
-0.0110134
0.31572
0.0903737
0.
0.00278411
0.332693
-0.0498535
0.
-0.0154403
0.320893
0.108344
0.
0.014629
0.359766
0.0761993
0.
-0.00533354
0.3215
-0.101044
0.
0.0114616
0.325727
0.0351278
0.
-0.00876203
0.320784
-0.0616063
0.
-0.00363965
0.
0.
0.
-0.0995897
0.
0.
0.
0.0286882
0.
0.
0.
-0.0113678
0.
0.
0.
0.154785
0.
0.
0.
-0.0388024
0.
0.
0.
-0.13242
0.
0.
0.
-0.232767
0.
0.
0.
-0.0169239
0.
0.
0.
-0.070603
0.
0.
0.
-0.0376016
0.
0.
0.
-0.134685
0.
0.
0.
0.0400502
0.
0.
0.
-0.0932416
0.
0.
0.
0.0161099
0.
0.
0.
0.0508602
0.
0.
0.
-0.0449625
0.
0.
0.
-0.0103668
0.
0.
0.
0.0103289
1.
0.
0.
0.0305228
0.388725
-0.00765573
0.000418676
-0.000553267
0.383604
0.
-0.0048922
-0.0059122
0.264408
0.
-0.00496403
-0.00591546
0.266932
0.
0.0256514
0.0319695
0.375383
0.
0.00586294
-0.00940225
0.263919
0.
0.0179196
1.03717e-05
0.283451
0.
-0.00317999
0.0307837
0.260096
0.0254765
0.
0.0283582
0.384871
0.016909
0.
-0.00353109
0.251497
0.0151471
0.
-0.00982508
0.241741
0.00998258
0.
0.0293092
0.38176
0.0169642
0.
-0.00367621
0.259693
0.0185704
0.
-0.0051167
0.253299
0.0277714
-0.0527467
0.000435155
0.248745
-0.0223921
0.0204179
-0.0016972
0.371889
-0.0203389
-0.101412
-0.00532894
0.438737
-0.177433
-0.179234
0.0815259
0.367662
0.168097
-0.186578
0.0489341
0.327094
-0.064158
0.0213071
0.0111955
0.373231
0.137892
0.126013
0.0573724
0.302858
-0.0158402
-0.0315323
-0.00803154
0.412152
0.00216837
-0.0600303
-0.00251439
0.252223
0.0161524
0.0335166
0.0174265
0.412849
0.0265479
0.0727931
-0.00240037
0.336904
-0.144558
0.158402
0.0645691
0.430344
-0.0113365
0.00105262
0.00481867
0.306021
0.0684292
0.0910333
-0.0784325
0.364559
0.0505718
0.156883
0.0503093
