Vec Object: 1 MPI process
  type: seq
0.
0.
0.
-0.0920596
0.
0.
0.
0.0213664
0.166622
-0.167333
0.
-0.060236
0.174093
-0.178875
0.
-0.0600646
0.189317
0.205857
0.
-0.0505001
0.18042
0.164488
0.
-0.0538831
0.388796
0.00872822
0.
0.00100131
0.375742
0.00844787
0.
0.00818527
0.391008
-0.0211537
0.
0.00890931
0.39784
-0.0170434
0.
0.00592893
0.
0.
0.
-0.0231776
0.
0.
0.
-0.063863
0.318601
-0.0572256
0.
-0.0140685
0.318309
0.08925
0.
0.00348944
0.323516
-0.0510533
0.
-0.01317
0.322032
0.11212
0.
0.0179689
0.350167
0.0739575
0.
-0.00302463
0.322211
-0.103059
0.
0.0141279
0.318587
0.0381709
0.
-0.0140881
0.320096
-0.0625609
0.
-0.00227637
0.
0.
0.
-0.121746
0.
0.
0.
0.012137
0.
0.
0.
-0.011796
0.
0.
0.
0.139111
0.
0.
0.
-0.0477137
0.
0.
0.
-0.149183
0.
0.
0.
-0.224634
0.
0.
0.
0.00582521
0.
0.
0.
-0.0469731
0.
0.
0.
-0.0342759
0.
0.
0.
-0.160745
0.
0.
0.
0.0321363
0.
0.
0.
-0.0933416
0.
0.
0.
0.00544052
0.
0.
0.
0.100454
0.
0.
0.
-0.00686234
0.
0.
0.
-0.010881
0.
0.
0.
0.0104928
1.
0.
0.
0.0390102
0.394526
-0.00817229
-0.000177907
-0.00236482
0.380673
0.
-0.00415251
-0.00478073
0.267806
0.
-0.00343473
-0.0101508
0.289044
0.
0.0216538
0.0414367
0.377566
0.
0.00526394
-0.0100418
0.269288
0.
0.0153127
-0.00735443
0.302531
0.
-0.00518225
0.0466124
0.287853
0.0219916
0.
0.0447155
0.382347
0.017917
0.
-0.0024454
0.254439
0.0193294
0.
-0.0140776
0.268403
0.00455171
0.
0.0422911
0.382939
0.0158306
0.
-0.00332469
0.262832
0.0179035
0.
-0.0118247
0.249996
0.0243172
-0.0551502
-0.00329328
0.248852
-0.025299
0.0231881
-0.0116897
0.370323
-0.0225412
-0.0816434
0.00191406
0.429382
-0.156953
-0.161902
0.10444
0.35763
0.14843
-0.167818
0.0667911
0.340094
-0.0412114
0.0255214
0.0216023
0.364541
0.129131
0.109681
0.0777277
0.287004
-0.0160348
-0.0303679
-0.00707898
0.409496
0.00203988
-0.0539738
0.00446635
0.256165
0.0212707
0.0328271
0.00765287
0.388379
0.0142065
0.0553625
0.00460727
0.321979
-0.128083
0.147112
0.0799558
0.41478
-0.0103202
-0.0034473
0.0136571
0.318014
0.0299845
0.0807406
-0.0809069
0.350496
0.0439975
0.150091
0.0683641
