Vec Object: 1 MPI process
  type: seq
0.
0.
0.
-0.0750571
0.
0.
0.
0.0199512
0.170728
-0.168328
0.
-0.0454632
0.17652
-0.18044
0.
-0.0490816
0.190181
0.20803
0.
-0.0410027
0.183605
0.163588
0.
-0.0355601
0.390105
0.00842668
0.
-0.00111132
0.377188
0.00674513
0.
0.00995534
0.39329
-0.0222356
0.
0.00918855
0.399792
-0.0159515
0.
0.00242088
0.
0.
0.
-0.0173216
0.
0.
0.
-0.0541837
0.327499
-0.0583198
0.
-0.0109833
0.315683
0.0903899
0.
0.00277705
0.332813
-0.0498309
0.
-0.0154513
0.320882
0.108293
0.
0.0145884
0.359889
0.07622
0.
-0.00534295
0.321494
-0.101016
0.
0.0114273
0.325814
0.0350938
0.
-0.00871261
0.320803
-0.0615913
0.
-0.00365703
0.
0.
0.
-0.0993179
0.
0.
0.
0.0288002
0.
0.
0.
-0.011288
0.
0.
0.
0.154799
0.
0.
0.
-0.0387999
0.
0.
0.
-0.132189
0.
0.
0.
-0.232742
0.
0.
0.
-0.0170825
0.
0.
0.
-0.0707541
0.
0.
0.
-0.037552
0.
0.
0.
-0.134275
0.
0.
0.
0.0401421
0.
0.
0.
-0.0931304
0.
0.
0.
0.0162259
0.
0.
0.
0.0503735
0.
0.
0.
-0.0452769
0.
0.
0.
-0.0102681
0.
0.
0.
0.0102895
1.
0.
0.
0.0304114
0.388642
-0.00764645
0.000427831
-0.000533076
0.383641
0.
-0.00489995
-0.0059205
0.264371
0.
-0.00498422
-0.00587092
0.266648
0.
0.0256999
0.031861
0.375344
0.
0.00586723
-0.00938672
0.26385
0.
0.0179528
8.59477e-05
0.283205
0.
-0.003148
0.0306138
0.25974
0.0255129
0.
0.0281928
0.384904
0.0168985
0.
-0.00353879
0.251474
0.0150835
0.
-0.00978505
0.241386
0.0100605
0.
0.0291784
0.381736
0.0169735
0.
-0.00367529
0.259657
0.0185675
0.
-0.00505007
0.253336
0.0278133
-0.0526952
0.000454736
0.248735
-0.022327
0.0203685
-0.00160773
0.371869
-0.020321
-0.101644
-0.00540361
0.43888
-0.177644
-0.179445
0.0812795
0.367848
0.168306
-0.186794
0.048757
0.326837
-0.0643725
0.0212508
0.0110955
0.373347
0.137967
0.126191
0.0571698
0.30305
-0.0158358
-0.0315482
-0.00805241
0.412132
0.00216869
-0.0600667
-0.00258809
0.252155
0.0160513
0.0335237
0.017513
0.413155
0.0266966
0.0730181
-0.00246623
0.337133
-0.144737
0.158526
0.0644099
0.430493
-0.011333
0.00109902
0.00473717
0.305792
0.0688287
0.0910996
-0.078344
0.364771
0.0506255
0.15693
0.050136
