Vec Object: 1 MPI process
  type: seq
0.
0.
0.
-0.091807
0.
0.
0.
0.0212671
0.166674
-0.167339
0.
-0.0600354
0.174119
-0.178891
0.
-0.0599297
0.189318
0.205883
0.
-0.0503861
0.180466
0.164469
0.
-0.0536299
0.388812
0.00871899
0.
0.0009687
0.375753
0.008433
0.
0.00821548
0.391029
-0.021167
0.
0.00892488
0.397864
-0.0170252
0.
0.00587827
0.
0.
0.
-0.0230653
0.
0.
0.
-0.0636627
0.318708
-0.0572375
0.
-0.0140263
0.318281
0.089263
0.
0.00348127
0.323626
-0.0510456
0.
-0.0132136
0.322016
0.112077
0.
0.0179284
0.350283
0.0739924
0.
-0.00307196
0.322201
-0.103037
0.
0.0140977
0.318678
0.0381301
0.
-0.0140089
0.320096
-0.0625522
0.
-0.00229074
0.
0.
0.
-0.121497
0.
0.
0.
0.0124234
0.
0.
0.
-0.0118824
0.
0.
0.
0.139453
0.
0.
0.
-0.0475062
0.
0.
0.
-0.149025
0.
0.
0.
-0.224872
0.
0.
0.
0.00541337
0.
0.
0.
-0.0474134
0.
0.
0.
-0.0344229
0.
0.
0.
-0.160546
0.
0.
0.
0.0322217
0.
0.
0.
-0.0934679
0.
0.
0.
0.00558223
0.
0.
0.
0.0997179
0.
0.
0.
-0.00749108
0.
0.
0.
-0.0109915
0.
0.
0.
0.010527
1.
0.
0.
0.0389134
0.394465
-0.00816815
-0.000171841
-0.00234226
0.380708
0.
-0.00416295
-0.00479881
0.26776
0.
-0.00345293
-0.010091
0.288777
0.
0.0217036
0.0413098
0.377547
0.
0.00527416
-0.0100394
0.269225
0.
0.0153445
-0.00725098
0.302303
0.
-0.00516268
0.0463942
0.28752
0.0220398
0.
0.0444783
0.382376
0.0179028
0.
-0.00246292
0.254393
0.0192867
0.
-0.0140139
0.268093
0.00460968
0.
0.0421
0.382932
0.0158489
0.
-0.00333246
0.26279
0.0179215
0.
-0.0117269
0.250038
0.0243639
-0.0551433
-0.00321882
0.248856
-0.0252885
0.0231689
-0.0115346
0.370379
-0.0225049
-0.0818952
0.00181132
0.42947
-0.157241
-0.162119
0.104122
0.357698
0.148702
-0.168062
0.066528
0.340032
-0.0415417
0.025478
0.0214487
0.364639
0.129273
0.109898
0.0774273
0.287202
-0.0160394
-0.0303823
-0.00707798
0.409584
0.00204273
-0.0540818
0.00436849
0.256132
0.0212431
0.0328399
0.0078048
0.388682
0.0143592
0.0555667
0.00450036
0.322124
-0.128308
0.147266
0.0797329
0.415012
-0.0103464
-0.00338664
0.0135185
0.317959
0.0304967
0.0809169
-0.0809515
0.350637
0.0441003
0.15021
0.0680888
