Vec Object: 1 MPI process
  type: seq
0.
0.
0.
-0.0949612
0.
0.
0.
0.022669
0.16602
-0.167272
0.
-0.0625531
0.1738
-0.178709
0.
-0.0616081
0.189324
0.205554
0.
-0.0517918
0.179889
0.164707
0.
-0.0568062
0.388609
0.00884176
0.
0.00138574
0.375631
0.00860995
0.
0.00783512
0.390785
-0.0210022
0.
0.00871456
0.397558
-0.0172572
0.
0.00652089
0.
0.
0.
-0.0245146
0.
0.
0.
-0.0662784
0.317381
-0.057091
0.
-0.0145489
0.318626
0.0891012
0.
0.0035764
0.32228
-0.0511288
0.
-0.0126491
0.322218
0.112601
0.
0.0184232
0.348849
0.0735482
0.
-0.0024536
0.322336
-0.103301
0.
0.0144625
0.317543
0.0386395
0.
-0.0150054
0.320102
-0.0626546
0.
-0.00212274
0.
0.
0.
-0.124471
0.
0.
0.
0.00876138
0.
0.
0.
-0.010617
0.
0.
0.
0.135022
0.
0.
0.
-0.0502206
0.
0.
0.
-0.150838
0.
0.
0.
-0.221648
0.
0.
0.
0.0107599
0.
0.
0.
-0.0416854
0.
0.
0.
-0.0323867
0.
0.
0.
-0.162732
0.
0.
0.
0.0312231
0.
0.
0.
-0.0916435
0.
0.
0.
0.00382557
0.
0.
0.
0.109037
0.
0.
0.
0.000576265
0.
0.
0.
-0.00937063
0.
0.
0.
0.010046
1.
0.
0.
0.0400938
0.395209
-0.00821645
-0.000245381
-0.00261654
0.380274
0.
-0.00403171
-0.00457115
0.268341
0.
-0.00322823
-0.0108442
0.292072
0.
0.0210867
0.0429014
0.377762
0.
0.00514323
-0.0100626
0.270004
0.
0.0149497
-0.00854935
0.305117
0.
-0.00539864
0.0491298
0.29163
0.021436
0.
0.0474728
0.382016
0.0180807
0.
-0.00224209
0.254982
0.0198033
0.
-0.0148211
0.271909
0.0039066
0.
0.0445221
0.383012
0.015615
0.
-0.00323401
0.263317
0.0176843
0.
-0.0129627
0.249529
0.0237754
-0.0551871
-0.00419196
0.248812
-0.0253804
0.0233793
-0.0135046
0.369615
-0.0229691
-0.078775
0.00310552
0.428435
-0.153625
-0.159421
0.108128
0.356949
0.145292
-0.165015
0.0698565
0.340629
-0.0374113
0.0259919
0.0233909
0.36344
0.12746
0.1072
0.0812313
0.284757
-0.0159631
-0.0302018
-0.00711638
0.408397
0.00200496
-0.0526981
0.00560092
0.25652
0.0215241
0.0326687
0.00587636
0.384939
0.0124748
0.0530636
0.00586173
0.3204
-0.125484
0.145336
0.0825539
0.41208
-0.0100021
-0.004139
0.0152895
0.318458
0.0241569
0.0786717
-0.08023
0.348935
0.0427996
0.148674
0.0715935
