Vec Object: 1 MPI process
  type: seq
0.
0.
0.
-0.084101
0.
0.
0.
0.0192795
0.168317
-0.167609
0.
-0.0538602
0.174985
-0.179424
0.
-0.0556377
0.189462
0.206732
0.
-0.0466949
0.181845
0.163964
0.
-0.0458518
0.389331
0.00849039
0.
1.57244e-05
0.376171
0.00789044
0.
0.00910298
0.391778
-0.021588
0.
0.00927667
0.398641
-0.0165043
0.
0.0043618
0.
0.
0.
-0.0199606
0.
0.
0.
-0.058303
0.322156
-0.057628
0.
-0.0127026
0.317331
0.089682
0.
0.00319364
0.327175
-0.0507069
0.
-0.0144172
0.32152
0.110652
0.
0.0166027
0.354032
0.075016
0.
-0.00434239
0.32188
-0.102293
0.
0.0130768
0.321553
0.036858
0.
-0.0116207
0.320206
-0.0622306
0.
-0.00280319
0.
0.
0.
-0.112958
0.
0.
0.
0.0206154
0.
0.
0.
-0.0132943
0.
0.
0.
0.14869
0.
0.
0.
-0.0420583
0.
0.
0.
-0.143086
0.
0.
0.
-0.230563
0.
0.
0.
-0.00598934
0.
0.
0.
-0.0594989
0.
0.
0.
-0.0376029
0.
0.
0.
-0.152228
0.
0.
0.
0.0352716
0.
0.
0.
-0.0956765
0.
0.
0.
0.010052
0.
0.
0.
0.0777258
0.
0.
0.
-0.0255421
0.
0.
0.
-0.0127834
0.
0.
0.
0.0111564
1.
0.
0.
0.0356848
0.392365
-0.00800974
3.71124e-05
-0.00160247
0.381858
0.
-0.00448168
-0.00533701
0.266323
0.
-0.00404333
-0.00827082
0.28015
0.
0.0233017
0.0373788
0.376862
0.
0.00556664
-0.00990513
0.267152
0.
0.016369
-0.0040769
0.29489
0.
-0.00447835
0.0396679
0.276711
0.023531
0.
0.0373192
0.383347
0.0174687
0.
-0.00298312
0.253016
0.0178126
0.
-0.0121089
0.257917
0.00658386
0.
0.0363836
0.382615
0.0163826
0.
-0.00355037
0.261483
0.0183792
0.
-0.00877876
0.251379
0.0257896
-0.0546102
-0.0012188
0.248925
-0.024636
0.0223515
-0.00696094
0.371712
-0.0214582
-0.0899183
-0.00131768
0.432667
-0.166065
-0.169051
0.0943543
0.360588
0.157082
-0.175767
0.0586407
0.336699
-0.0516841
0.0239355
0.0168322
0.367921
0.133369
0.116721
0.0684376
0.29354
-0.016059
-0.0308341
-0.00723736
0.411649
0.00211672
-0.057145
0.00138032
0.254882
0.0198952
0.0331746
0.0122914
0.398369
0.0192859
0.0622861
0.00134355
0.327273
-0.135275
0.152019
0.0730296
0.421959
-0.0110214
-0.00147641
0.00947649
0.314848
0.0467206
0.0860096
-0.0812369
0.355574
0.04715
0.153584
0.0599681
