Vec Object: 1 MPI process
  type: seq
0.
0.
0.
-0.0806439
0.
0.
0.
0.0190719
0.169126
-0.167803
0.
-0.0509297
0.175459
-0.179731
0.
-0.0534711
0.18963
0.207162
0.
-0.0448073
0.182476
0.16378
0.
-0.0422008
0.389591
0.00842814
0.
-0.000401456
0.376452
0.00755812
0.
0.00946728
0.392228
-0.0218003
0.
0.0093356
0.399027
-0.0162869
0.
0.0036696
0.
0.
0.
-0.0187901
0.
0.
0.
-0.0563976
0.323913
-0.057841
0.
-0.0120784
0.316813
0.0899029
0.
0.00304366
0.329014
-0.0504652
0.
-0.0148731
0.321289
0.109894
0.
0.015926
0.355956
0.0754633
0.
-0.00480002
0.321737
-0.101887
0.
0.0125348
0.32298
0.0362463
0.
-0.0105446
0.320341
-0.0620381
0.
-0.00308525
0.
0.
0.
-0.108394
0.
0.
0.
0.0239479
0.
0.
0.
-0.0131069
0.
0.
0.
0.151894
0.
0.
0.
-0.0402692
0.
0.
0.
-0.139601
0.
0.
0.
-0.232095
0.
0.
0.
-0.010477
0.
0.
0.
-0.0641596
0.
0.
0.
-0.0381717
0.
0.
0.
-0.146814
0.
0.
0.
0.0369352
0.
0.
0.
-0.0955385
0.
0.
0.
0.012214
0.
0.
0.
0.0677975
0.
0.
0.
-0.0331285
0.
0.
0.
-0.012541
0.
0.
0.
0.0111129
1.
0.
0.
0.03397
0.391202
-0.00790739
0.000155775
-0.0012311
0.382449
0.
-0.00463015
-0.00556854
0.265639
0.
-0.00434873
-0.00742123
0.275718
0.
0.0241065
0.0354857
0.37643
0.
0.00568694
-0.00978193
0.266073
0.
0.0168905
-0.00259072
0.291063
0.
-0.00408149
0.0364845
0.271142
0.0242348
0.
0.03404
0.383855
0.0172662
0.
-0.00320555
0.252419
0.016979
0.
-0.0112537
0.252577
0.0076729
0.
0.0337913
0.382382
0.0166101
0.
-0.00362638
0.260853
0.0185147
0.
-0.00743175
0.252055
0.0264706
-0.0541142
-0.000488233
0.248916
-0.0240554
0.021789
-0.00495662
0.372021
-0.0210186
-0.0939063
-0.00277381
0.43456
-0.17019
-0.172529
0.0897595
0.362604
0.161039
-0.179542
0.0550652
0.334039
-0.0563595
0.0230683
0.0147375
0.369672
0.135114
0.120029
0.0643664
0.296733
-0.0159985
-0.0310625
-0.00744773
0.412153
0.00214199
-0.0583681
-2.14067e-05
0.254098
0.0188599
0.0333006
0.0142544
0.403277
0.0217795
0.0657998
-5.80879e-05
0.330272
-0.138589
0.154286
0.0699576
0.425087
-0.0112289
-0.000558857
0.00771828
0.312353
0.0545737
0.0881022
-0.0806444
0.358391
0.0484847
0.154943
0.05637
