Vec Object: 1 MPI process
  type: seq
0.
0.
0.
-0.113321
0.
0.
0.
0.0406687
0.161641
-0.167239
0.
-0.0797379
0.171766
-0.177873
0.
-0.0726949
0.190031
0.203477
0.
-0.060088
0.175848
0.166549
0.
-0.0780304
0.387263
0.00999323
0.
0.00477168
0.37514
0.00950929
0.
0.00565609
0.389711
-0.0199587
0.
0.00686854
0.395538
-0.0190517
0.
0.0113745
0.
0.
0.
-0.0354811
0.
0.
0.
-0.087996
0.30915
-0.0560497
0.
-0.0173184
0.320544
0.087945
0.
0.00354741
0.314172
-0.0510802
0.
-0.00806257
0.323536
0.115382
0.
0.0207629
0.340122
0.0702292
0.
0.00286733
0.323279
-0.104514
0.
0.0159005
0.310176
0.0418583
0.
-0.0215063
0.320566
-0.0629558
0.
-0.0019603
0.
0.
0.
-0.135309
0.
0.
0.
-0.0177422
0.
0.
0.
0.007809
0.
0.
0.
0.101342
0.
0.
0.
-0.0722872
0.
0.
0.
-0.152899
0.
0.
0.
-0.187289
0.
0.
0.
0.0562224
0.
0.
0.
0.00747697
0.
0.
0.
-0.00833572
0.
0.
0.
-0.160056
0.
0.
0.
0.0293812
0.
0.
0.
-0.0667286
0.
0.
0.
-0.00625179
0.
0.
0.
0.176459
0.
0.
0.
0.0640522
0.
0.
0.
0.0143769
0.
0.
0.
0.00493058
1.
0.
0.
0.0463798
0.399084
-0.00841493
-0.000651068
-0.00370248
0.377812
0.
-0.00314644
-0.0031803
0.272129
0.
-0.00187264
-0.0162549
0.31226
0.
0.0173268
0.053803
0.378704
0.
0.00414932
-0.0101224
0.274553
0.
0.0125102
-0.0173866
0.321998
0.
-0.00662733
0.0674562
0.316406
0.0175115
0.
0.0685275
0.380049
0.0192418
0.
-0.000888447
0.259072
0.0224782
0.
-0.02072
0.294494
0.000235056
0.
0.0622111
0.383202
0.0138809
0.
-0.00270948
0.266783
0.0156474
0.
-0.0218329
0.246643
0.0195698
-0.0535234
-0.0124822
0.248519
-0.0243459
0.0234235
-0.0278458
0.361993
-0.0264184
-0.0598297
0.0122721
0.424614
-0.129344
-0.142374
0.135551
0.356274
0.122562
-0.145588
0.0936548
0.336171
-0.0114374
0.0278247
0.0374028
0.35697
0.113504
0.0904595
0.10878
0.269843
-0.0143795
-0.0289097
-0.00842205
0.396246
0.00163804
-0.0424321
0.0144203
0.257968
0.0205786
0.0309232
-0.00785483
0.361626
0.00135698
0.0389258
0.0163786
0.312747
-0.106673
0.132277
0.103026
0.391429
-0.00709324
-0.00855403
0.0290471
0.312326
-0.0126405
0.0627844
-0.0662031
0.340565
0.0336601
0.136586
0.0979836
