Vec Object: 1 MPI process
  type: seq
0.
0.
0.
-0.105281
0.
0.
0.
0.0301236
0.163769
-0.167178
0.
-0.0713479
0.172753
-0.178202
0.
-0.0673115
0.189565
0.204461
0.
-0.0563049
0.177834
0.165618
0.
-0.0677994
0.38792
0.00937085
0.
0.00298664
0.375335
0.00911002
0.
0.006574
0.390136
-0.0204493
0.
0.00780364
0.396519
-0.0181352
0.
0.00889224
0.
0.
0.
-0.0300341
0.
0.
0.
-0.0767859
0.313012
-0.0565852
0.
-0.0161807
0.319687
0.0885352
0.
0.0037403
0.317928
-0.0512228
0.
-0.0104372
0.322909
0.114194
0.
0.0198815
0.344181
0.0719021
0.
6.41469e-05
0.32282
-0.104051
0.
0.0154567
0.313701
0.0403539
0.
-0.0184518
0.320271
-0.0628944
0.
-0.0017906
0.
0.
0.
-0.132164
0.
0.
0.
-0.00474483
0.
0.
0.
-0.00322263
0.
0.
0.
0.11804
0.
0.
0.
-0.0610594
0.
0.
0.
-0.154172
0.
0.
0.
-0.206608
0.
0.
0.
0.0322321
0.
0.
0.
-0.0185206
0.
0.
0.
-0.0221626
0.
0.
0.
-0.165057
0.
0.
0.
0.0291321
0.
0.
0.
-0.0814321
0.
0.
0.
-0.00181968
0.
0.
0.
0.142841
0.
0.
0.
0.0314354
0.
0.
0.
0.0001535
0.
0.
0.
0.00769163
1.
0.
0.
0.0436717
0.397419
-0.00833854
-0.000468556
-0.00337815
0.378907
0.
-0.00357389
-0.00380019
0.270325
0.
-0.00249944
-0.0135397
0.302829
0.
0.0190712
0.0484586
0.378323
0.
0.00465042
-0.0100855
0.272483
0.
0.0136513
-0.0130731
0.314203
0.
-0.00609333
0.0585959
0.304933
0.0193772
0.
0.0581572
0.380903
0.0186925
0.
-0.00149211
0.257084
0.0213295
0.
-0.0177522
0.284107
0.00181221
0.
0.0533451
0.383158
0.0147488
0.
-0.00291159
0.265121
0.0167067
0.
-0.0174071
0.247934
0.0216628
-0.054704
-0.00814862
0.248652
-0.0251396
0.0236647
-0.0207023
0.366164
-0.0246984
-0.0685703
0.00771243
0.425843
-0.141067
-0.150438
0.12217
0.355794
0.133511
-0.154783
0.0818538
0.339945
-0.0235081
0.0272769
0.0303974
0.359788
0.120612
0.0982544
0.0950285
0.276771
-0.0153739
-0.0295592
-0.00761749
0.402953
0.00184007
-0.0475309
0.0100035
0.257479
0.0215677
0.0318974
-0.0011029
0.372587
0.00642293
0.0452408
0.0109634
0.315709
-0.115742
0.138631
0.0927816
0.401586
-0.00859897
-0.00657364
0.021986
0.317182
0.00381163
0.0705252
-0.0749869
0.344052
0.0381405
0.14277
0.0846074
