Vec Object: 1 MPI process
  type: seq
0.
0.
0.
-0.08308
0.
0.
0.
0.0191706
0.168548
-0.16766
0.
-0.0530131
0.175117
-0.179508
0.
-0.055022
0.189503
0.206854
0.
-0.046159
0.182029
0.163906
0.
-0.0447922
0.389405
0.00846883
0.
-0.000107262
0.376245
0.00780033
0.
0.00921358
0.391901
-0.0216483
0.
0.00930201
0.398751
-0.0164392
0.
0.00415999
0.
0.
0.
-0.0195989
0.
0.
0.
-0.0577054
0.322654
-0.0576872
0.
-0.0125208
0.317186
0.0897438
0.
0.00315058
0.327695
-0.0506431
0.
-0.0145578
0.321453
0.110439
0.
0.01641
0.354577
0.0751481
0.
-0.00448531
0.321838
-0.10218
0.
0.0129238
0.321961
0.0366816
0.
-0.0113046
0.320239
-0.0621779
0.
-0.00288257
0.
0.
0.
-0.111668
0.
0.
0.
0.0216225
0.
0.
0.
-0.0132972
0.
0.
0.
0.149711
0.
0.
0.
-0.0414799
0.
0.
0.
-0.142119
0.
0.
0.
-0.231086
0.
0.
0.
-0.00735067
0.
0.
0.
-0.0609215
0.
0.
0.
-0.0378309
0.
0.
0.
-0.150759
0.
0.
0.
0.0357423
0.
0.
0.
-0.0957173
0.
0.
0.
0.0106758
0.
0.
0.
0.0748188
0.
0.
0.
-0.027805
0.
0.
0.
-0.0127852
0.
0.
0.
0.0111693
1.
0.
0.
0.035202
0.392042
-0.00798231
6.98616e-05
-0.00149593
0.382026
0.
-0.00452483
-0.00540614
0.266125
0.
-0.00412963
-0.0080242
0.278895
0.
0.0235311
0.0368341
0.376746
0.
0.00560283
-0.00987444
0.266848
0.
0.016517
-0.00364515
0.293807
0.
-0.00436941
0.0387463
0.275134
0.0237351
0.
0.0363624
0.38349
0.0174099
0.
-0.00304966
0.252838
0.0175821
0.
-0.0118578
0.256413
0.00688719
0.
0.035626
0.382554
0.0164503
0.
-0.00357488
0.261302
0.0184247
0.
-0.00838538
0.251573
0.0259853
-0.0544843
-0.000992218
0.248926
-0.0244889
0.0222016
-0.00636888
0.371825
-0.0213269
-0.0910593
-0.00174092
0.433188
-0.167264
-0.170042
0.0930231
0.361122
0.158228
-0.176851
0.0575948
0.336008
-0.0530518
0.0236934
0.016219
0.368413
0.133888
0.117675
0.0672468
0.29445
-0.0160453
-0.0308987
-0.00728921
0.411829
0.00212471
-0.0575168
0.000973934
0.254671
0.0196253
0.0332126
0.0128718
0.399764
0.0199963
0.0632785
0.000931564
0.328098
-0.136233
0.152674
0.0721344
0.422877
-0.0110902
-0.00121085
0.00895727
0.314197
0.0489899
0.0866415
-0.0811131
0.356353
0.0475455
0.153995
0.0589104
