Vec Object: 1 MPI process
  type: seq
0.
0.
0.
-0.122503
0.
0.
0.
0.0738645
0.156946
-0.167688
0.
-0.0980966
0.169365
-0.177569
0.
-0.0848743
0.191583
0.201394
0.
-0.0667035
0.171486
0.168651
0.
-0.0994584
0.385649
0.0117312
0.
0.0100773
0.374618
0.0104919
0.
0.0054654
0.388989
-0.019111
0.
0.00573906
0.393259
-0.0213158
0.
0.0179665
0.
0.
0.
-0.0462044
0.
0.
0.
-0.113313
0.301402
-0.0544743
0.
-0.0180017
0.322082
0.086245
0.
0.0012757
0.30684
-0.0501455
0.
-0.00217311
0.3248
0.116784
0.
0.0202037
0.332166
0.0663434
0.
0.00983028
0.324247
-0.104547
0.
0.0144531
0.302773
0.0445511
0.
-0.0266818
0.321387
-0.0624766
0.
-0.00472339
0.
0.
0.
-0.127911
0.
0.
0.
-0.0432142
0.
0.
0.
0.0435801
0.
0.
0.
0.0687023
0.
0.
0.
-0.0958861
0.
0.
0.
-0.135618
0.
0.
0.
-0.130655
0.
0.
0.
0.11831
0.
0.
0.
0.0747862
0.
0.
0.
0.0335146
0.
0.
0.
-0.127979
0.
0.
0.
0.0377657
0.
0.
0.
-0.0207246
0.
0.
0.
-0.0119125
0.
0.
0.
0.253323
0.
0.
0.
0.143576
0.
0.
0.
0.0601787
0.
0.
0.
-0.000992125
1.
0.
0.
0.0503926
0.401645
-0.00852849
-0.00100126
-0.00225802
0.376116
0.
-0.0022671
-0.0025866
0.275701
0.
-0.000689648
-0.02322
0.331147
0.
0.0139832
0.0658899
0.379471
0.
0.00302219
-0.0106262
0.2783
0.
0.0102757
-0.027301
0.336989
0.
-0.00752484
0.0864295
0.338716
0.0137742
0.
0.0913803
0.378886
0.0202381
0.
-0.000330841
0.26313
0.0242451
0.
-0.0282358
0.314486
-0.00217102
0.
0.082994
0.383414
0.0119455
0.
-0.0028833
0.27016
0.0132056
0.
-0.0324832
0.244318
0.0148164
-0.0493567
-0.0227837
0.248249
-0.0215841
0.0217389
-0.0440131
0.350864
-0.0300754
-0.0437588
0.0231356
0.425107
-0.104848
-0.125833
0.164649
0.360699
0.0997199
-0.127053
0.120115
0.321019
0.0101484
0.0271889
0.0540913
0.352557
0.0967059
0.0757213
0.140525
0.25639
-0.0110462
-0.0273273
-0.0102289
0.378026
0.00106976
-0.0317433
0.025292
0.258032
0.016179
0.0281419
-0.0221229
0.339501
-0.00774084
0.0281236
0.0304004
0.309796
-0.0875938
0.118438
0.126981
0.369356
-0.00365794
-0.0116249
0.0465101
0.292931
-0.0388054
0.0472758
-0.0354025
0.335565
0.0240767
0.12198
0.130025
