Vec Object: 1 MPI process
  type: seq
0.
0.
0.
-0.0825623
0.
0.
0.
0.0191301
0.168668
-0.167688
0.
-0.0525785
0.175186
-0.179553
0.
-0.0547029
0.189526
0.206918
0.
-0.045881
0.182123
0.163878
0.
-0.0442497
0.389443
0.00845884
0.
-0.000169618
0.376286
0.0077523
0.
0.00926879
0.391966
-0.0216795
0.
0.00931249
0.398808
-0.0164065
0.
0.00405699
0.
0.
0.
-0.0194204
0.
0.
0.
-0.0574133
0.322913
-0.0577182
0.
-0.0124279
0.317111
0.0897762
0.
0.00312835
0.327965
-0.0506085
0.
-0.0146272
0.321418
0.110328
0.
0.0163102
0.35486
0.075215
0.
-0.00455536
0.321816
-0.10212
0.
0.0128441
0.322171
0.0365909
0.
-0.0111439
0.320257
-0.0621499
0.
-0.002924
0.
0.
0.
-0.110996
0.
0.
0.
0.0221259
0.
0.
0.
-0.0132807
0.
0.
0.
0.150206
0.
0.
0.
-0.0412018
0.
0.
0.
-0.14161
0.
0.
0.
-0.23133
0.
0.
0.
-0.00802913
0.
0.
0.
-0.0616279
0.
0.
0.
-0.0379279
0.
0.
0.
-0.149975
0.
0.
0.
0.0359874
0.
0.
0.
-0.0957129
0.
0.
0.
0.0109964
0.
0.
0.
0.0733387
0.
0.
0.
-0.0289444
0.
0.
0.
-0.0127634
0.
0.
0.
0.0111681
1.
0.
0.
0.0349503
0.391872
-0.00796758
8.71316e-05
-0.00144098
0.382113
0.
-0.00454689
-0.00544097
0.266023
0.
-0.00417451
-0.00789798
0.278243
0.
0.0236498
0.0365539
0.376683
0.
0.00562097
-0.00985723
0.266689
0.
0.0165937
-0.00342422
0.293244
0.
-0.00431178
0.0382738
0.274315
0.0238396
0.
0.0358742
0.383565
0.0173798
0.
-0.00308315
0.252749
0.0174607
0.
-0.0117302
0.255629
0.00704631
0.
0.0352399
0.382521
0.0164845
0.
-0.00358672
0.261208
0.0184461
0.
-0.00818475
0.251673
0.026086
-0.0544143
-0.000880761
0.248926
-0.0244071
0.0221208
-0.00606897
0.371876
-0.0212608
-0.0916485
-0.00195739
0.433463
-0.167877
-0.170555
0.092341
0.361411
0.158816
-0.177409
0.057062
0.335629
-0.053749
0.0235664
0.0159067
0.36867
0.134149
0.118165
0.0666402
0.294921
-0.016037
-0.0309322
-0.00731866
0.411911
0.0021286
-0.0577021
0.000765781
0.254557
0.0194778
0.0332316
0.0131656
0.400487
0.020364
0.0637949
0.000722285
0.328535
-0.136725
0.15301
0.0716774
0.423344
-0.0111229
-0.0010746
0.00869431
0.313841
0.0501553
0.0869577
-0.0810345
0.356763
0.0477455
0.154201
0.0583732
