Vec Object: 1 MPI process
  type: seq
0.
0.
0.
-0.120356
0.
0.
0.
0.113654
0.1527
-0.168234
0.
-0.113995
0.166811
-0.177643
0.
-0.0962188
0.193517
0.199388
0.
-0.0701112
0.167596
0.17052
0.
-0.11743
0.383686
0.0138824
0.
0.0178468
0.373678
0.0118758
0.
0.00868826
0.388039
-0.0188854
0.
0.00787604
0.390779
-0.0237949
0.
0.026454
0.
0.
0.
-0.0536031
0.
0.
0.
-0.134939
0.294942
-0.0525486
0.
-0.0170756
0.32323
0.0839308
0.
-0.00407094
0.300866
-0.0487704
0.
0.00329298
0.325853
0.116429
0.
0.0155302
0.325697
0.062773
0.
0.0159346
0.325078
-0.103149
0.
0.0090713
0.296293
0.0462285
0.
-0.0295005
0.322164
-0.061188
0.
-0.0112109
0.
0.
0.
-0.105954
0.
0.
0.
-0.060817
0.
0.
0.
0.0871114
0.
0.
0.
0.0468661
0.
0.
0.
-0.113615
0.
0.
0.
-0.104939
0.
0.
0.
-0.0656539
0.
0.
0.
0.183282
0.
0.
0.
0.145
0.
0.
0.
0.0822293
0.
0.
0.
-0.0787067
0.
0.
0.
0.0536782
0.
0.
0.
0.0336058
0.
0.
0.
-0.0122489
0.
0.
0.
0.325697
0.
0.
0.
0.22264
0.
0.
0.
0.115373
0.
0.
0.
-0.00520057
1.
0.
0.
0.0529154
0.402924
-0.00859463
-0.00127651
0.00322543
0.375456
0.
-0.00154601
-0.00329161
0.278443
0.
0.000194386
-0.0319924
0.346933
0.
0.0113925
0.0775578
0.38054
0.
0.00203222
-0.0117375
0.28092
0.
0.00852362
-0.0381102
0.348823
0.
-0.00808315
0.103538
0.356653
0.0107416
0.
0.111926
0.378745
0.0208097
0.
-0.00109046
0.266345
0.0251241
0.
-0.0374847
0.330426
-0.0034082
0.
0.103547
0.384208
0.0102438
0.
-0.00380413
0.272831
0.0110714
0.
-0.0442885
0.242444
0.0104551
-0.0444692
-0.0326656
0.247865
-0.0185256
0.0193807
-0.059782
0.339247
-0.032944
-0.0323249
0.0339021
0.428329
-0.0840732
-0.111681
0.190896
0.367126
0.0803126
-0.11172
0.144396
0.302373
0.0241514
0.0250479
0.0707668
0.350122
0.0807108
0.0646965
0.171049
0.245573
-0.00710586
-0.0257026
-0.0113988
0.358831
0.000457716
-0.0232702
0.036694
0.257158
0.0106257
0.0250995
-0.0345869
0.320948
-0.014068
0.0210878
0.0454204
0.309958
-0.0711605
0.10595
0.150377
0.349949
-0.000688358
-0.0129619
0.0639539
0.268583
-0.052427
0.0355136
0.00392903
0.333082
0.015857
0.108119
0.161898
