Vec Object: 1 MPI process
  type: seq
0.
0.
0.
-0.122294
0.
0.
0.
0.0714565
0.157238
-0.167652
0.
-0.0969707
0.169527
-0.177574
0.
-0.084102
0.191469
0.201524
0.
-0.0663667
0.171755
0.168521
0.
-0.0981748
0.385761
0.0116074
0.
0.00967325
0.374662
0.0104192
0.
0.0053828
0.389036
-0.0191499
0.
0.00573615
0.393409
-0.0211643
0.
0.0174959
0.
0.
0.
-0.0456186
0.
0.
0.
-0.111778
0.301859
-0.0545902
0.
-0.018029
0.321997
0.0863721
0.
0.00150974
0.307266
-0.0502246
0.
-0.00255723
0.324725
0.116749
0.
0.0203599
0.332629
0.0665889
0.
0.00938528
0.324189
-0.104589
0.
0.0146609
0.303221
0.0444113
0.
-0.026432
0.321333
-0.0625329
0.
-0.004436
0.
0.
0.
-0.12891
0.
0.
0.
-0.0418143
0.
0.
0.
0.0409614
0.
0.
0.
0.0704775
0.
0.
0.
-0.0945348
0.
0.
0.
-0.137224
0.
0.
0.
-0.134656
0.
0.
0.
0.11415
0.
0.
0.
0.0702814
0.
0.
0.
0.0305287
0.
0.
0.
-0.130702
0.
0.
0.
0.0369486
0.
0.
0.
-0.0240382
0.
0.
0.
-0.0117317
0.
0.
0.
0.248472
0.
0.
0.
0.138399
0.
0.
0.
0.0568431
0.
0.
0.
-0.00066258
1.
0.
0.
0.050204
0.401523
-0.00852266
-0.000981009
-0.00245987
0.376193
0.
-0.00231886
-0.00258478
0.275496
0.
-0.00075598
-0.0227289
0.330032
0.
0.0141737
0.0651227
0.379416
0.
0.00309151
-0.0105726
0.278096
0.
0.0104042
-0.0266495
0.336129
0.
-0.00747825
0.0852669
0.337425
0.0139922
0.
0.0899712
0.378928
0.0201867
0.
-0.00032628
0.262894
0.0241615
0.
-0.0277113
0.313334
-0.00205707
0.
0.0816559
0.383387
0.0120643
0.
-0.00284502
0.269964
0.013356
0.
-0.0317717
0.24445
0.0151138
-0.0496594
-0.0221331
0.248268
-0.0217797
0.0218767
-0.0429917
0.351612
-0.0298608
-0.0446396
0.0224257
0.424972
-0.106312
-0.126822
0.16286
0.360328
0.101086
-0.128143
0.118467
0.322154
0.00900808
0.0272882
0.0530027
0.352771
0.097777
0.0765475
0.138504
0.257167
-0.011289
-0.0274315
-0.010135
0.379257
0.0011089
-0.032368
0.0245649
0.258062
0.0165152
0.0283344
-0.0212695
0.340809
-0.00724829
0.0286892
0.0294465
0.309869
-0.0887424
0.119291
0.125443
0.370703
-0.00386819
-0.0114852
0.0453628
0.294397
-0.0375524
0.0481597
-0.0377223
0.335794
0.0246547
0.122909
0.127946
