Vec Object: 1 MPI process
  type: seq
0.
0.
0.
-0.0786546
0.
0.
0.
0.0191802
0.169637
-0.16795
0.
-0.0491322
0.175778
-0.179942
0.
-0.0520847
0.189773
0.207436
0.
-0.0436
0.182854
0.163692
0.
-0.0399871
0.389755
0.00840901
0.
-0.000645332
0.376659
0.00732232
0.
0.0096604
0.392542
-0.0219366
0.
0.0093281
0.399272
-0.0161654
0.
0.00325314
0.
0.
0.
-0.0181948
0.
0.
0.
-0.0554663
0.325042
-0.0579849
0.
-0.0117051
0.316468
0.09005
0.
0.00295206
0.330203
-0.0502855
0.
-0.0151065
0.321151
0.109398
0.
0.0154971
0.357193
0.0757237
0.
-0.00502637
0.321653
-0.101618
0.
0.0121846
0.323883
0.0358691
0.
-0.00991296
0.320459
-0.0619051
0.
-0.00326764
0.
0.
0.
-0.105473
0.
0.
0.
0.0257604
0.
0.
0.
-0.0127178
0.
0.
0.
0.153348
0.
0.
0.
-0.0394919
0.
0.
0.
-0.137281
0.
0.
0.
-0.232638
0.
0.
0.
-0.0129117
0.
0.
0.
-0.0666429
0.
0.
0.
-0.0382115
0.
0.
0.
-0.143034
0.
0.
0.
0.0379907
0.
0.
0.
-0.09506
0.
0.
0.
0.0135407
0.
0.
0.
0.0618979
0.
0.
0.
-0.0374285
0.
0.
0.
-0.0120496
0.
0.
0.
0.0109559
1.
0.
0.
0.0328539
0.390422
-0.00783303
0.000236921
-0.00100086
0.382827
0.
-0.00471998
-0.00569793
0.26522
0.
-0.00454677
-0.00690572
0.272865
0.
0.0246166
0.0343099
0.376118
0.
0.00575327
-0.0096794
0.265375
0.
0.017225
-0.00169283
0.288594
0.
-0.00380664
0.0345414
0.267553
0.0246617
0.
0.0320751
0.384184
0.0171437
0.
-0.00332912
0.252079
0.0164115
0.
-0.0107501
0.249095
0.00840103
0.
0.0322419
0.382204
0.0167392
0.
-0.00365842
0.260463
0.0185641
0.
-0.00662712
0.252477
0.0268972
-0.0537223
-0.000116396
0.248886
-0.0235902
0.0213792
-0.00379372
0.372086
-0.0207704
-0.0964085
-0.00365368
0.435859
-0.172684
-0.174736
0.086957
0.364094
0.16345
-0.181896
0.0529352
0.332012
-0.0591244
0.022497
0.0134951
0.370817
0.136114
0.122065
0.0619398
0.298757
-0.0159471
-0.0312114
-0.00761862
0.412292
0.00215399
-0.0590208
-0.000874224
0.253537
0.0180735
0.0333726
0.01539
0.40641
0.0233589
0.0680721
-0.000882669
0.332328
-0.140618
0.155679
0.0681076
0.426935
-0.0113091
-1.46707e-06
0.00669399
0.310475
0.0593595
0.0892376
-0.0800557
0.360309
0.0492487
0.155683
0.0542499
