Vec Object: 1 MPI process
  type: seq
0.
0.
0.
-0.0770749
0.
0.
0.
0.0194114
0.170081
-0.168093
0.
-0.0476091
0.17607
-0.180137
0.
-0.050869
0.189922
0.207677
0.
-0.0425448
0.183169
0.163635
0.
-0.0381322
0.389898
0.0084062
0.
-0.000844238
0.37686
0.00709987
0.
0.00980098
0.392834
-0.0220568
0.
0.00929196
0.399484
-0.0160707
0.
0.00290486
0.
0.
0.
-0.0177731
0.
0.
0.
-0.0548296
0.326034
-0.0581165
0.
-0.0113978
0.316157
0.0901837
0.
0.00287664
0.331254
-0.0501122
0.
-0.0152726
0.321036
0.108956
0.
0.0151255
0.358282
0.0759356
0.
-0.00518266
0.321585
-0.101378
0.
0.0118773
0.324668
0.0355483
0.
-0.00939862
0.320583
-0.0617822
0.
-0.00342681
0.
0.
0.
-0.102942
0.
0.
0.
0.0271375
0.
0.
0.
-0.0122267
0.
0.
0.
0.15422
0.
0.
0.
-0.0390494
0.
0.
0.
-0.135221
0.
0.
0.
-0.23285
0.
0.
0.
-0.0147766
0.
0.
0.
-0.0685106
0.
0.
0.
-0.038059
0.
0.
0.
-0.139565
0.
0.
0.
0.0388908
0.
0.
0.
-0.0944156
0.
0.
0.
0.0146607
0.
0.
0.
0.0570245
0.
0.
0.
-0.0408446
0.
0.
0.
-0.0114342
0.
0.
0.
0.010738
1.
0.
0.
0.0318676
0.389716
-0.00776181
0.000311633
-0.000805784
0.383158
0.
-0.00479527
-0.00579795
0.264866
0.
-0.00472231
-0.00647298
0.270353
0.
0.0250591
0.0333024
0.375822
0.
0.00580434
-0.00957297
0.264759
0.
0.017519
-0.000943945
0.286419
0.
-0.00355096
0.0329035
0.264396
0.025019
0.
0.0304413
0.384474
0.0170411
0.
-0.00342399
0.251812
0.0158908
0.
-0.0103382
0.246002
0.00905927
0.
0.0309539
0.382029
0.0168416
0.
-0.00367436
0.26013
0.0185828
0.
-0.00596071
0.252835
0.027268
-0.0533343
0.000151627
0.248841
-0.0231211
0.0209896
-0.00285352
0.372057
-0.0205742
-0.0985612
-0.00438882
0.43705
-0.174767
-0.176655
0.084593
0.365528
0.165479
-0.183914
0.0511718
0.33004
-0.061379
0.0219917
0.0124739
0.371834
0.136914
0.123787
0.0599288
0.300512
-0.0158997
-0.0313449
-0.00778621
0.4123
0.00216182
-0.0595056
-0.00159101
0.253006
0.0173063
0.0334333
0.0163054
0.409149
0.0247263
0.0700729
-0.00155763
0.334216
-0.142333
0.156861
0.0665601
0.42845
-0.0113439
0.000463326
0.00585948
0.308671
0.0633565
0.0900924
-0.0794266
0.362064
0.0498542
0.156246
0.0525069
