Vec Object: 1 MPI process
  type: seq
0.
0.
0.
-0.0859089
0.
0.
0.
0.0195639
0.167918
-0.167529
0.
-0.0553342
0.174764
-0.179284
0.
-0.0566912
0.189404
0.206523
0.
-0.0476095
0.181521
0.164072
0.
-0.0477018
0.389204
0.00853415
0.
0.000234256
0.376052
0.00803705
0.
0.0089022
0.391576
-0.0214848
0.
0.00921794
0.398451
-0.0166216
0.
0.00471646
0.
0.
0.
-0.0206313
0.
0.
0.
-0.059428
0.321304
-0.0575289
0.
-0.0130201
0.317573
0.0895775
0.
0.00326722
0.326291
-0.0508072
0.
-0.0141569
0.321638
0.111012
0.
0.0169321
0.353103
0.0747811
0.
-0.00407439
0.321954
-0.102484
0.
0.0133357
0.320853
0.037164
0.
-0.012179
0.320161
-0.0623171
0.
-0.00266974
0.
0.
0.
-0.115142
0.
0.
0.
0.018787
0.
0.
0.
-0.0131789
0.
0.
0.
0.146751
0.
0.
0.
-0.0431726
0.
0.
0.
-0.144685
0.
0.
0.
-0.229501
0.
0.
0.
-0.00349981
0.
0.
0.
-0.0568828
0.
0.
0.
-0.0370845
0.
0.
0.
-0.154596
0.
0.
0.
0.0344779
0.
0.
0.
-0.0954517
0.
0.
0.
0.00897038
0.
0.
0.
0.0828519
0.
0.
0.
-0.0214752
0.
0.
0.
-0.0126399
0.
0.
0.
0.011088
1.
0.
0.
0.0365011
0.392906
-0.00805378
-1.72232e-05
-0.00178563
0.381572
0.
-0.0044062
-0.00521324
0.266667
0.
-0.00389655
-0.00870185
0.28229
0.
0.0229086
0.0383227
0.377051
0.
0.00550115
-0.00995031
0.26767
0.
0.0161162
-0.00483126
0.296733
0.
-0.00465812
0.0412732
0.279397
0.023175
0.
0.0390002
0.383104
0.0175716
0.
-0.00286379
0.253332
0.0181956
0.
-0.0125523
0.260467
0.00607634
0.
0.0377177
0.382709
0.0162613
0.
-0.00350374
0.261797
0.0182889
0.
-0.00947032
0.251048
0.0254499
-0.0547973
-0.00164189
0.248916
-0.0248555
0.0225893
-0.00801366
0.371472
-0.0216944
-0.0879558
-0.000577289
0.431812
-0.16397
-0.167351
0.0966764
0.359744
0.155083
-0.173898
0.0604831
0.337759
-0.0492822
0.0243396
0.0179122
0.36709
0.13244
0.11507
0.0705355
0.29198
-0.0160744
-0.0307238
-0.00716465
0.411274
0.00210153
-0.0564664
0.00208958
0.255225
0.0203122
0.0331045
0.0112588
0.395982
0.0180697
0.0606018
0.00207303
0.32591
-0.133609
0.150881
0.0746014
0.420339
-0.0108863
-0.00193774
0.0104008
0.315848
0.0427861
0.0848649
-0.0813595
0.354284
0.0464462
0.152837
0.0618421
