Vec Object: 1 MPI process
  type: seq
0.
0.
0.
-0.0795866
0.
0.
0.
0.0191063
0.169392
-0.167877
0.
-0.049988
0.175623
-0.179839
0.
-0.0527509
0.189701
0.207305
0.
-0.0441798
0.182675
0.163731
0.
-0.0410381
0.389676
0.00841613
0.
-0.000530408
0.376557
0.00743796
0.
0.0095718
0.392389
-0.021871
0.
0.00933617
0.399155
-0.0162221
0.
0.00345068
0.
0.
0.
-0.0184657
0.
0.
0.
-0.0558861
0.324499
-0.057915
0.
-0.0118816
0.316635
0.0899787
0.
0.00299545
0.32963
-0.0503743
0.
-0.0150001
0.321216
0.109637
0.
0.0157026
0.356598
0.0756011
0.
-0.00492406
0.321693
-0.101748
0.
0.012353
0.32345
0.0360489
0.
-0.0102107
0.320399
-0.06197
0.
-0.00318
0.
0.
0.
-0.106873
0.
0.
0.
0.0249214
0.
0.
0.
-0.012929
0.
0.
0.
0.15271
0.
0.
0.
-0.0398292
0.
0.
0.
-0.138402
0.
0.
0.
-0.232418
0.
0.
0.
-0.0117835
0.
0.
0.
-0.0654974
0.
0.
0.
-0.0382221
0.
0.
0.
-0.144877
0.
0.
0.
0.0374863
0.
0.
0.
-0.0953257
0.
0.
0.
0.0129094
0.
0.
0.
0.0646876
0.
0.
0.
-0.0354163
0.
0.
0.
-0.0123156
0.
0.
0.
0.0110437
1.
0.
0.
0.0333916
0.3908
-0.00786965
0.000197402
-0.00111057
0.382646
0.
-0.00467734
-0.00563772
0.265419
0.
-0.00445134
-0.00715057
0.274237
0.
0.0243721
0.0348714
0.376271
0.
0.00572246
-0.0097311
0.265711
0.
0.0170642
-0.00211869
0.289782
0.
-0.00394085
0.0354654
0.26928
0.024459
0.
0.0330059
0.384026
0.0172019
0.
-0.00327171
0.252238
0.0166876
0.
-0.0109877
0.250775
0.00804814
0.
0.0329757
0.382292
0.0166788
0.
-0.00364479
0.260649
0.0185441
0.
-0.00700795
0.252276
0.0266929
-0.0539176
-0.000286024
0.248903
-0.023823
0.0215808
-0.00434057
0.372068
-0.0208864
-0.0952119
-0.00323623
0.435227
-0.171501
-0.173678
0.0882897
0.363359
0.162304
-0.180771
0.053943
0.333016
-0.0578202
0.0227725
0.0140821
0.370265
0.135645
0.121096
0.0630882
0.297787
-0.0159725
-0.0311395
-0.00753345
0.412243
0.00214863
-0.0587203
-0.000468977
0.253812
0.0184633
0.0333386
0.0148564
0.404906
0.0226022
0.0669785
-0.000493646
0.331327
-0.139652
0.155016
0.0689852
0.426063
-0.0112758
-0.000265948
0.00717643
0.311403
0.0570874
0.0887129
-0.080357
0.359376
0.0488909
0.15534
0.0552509
