Vec Object: 1 MPI process
  type: seq
0.
0.
0.
-0.114955
0.
0.
0.
0.140716
0.150294
-0.168464
0.
-0.122243
0.165201
-0.177722
0.
-0.102428
0.194994
0.197977
0.
-0.0701013
0.165399
0.171529
0.
-0.126877
0.382101
0.015574
0.
0.0249417
0.372744
0.0131011
0.
0.013073
0.387057
-0.0192031
0.
0.012066
0.388938
-0.0256099
0.
0.0337188
0.
0.
0.
-0.0573707
0.
0.
0.
-0.147306
0.291235
-0.0513315
0.
-0.0169203
0.323857
0.082055
0.
-0.0094479
0.297468
-0.0479161
0.
0.00559898
0.326471
0.115343
0.
0.0101019
0.322039
0.0608073
0.
0.0183813
0.325572
-0.101508
0.
0.00326619
0.292456
0.0470024
0.
-0.031023
0.322607
-0.0599477
0.
-0.0175895
0.
0.
0.
-0.0871458
0.
0.
0.
-0.0690432
0.
0.
0.
0.116927
0.
0.
0.
0.037337
0.
0.
0.
-0.122572
0.
0.
0.
-0.0810914
0.
0.
0.
-0.0219631
0.
0.
0.
0.225081
0.
0.
0.
0.189997
0.
0.
0.
0.114941
0.
0.
0.
-0.0421446
0.
0.
0.
0.0660345
0.
0.
0.
0.0702675
0.
0.
0.
-0.0108874
0.
0.
0.
0.369986
0.
0.
0.
0.272245
0.
0.
0.
0.153119
0.
0.
0.
-0.00756964
1.
0.
0.
0.0550816
0.403219
-0.00860541
-0.00141572
0.00968609
0.375512
0.
-0.00114479
-0.00432364
0.279866
0.
0.000651797
-0.0393796
0.355898
0.
0.010003
0.0849848
0.381546
0.
0.00147617
-0.0125662
0.282187
0.
0.0075905
-0.0464429
0.355245
0.
-0.00830204
0.113991
0.366576
0.00905809
0.
0.124118
0.379151
0.0209728
0.
-0.00216624
0.268059
0.0253461
0.
-0.045133
0.339184
-0.00379921
0.
0.116819
0.385176
0.0092811
0.
-0.0045264
0.274236
0.00988864
0.
-0.0532551
0.241301
0.00788522
-0.0412533
-0.0394685
0.247505
-0.0166065
0.0177534
-0.0706288
0.331809
-0.0343238
-0.0266762
0.0401197
0.431163
-0.072219
-0.103447
0.206844
0.37161
0.0692066
-0.103037
0.159022
0.289864
0.0302636
0.0232789
0.0809702
0.34915
0.0709883
0.0589669
0.190099
0.239498
-0.00454404
-0.0246435
-0.0124349
0.346548
7.65027e-05
-0.0188485
0.0438031
0.256266
0.0069521
0.0231332
-0.0427653
0.310298
-0.0171211
0.0178583
0.0547553
0.310908
-0.0616576
0.098496
0.165078
0.338637
0.000954749
-0.0131588
0.0744101
0.252024
-0.0568194
0.0295285
0.0313497
0.33218
0.0111773
0.0997056
0.182138
