Vec Object: 1 MPI process
  type: seq
0.
0.
0.
-0.0807947
0.
0.
0.
0.019071
0.169089
-0.167794
0.
-0.0510619
0.175436
-0.179716
0.
-0.0535712
0.189621
0.207142
0.
-0.0448945
0.182448
0.163787
0.
-0.0423644
0.389579
0.00843016
0.
-0.000383154
0.376437
0.00757442
0.
0.00945206
0.392206
-0.0217904
0.
0.00933476
0.39901
-0.0162962
0.
0.00370046
0.
0.
0.
-0.0188378
0.
0.
0.
-0.0564735
0.323832
-0.0578309
0.
-0.0121062
0.316838
0.0898925
0.
0.00305044
0.328928
-0.0504774
0.
-0.0148545
0.321299
0.10993
0.
0.0159571
0.355866
0.0754437
0.
-0.00478168
0.321743
-0.101906
0.
0.01256
0.322915
0.0362739
0.
-0.010592
0.320334
-0.0620474
0.
-0.0030721
0.
0.
0.
-0.108605
0.
0.
0.
0.0238072
0.
0.
0.
-0.0131273
0.
0.
0.
0.151771
0.
0.
0.
-0.0403365
0.
0.
0.
-0.139766
0.
0.
0.
-0.232043
0.
0.
0.
-0.0102882
0.
0.
0.
-0.0639655
0.
0.
0.
-0.0381594
0.
0.
0.
-0.147078
0.
0.
0.
0.0368583
0.
0.
0.
-0.0955617
0.
0.
0.
0.0121164
0.
0.
0.
0.0682372
0.
0.
0.
-0.0328014
0.
0.
0.
-0.0125669
0.
0.
0.
0.0111204
1.
0.
0.
0.0340501
0.391257
-0.00791248
0.00015008
-0.00124798
0.382422
0.
-0.0046235
-0.00555861
0.265669
0.
-0.00433452
-0.00745931
0.275924
0.
0.0240695
0.0355716
0.376451
0.
0.00568183
-0.00978858
0.266124
0.
0.0168664
-0.00265722
0.291241
0.
-0.00410067
0.0366277
0.2714
0.0242032
0.
0.034186
0.383831
0.0172753
0.
-0.00319603
0.252444
0.0170189
0.
-0.0112914
0.252826
0.00762128
0.
0.0339065
0.382394
0.0166002
0.
-0.00362354
0.260882
0.0185099
0.
-0.00749161
0.252024
0.0264396
-0.0541403
-0.000517902
0.248918
-0.0240861
0.0218171
-0.00504423
0.372012
-0.0210375
-0.093724
-0.00270867
0.434469
-0.170006
-0.172369
0.089966
0.362503
0.160861
-0.17937
0.0552237
0.334175
-0.0561526
0.0231092
0.0148303
0.36959
0.135039
0.11988
0.064547
0.296587
-0.016002
-0.0310519
-0.00743638
0.412138
0.002141
-0.058317
4.15311e-05
0.254136
0.018913
0.0332952
0.0141687
0.403051
0.0216648
0.0656363
3.64385e-06
0.330128
-0.138439
0.154184
0.0700946
0.424949
-0.0112215
-0.000600086
0.00779524
0.31248
0.0542202
0.0880139
-0.080681
0.358256
0.0484267
0.154886
0.0565285
