Vec Object: 1 MPI process
  type: seq
0.
0.
0.
-0.114961
0.
0.
0.
0.0437484
0.161115
-0.167271
0.
-0.0818106
0.171516
-0.177812
0.
-0.0740339
0.190173
0.203239
0.
-0.060949
0.175357
0.166784
0.
-0.0805127
0.387097
0.0101629
0.
0.0052613
0.375093
0.00960657
0.
0.0054943
0.389623
-0.0198449
0.
0.00665437
0.395293
-0.0192887
0.
0.0120281
0.
0.
0.
-0.0367995
0.
0.
0.
-0.0908486
0.308233
-0.0559027
0.
-0.0175224
0.320738
0.0877857
0.
0.00343196
0.313291
-0.0510151
0.
-0.00744269
0.323685
0.115624
0.
0.0208863
0.339168
0.0698043
0.
0.00360649
0.323392
-0.104589
0.
0.0159184
0.309322
0.0422056
0.
-0.0222042
0.32065
-0.0629453
0.
-0.00209264
0.
0.
0.
-0.135444
0.
0.
0.
-0.0208684
0.
0.
0.
0.0110818
0.
0.
0.
0.0973154
0.
0.
0.
-0.075075
0.
0.
0.
-0.151924
0.
0.
0.
-0.18184
0.
0.
0.
0.0626073
0.
0.
0.
0.0144021
0.
0.
0.
-0.00436915
0.
0.
0.
-0.157819
0.
0.
0.
0.0297926
0.
0.
0.
-0.0624332
0.
0.
0.
-0.00717764
0.
0.
0.
0.184922
0.
0.
0.
0.0725054
0.
0.
0.
0.0185898
0.
0.
0.
0.00422566
1.
0.
0.
0.0469536
0.399441
-0.0084304
-0.000693302
-0.00370466
0.377572
0.
-0.00304311
-0.00305447
0.272558
0.
-0.00172692
-0.0169575
0.314494
0.
0.0169195
0.055135
0.378787
0.
0.00402311
-0.0101447
0.275026
0.
0.0122411
-0.0184596
0.323816
0.
-0.00674517
0.0696196
0.319093
0.0170668
0.
0.0711006
0.379869
0.0193698
0.
-0.000766305
0.259552
0.0227248
0.
-0.0214857
0.296914
-0.000102213
0.
0.0644612
0.383211
0.0136634
0.
-0.00268332
0.267183
0.015376
0.
-0.0229587
0.246352
0.0190434
-0.053148
-0.0136049
0.248489
-0.0240915
0.0233031
-0.0296351
0.36086
-0.0268438
-0.0578146
0.0134311
0.424468
-0.1265
-0.140442
0.138846
0.356572
0.119908
-0.143396
0.096604
0.334874
-0.00866697
0.0278695
0.0391865
0.35636
0.111683
0.0886439
0.11225
0.26822
-0.0140765
-0.0287425
-0.00864064
0.394408
0.00158199
-0.0411795
0.0155556
0.258038
0.0202159
0.0306505
-0.00950908
0.359017
0.000202151
0.0375153
0.0178065
0.312197
-0.104469
0.130714
0.105624
0.38892
-0.00670909
-0.00898743
0.0308845
0.310677
-0.0162502
0.0609208
-0.0634964
0.339841
0.0325597
0.135001
0.101415
