Vec Object: 1 MPI process
  type: seq
0.
0.
0.
-0.114046
0.
0.
0.
0.0419735
0.161414
-0.167252
0.
-0.0806309
0.171659
-0.177846
0.
-0.0732711
0.190091
0.203374
0.
-0.0604625
0.175636
0.16665
0.
-0.0791021
0.387192
0.0100656
0.
0.00498
0.37512
0.00955108
0.
0.00558278
0.389672
-0.0199092
0.
0.00677482
0.395432
-0.0191533
0.
0.011654
0.
0.
0.
-0.0360514
0.
0.
0.
-0.0892228
0.308753
-0.0559872
0.
-0.0174103
0.320628
0.0878771
0.
0.00350132
0.31379
-0.0510535
0.
-0.00779702
0.3236
0.115489
0.
0.0208211
0.339709
0.0700466
0.
0.00318382
0.323328
-0.104548
0.
0.015913
0.309807
0.0420092
0.
-0.0218102
0.320602
-0.0629526
0.
-0.00201253
0.
0.
0.
-0.135398
0.
0.
0.
-0.019095
0.
0.
0.
0.0091937
0.
0.
0.
0.0995997
0.
0.
0.
-0.0734899
0.
0.
0.
-0.152511
0.
0.
0.
-0.184972
0.
0.
0.
0.0589526
0.
0.
0.
0.010438
0.
0.
0.
-0.00665206
0.
0.
0.
-0.159139
0.
0.
0.
0.0295415
0.
0.
0.
-0.0649082
0.
0.
0.
-0.00665934
0.
0.
0.
0.180099
0.
0.
0.
0.0676767
0.
0.
0.
0.0161599
0.
0.
0.
0.00462694
1.
0.
0.
0.0466314
0.399241
-0.00842172
-0.000669378
-0.00370762
0.377707
0.
-0.00310179
-0.00312455
0.272315
0.
-0.00180943
-0.0165558
0.313227
0.
0.0171502
0.0543763
0.37874
0.
0.00409502
-0.0101312
0.274759
0.
0.0123937
-0.0178483
0.322786
0.
-0.00667871
0.0683895
0.31757
0.0173191
0.
0.0696359
0.37997
0.0192974
0.
-0.000834299
0.259279
0.0225861
0.
-0.0210481
0.295543
8.73947e-05
0.
0.0631778
0.383206
0.0137873
0.
-0.00269692
0.266956
0.0155308
0.
-0.0223162
0.246517
0.0193434
-0.0533652
-0.012964
0.248506
-0.0242387
0.0233742
-0.0286158
0.36151
-0.0266019
-0.0589546
0.0127697
0.424544
-0.128116
-0.141539
0.136972
0.356394
0.121416
-0.14464
0.0949242
0.335628
-0.0102331
0.0278481
0.0381686
0.356703
0.112722
0.089672
0.110272
0.26914
-0.0142515
-0.028838
-0.00851589
0.395462
0.00161417
-0.0418915
0.0149071
0.258001
0.0204274
0.0308071
-0.00856872
0.360497
0.000854938
0.0383113
0.0169893
0.312502
-0.105722
0.131603
0.104142
0.390347
-0.00692809
-0.00874352
0.0298344
0.311635
-0.0142176
0.0619784
-0.0650621
0.340247
0.0331855
0.135905
0.0994561
