Vec Object: 1 MPI process
  type: seq
0.
0.
0.
-0.0798195
0.
0.
0.
0.0190944
0.169333
-0.16786
0.
-0.0501979
0.175586
-0.179815
0.
-0.0529125
0.189684
0.207273
0.
-0.0443206
0.182631
0.163742
0.
-0.0412967
0.389657
0.00841843
0.
-0.000501893
0.376532
0.00746536
0.
0.00954912
0.392352
-0.0218551
0.
0.00933688
0.399126
-0.0162363
0.
0.00349933
0.
0.
0.
-0.0185356
0.
0.
0.
-0.0559956
0.324368
-0.0578982
0.
-0.0119253
0.316676
0.0899615
0.
0.00300616
0.329492
-0.0503951
0.
-0.0149727
0.321232
0.109695
0.
0.0157527
0.356454
0.0755706
0.
-0.00489744
0.321702
-0.10178
0.
0.0123938
0.323345
0.0360929
0.
-0.0102845
0.320386
-0.0619854
0.
-0.00315873
0.
0.
0.
-0.107214
0.
0.
0.
0.0247089
0.
0.
0.
-0.0129736
0.
0.
0.
0.152538
0.
0.
0.
-0.0399211
0.
0.
0.
-0.138672
0.
0.
0.
-0.232354
0.
0.
0.
-0.0114982
0.
0.
0.
-0.0652062
0.
0.
0.
-0.0382165
0.
0.
0.
-0.145317
0.
0.
0.
0.037363
0.
0.
0.
-0.0953803
0.
0.
0.
0.0127545
0.
0.
0.
0.0653771
0.
0.
0.
-0.0349131
0.
0.
0.
-0.012372
0.
0.
0.
0.0110616
1.
0.
0.
0.0335217
0.390891
-0.00787829
0.000187962
-0.00113746
0.382602
0.
-0.00466684
-0.00562256
0.265468
0.
-0.00442826
-0.00721078
0.27457
0.
0.0243126
0.0350086
0.376308
0.
0.00571469
-0.00974296
0.265793
0.
0.0170252
-0.00222359
0.29007
0.
-0.00397281
0.0356923
0.269698
0.0244091
0.
0.0332355
0.383987
0.0172162
0.
-0.00325723
0.252278
0.0167536
0.
-0.0110466
0.25118
0.00796336
0.
0.0331567
0.382313
0.0166637
0.
-0.00364098
0.260695
0.0185382
0.
-0.00710198
0.252226
0.0266431
-0.0539631
-0.000329683
0.248907
-0.0238769
0.0216284
-0.00447659
0.37206
-0.0209155
-0.0949199
-0.00313344
0.435076
-0.171209
-0.17342
0.088617
0.363186
0.162023
-0.180497
0.0541919
0.333251
-0.0574969
0.0228391
0.0142273
0.370131
0.135528
0.120858
0.0633718
0.297551
-0.0159785
-0.0311222
-0.00751361
0.412226
0.00214721
-0.0586437
-0.000369375
0.253877
0.0185546
0.0333302
0.0147236
0.404541
0.0224179
0.0667136
-0.000397245
0.331088
-0.139415
0.154853
0.0692013
0.425847
-0.0112663
-0.000331076
0.00729619
0.311621
0.0565283
0.0885797
-0.0804251
0.359153
0.0488015
0.155254
0.0554987
