Vec Object: 1 MPI process
  type: seq
0.
0.
0.
-0.0908943
0.
0.
0.
0.224406
0.14575
-0.167077
0.
-0.128806
0.161953
-0.17651
0.
-0.106435
0.202199
0.191299
0.
-0.0496157
0.16131
0.172531
0.
-0.13726
0.374042
0.0238151
0.
0.068024
0.367146
0.0198494
0.
0.0464784
0.380241
-0.0240646
0.
0.0513469
0.380435
-0.0339013
0.
0.0760765
0.
0.
0.
-0.074666
0.
0.
0.
-0.189166
0.280676
-0.0501718
0.
-0.0334527
0.325717
0.0735677
0.
-0.0404563
0.287818
-0.0483096
0.
-0.00741936
0.328497
0.107373
0.
-0.0234696
0.311787
0.058198
0.
0.00695711
0.32722
-0.0921345
0.
-0.0309963
0.28108
0.0505465
0.
-0.0468491
0.323755
-0.0536984
0.
-0.0528226
0.
0.
0.
-0.0187562
0.
0.
0.
-0.0918441
0.
0.
0.
0.210438
0.
0.
0.
0.0171021
0.
0.
0.
-0.14953
0.
0.
0.
0.001554
0.
0.
0.
0.117109
0.
0.
0.
0.352804
0.
0.
0.
0.326245
0.
0.
0.
0.216015
0.
0.
0.
0.0826354
0.
0.
0.
0.104337
0.
0.
0.
0.18452
0.
0.
0.
-0.0095298
0.
0.
0.
0.502386
0.
0.
0.
0.421667
0.
0.
0.
0.274986
0.
0.
0.
-0.0235559
1.
0.
0.
0.0790039
0.401328
-0.00832914
-0.00162201
0.0557961
0.378272
0.
-5.48078e-05
-0.00906794
0.283345
0.
0.00172295
-0.0810659
0.378915
0.
0.0065142
0.109176
0.387392
0.
0.000115482
-0.0129567
0.284943
0.
0.00534639
-0.089678
0.370322
0.
-0.00840317
0.147245
0.391338
0.00470735
0.
0.160162
0.383293
0.0205501
0.
-0.0069542
0.272408
0.0246333
0.
-0.0869262
0.360606
-0.00358815
0.
0.16152
0.39172
0.0068883
0.
-0.00449972
0.277647
0.00710687
0.
-0.0980632
0.237524
0.00107647
-0.0312964
-0.0758182
0.24574
-0.0110942
0.0126071
-0.120175
0.308289
-0.035648
-0.0143262
0.0462821
0.441448
-0.0396499
-0.0800293
0.258625
0.385406
0.0386004
-0.0791993
0.203086
0.249737
0.0394803
0.0168411
0.103454
0.346834
0.0426402
0.0452451
0.248623
0.222725
0.00217363
-0.0211744
-0.0286164
0.308259
-0.000876009
-0.00870263
0.0575748
0.25232
-0.00318443
0.0171072
-0.0839603
0.280277
-0.0230343
0.0117001
0.0725899
0.315287
-0.0349676
0.0769083
0.209462
0.306569
0.00504641
-0.0114505
0.096362
0.198287
-0.0572825
0.0161604
0.116937
0.330257
-0.00149678
0.0751599
0.245048
