Vec Object: 1 MPI process
  type: seq
0.
0.
0.
-0.0905727
0.
0.
0.
0.0208132
0.166931
-0.167372
0.
-0.059056
0.174248
-0.178966
0.
-0.0592678
0.189325
0.206014
0.
-0.0498245
0.180688
0.164381
0.
-0.0523934
0.388893
0.00867539
0.
0.000810995
0.375806
0.00835827
0.
0.00836231
0.391132
-0.021232
0.
0.00899763
0.397985
-0.0169378
0.
0.00563224
0.
0.
0.
-0.022526
0.
0.
0.
-0.0627062
0.319236
-0.0572958
0.
-0.013819
0.318141
0.0893268
0.
0.00344007
0.324164
-0.0510053
0.
-0.0134228
0.321937
0.111865
0.
0.0177282
0.350854
0.0741613
0.
-0.00329797
0.322148
-0.102929
0.
0.0139473
0.319124
0.0379303
0.
-0.0136232
0.320101
-0.0625081
0.
-0.00236316
0.
0.
0.
-0.120256
0.
0.
0.
0.0138061
0.
0.
0.
-0.012268
0.
0.
0.
0.141091
0.
0.
0.
-0.0465173
0.
0.
0.
-0.148221
0.
0.
0.
-0.225988
0.
0.
0.
0.00343873
0.
0.
0.
-0.0495216
0.
0.
0.
-0.0351016
0.
0.
0.
-0.159507
0.
0.
0.
0.0326523
0.
0.
0.
-0.0940366
0.
0.
0.
0.00627799
0.
0.
0.
0.096144
0.
0.
0.
-0.0105246
0.
0.
0.
-0.0114838
0.
0.
0.
0.0106827
1.
0.
0.
0.0384338
0.394159
-0.00814716
-0.000141662
-0.00223055
0.380882
0.
-0.00421387
-0.00488679
0.267533
0.
-0.0035426
-0.00979984
0.287464
0.
0.0219488
0.0406896
0.377455
0.
0.00532348
-0.0100265
0.268912
0.
0.0155014
-0.006746
0.301178
0.
-0.00506505
0.0453282
0.285878
0.0222758
0.
0.0433239
0.382522
0.0178336
0.
-0.00254816
0.254167
0.019074
0.
-0.0137041
0.266561
0.00489779
0.
0.0411716
0.382894
0.0159377
0.
-0.00337004
0.262585
0.0180068
0.
-0.011251
0.250242
0.0245912
-0.0551008
-0.00286336
0.248871
-0.0252284
0.0230691
-0.0107828
0.370645
-0.0223296
-0.0831327
0.00131061
0.429912
-0.158646
-0.163188
0.102566
0.358051
0.150031
-0.169262
0.0652493
0.339688
-0.0431559
0.02526
0.0207017
0.365126
0.129957
0.110961
0.0759679
0.288174
-0.0160579
-0.0304527
-0.00707841
0.409995
0.00205625
-0.0546023
0.00389151
0.255964
0.0210952
0.0329007
0.00854182
0.390167
0.0151114
0.0565756
0.00398233
0.322848
-0.12941
0.148017
0.0786491
0.416139
-0.0104709
-0.00308885
0.0128483
0.317649
0.0330139
0.0817696
-0.0811373
0.351344
0.0445992
0.150785
0.0667547
