Vec Object: 1 MPI process
  type: seq
0.
0.
0.
-0.0849206
0.
0.
0.
0.0193942
0.168135
-0.167571
0.
-0.0545319
0.174883
-0.179359
0.
-0.0561205
0.189433
0.206637
0.
-0.0471145
0.181698
0.164012
0.
-0.046694
0.389273
0.00850939
0.
0.000114611
0.376115
0.0079588
0.
0.00901268
0.391684
-0.0215407
0.
0.00925213
0.398554
-0.0165571
0.
0.00452288
0.
0.
0.
-0.02026
0.
0.
0.
-0.0588026
0.321765
-0.0575822
0.
-0.0128472
0.317443
0.0896339
0.
0.00322742
0.326769
-0.0507543
0.
-0.0143009
0.321574
0.110818
0.
0.0167537
0.353606
0.0749097
0.
-0.00422323
0.321914
-0.102381
0.
0.0131959
0.321233
0.0369976
0.
-0.0118739
0.320184
-0.0622708
0.
-0.00274161
0.
0.
0.
-0.113963
0.
0.
0.
0.0197936
0.
0.
0.
-0.0132591
0.
0.
0.
0.14783
0.
0.
0.
-0.0425497
0.
0.
0.
-0.143828
0.
0.
0.
-0.230103
0.
0.
0.
-0.00487357
0.
0.
0.
-0.0583286
0.
0.
0.
-0.0373857
0.
0.
0.
-0.153337
0.
0.
0.
0.0349057
0.
0.
0.
-0.0955981
0.
0.
0.
0.00955829
0.
0.
0.
0.0800515
0.
0.
0.
-0.0237087
0.
0.
0.
-0.0127401
0.
0.
0.
0.0111323
1.
0.
0.
0.0360606
0.392615
-0.00803037
1.19492e-05
-0.00168633
0.381727
0.
-0.00444734
-0.00528111
0.26648
0.
-0.00397592
-0.00846697
0.281132
0.
0.0231216
0.0378095
0.37695
0.
0.00553717
-0.00992695
0.26739
0.
0.016253
-0.00442027
0.295736
0.
-0.00456176
0.0403993
0.277944
0.0233688
0.
0.0380828
0.383235
0.0175155
0.
-0.00292926
0.253159
0.0179899
0.
-0.01231
0.259089
0.00634946
0.
0.0369891
0.38266
0.0163279
0.
-0.00352969
0.261626
0.0183397
0.
-0.00909287
0.251227
0.0256347
-0.0547004
-0.00140714
0.248922
-0.0247416
0.0224635
-0.00743729
0.371609
-0.0215646
-0.0890203
-0.000980843
0.43227
-0.165112
-0.168272
0.0954117
0.36019
0.156171
-0.174913
0.0594769
0.337204
-0.0505924
0.0241224
0.0173224
0.367538
0.13295
0.115967
0.0693897
0.292825
-0.0160674
-0.0307835
-0.00720146
0.411488
0.00211
-0.0568405
0.00170323
0.255043
0.0200933
0.0331433
0.0118242
0.397275
0.0187285
0.0615119
0.00167405
0.326641
-0.134516
0.1515
0.0737437
0.421224
-0.0109622
-0.00168685
0.0098945
0.315324
0.0449246
0.0854947
-0.0813075
0.354977
0.0468316
0.153248
0.0608169
