Vec Object: 1 MPI process
  type: seq
0.
0.
0.
-0.0747846
0.
0.
0.
0.0200512
0.170826
-0.168366
0.
-0.0451481
0.17659
-0.180488
0.
-0.048811
0.190225
0.208083
0.
-0.0407704
0.183668
0.163585
0.
-0.0351871
0.390136
0.0084324
0.
-0.00114914
0.377241
0.00668847
0.
0.00997307
0.393362
-0.022263
0.
0.0091677
0.399839
-0.0159355
0.
0.00235045
0.
0.
0.
-0.0172705
0.
0.
0.
-0.0541145
0.327722
-0.0583516
0.
-0.0109246
0.315609
0.0904223
0.
0.00276335
0.33305
-0.0497856
0.
-0.0154715
0.32086
0.108191
0.
0.0145081
0.360134
0.0762603
0.
-0.00536024
0.321481
-0.100961
0.
0.0113595
0.325987
0.0350268
0.
-0.00861617
0.32084
-0.0615613
0.
-0.00369132
0.
0.
0.
-0.0987821
0.
0.
0.
0.0290147
0.
0.
0.
-0.0111264
0.
0.
0.
0.154813
0.
0.
0.
-0.038803
0.
0.
0.
-0.131733
0.
0.
0.
-0.232685
0.
0.
0.
-0.0173884
0.
0.
0.
-0.0710437
0.
0.
0.
-0.0374487
0.
0.
0.
-0.13346
0.
0.
0.
0.0403221
0.
0.
0.
-0.0929043
0.
0.
0.
0.016454
0.
0.
0.
0.0494198
0.
0.
0.
-0.0458879
0.
0.
0.
-0.0100684
0.
0.
0.
0.0102091
1.
0.
0.
0.0301908
0.388475
-0.00762785
0.000446108
-0.000493411
0.383713
0.
-0.00491518
-0.00593641
0.264299
0.
-0.00502434
-0.00578339
0.266086
0.
0.0257958
0.0316468
0.375267
0.
0.00587549
-0.00935532
0.263712
0.
0.0180188
0.0002341
0.282717
0.
-0.00308399
0.0302797
0.259034
0.0255843
0.
0.0278683
0.384969
0.0168777
0.
-0.00355349
0.251428
0.0149568
0.
-0.00970685
0.240679
0.0102156
0.
0.0289215
0.381688
0.0169915
0.
-0.00367297
0.259587
0.0185607
0.
-0.00491953
0.253409
0.0278964
-0.0525919
0.000491871
0.248714
-0.0221959
0.0202697
-0.00143326
0.371825
-0.0202863
-0.102101
-0.00555011
0.439165
-0.17806
-0.179864
0.0807948
0.368221
0.168718
-0.187221
0.0484097
0.326323
-0.0647902
0.0211396
0.0109001
0.373577
0.138114
0.126541
0.0567723
0.303429
-0.0158276
-0.0315799
-0.00809392
0.412089
0.00216924
-0.0601358
-0.00273285
0.252019
0.0158485
0.0335379
0.0176814
0.413759
0.0269899
0.0734636
-0.00259497
0.337589
-0.145088
0.15877
0.0640971
0.430783
-0.0113248
0.00118982
0.00457775
0.305336
0.0696105
0.0912257
-0.0781663
0.365194
0.0507292
0.157018
0.0497964
