Vec Object: 1 MPI process
  type: seq
0.
0.
0.
-0.11476
0.
0.
0.
0.0433443
0.161182
-0.167267
0.
-0.0815454
0.171548
-0.17782
0.
-0.0738622
0.190154
0.20327
0.
-0.0608404
0.17542
0.166754
0.
-0.080196
0.387119
0.0101408
0.
0.00519742
0.375099
0.00959406
0.
0.00551335
0.389634
-0.0198592
0.
0.0066811
0.395324
-0.0192582
0.
0.0119435
0.
0.
0.
-0.0366318
0.
0.
0.
-0.0904826
0.308349
-0.0559219
0.
-0.0174981
0.320713
0.0878064
0.
0.00344841
0.313403
-0.051024
0.
-0.00752272
0.323666
0.115594
0.
0.0208728
0.339289
0.0698589
0.
0.003511
0.323377
-0.10458
0.
0.0159183
0.309431
0.0421617
0.
-0.0221163
0.320639
-0.0629473
0.
-0.0020735
0.
0.
0.
-0.13544
0.
0.
0.
-0.020471
0.
0.
0.
0.0106514
0.
0.
0.
0.0978272
0.
0.
0.
-0.074719
0.
0.
0.
-0.152063
0.
0.
0.
-0.182551
0.
0.
0.
0.0617807
0.
0.
0.
0.0135055
0.
0.
0.
-0.00488829
0.
0.
0.
-0.158127
0.
0.
0.
0.0297322
0.
0.
0.
-0.0629967
0.
0.
0.
-0.00706309
0.
0.
0.
0.183836
0.
0.
0.
0.0714156
0.
0.
0.
0.018036
0.
0.
0.
0.00431588
1.
0.
0.
0.0468822
0.399397
-0.00842848
-0.000687947
-0.00370631
0.377602
0.
-0.00305627
-0.00306987
0.272504
0.
-0.00174538
-0.0168668
0.31421
0.
0.0169711
0.0549643
0.378777
0.
0.0040393
-0.0101414
0.274966
0.
0.0122753
-0.018322
0.323585
0.
-0.00673036
0.0693432
0.318752
0.0171233
0.
0.0707712
0.379891
0.0193536
0.
-0.000781236
0.259491
0.022694
0.
-0.0213869
0.296607
-6.01082e-05
0.
0.064172
0.38321
0.0136913
0.
-0.00268607
0.267132
0.0154109
0.
-0.0228138
0.246389
0.019111
-0.0531976
-0.0134604
0.248493
-0.0241251
0.0233197
-0.0294057
0.361007
-0.0267894
-0.0580694
0.013282
0.424483
-0.126862
-0.140688
0.138425
0.35653
0.120247
-0.143675
0.096226
0.335047
-0.00901669
0.0278656
0.038957
0.356436
0.111917
0.0888739
0.111805
0.268426
-0.0141164
-0.028764
-0.00861253
0.394647
0.00158929
-0.0413394
0.0154092
0.25803
0.0202646
0.030686
-0.0092979
0.359349
0.000347923
0.0376928
0.0176217
0.312263
-0.10475
0.130914
0.10529
0.389241
-0.00675841
-0.00893322
0.0306474
0.310897
-0.0157981
0.0611579
-0.0638542
0.339931
0.0327003
0.135205
0.100973
