Vec Object: 1 MPI process
  type: seq
0.
0.
0.
-0.0812568
0.
0.
0.
0.0190742
0.168977
-0.167764
0.
-0.0514639
0.175369
-0.179672
0.
-0.0538741
0.189594
0.207082
0.
-0.0451586
0.182362
0.16381
0.
-0.0428629
0.389543
0.00843679
0.
-0.000327173
0.376395
0.0076232
0.
0.009405
0.392141
-0.0217607
0.
0.0093311
0.398956
-0.0163248
0.
0.00379454
0.
0.
0.
-0.0189859
0.
0.
0.
-0.0567103
0.323586
-0.0578003
0.
-0.012191
0.316911
0.0898611
0.
0.00307111
0.32867
-0.0505137
0.
-0.0147966
0.321331
0.110037
0.
0.0160514
0.355597
0.0753838
0.
-0.0047245
0.321762
-0.101964
0.
0.0126362
0.322716
0.0363581
0.
-0.0107369
0.320312
-0.0620754
0.
-0.00303233
0.
0.
0.
-0.109246
0.
0.
0.
0.0233734
0.
0.
0.
-0.0131824
0.
0.
0.
0.151382
0.
0.
0.
-0.0405494
0.
0.
0.
-0.140265
0.
0.
0.
-0.231875
0.
0.
0.
-0.00970598
0.
0.
0.
-0.0633654
0.
0.
0.
-0.0381143
0.
0.
0.
-0.14787
0.
0.
0.
0.0366253
0.
0.
0.
-0.0956225
0.
0.
0.
0.0118194
0.
0.
0.
0.0695797
0.
0.
0.
-0.0317973
0.
0.
0.
-0.0126371
0.
0.
0.
0.0111398
1.
0.
0.
0.0342921
0.391423
-0.00792768
0.000132969
-0.0012993
0.382339
0.
-0.00460326
-0.00552805
0.265763
0.
-0.00429156
-0.00757531
0.276546
0.
0.0239574
0.0358328
0.376515
0.
0.00566608
-0.00980814
0.266275
0.
0.0167933
-0.00285988
0.291778
0.
-0.00415822
0.0370636
0.272182
0.024107
0.
0.0346311
0.38376
0.0173029
0.
-0.00316675
0.252524
0.0171388
0.
-0.0114067
0.25358
0.00746579
0.
0.0342578
0.382429
0.0165701
0.
-0.00361451
0.260968
0.0184947
0.
-0.00767426
0.251931
0.0263455
-0.0542175
-0.000610098
0.248921
-0.0241768
0.0219009
-0.00531246
0.371983
-0.0210956
-0.0931709
-0.00251018
0.434195
-0.169443
-0.171884
0.0905948
0.3622
0.16032
-0.178848
0.0557078
0.334581
-0.0555204
0.0232325
0.0151135
0.369342
0.134807
0.119425
0.0650982
0.296142
-0.0160121
-0.0310197
-0.00740294
0.412086
0.00213789
-0.058159
0.000233179
0.254252
0.0190705
0.0332787
0.0139063
0.402365
0.0213174
0.0651421
0.000192338
0.329695
-0.137985
0.153872
0.0705124
0.424527
-0.0111978
-0.000725659
0.00803073
0.312859
0.0531436
0.0877414
-0.0807866
0.357851
0.0482488
0.154709
0.057013
