Vec Object: 1 MPI process
  type: seq
0.
0.
0.
-0.0770385
0.
0.
0.
0.0194185
0.170092
-0.168096
0.
-0.0475728
0.176077
-0.180141
0.
-0.0508394
0.189926
0.207683
0.
-0.0425192
0.183177
0.163634
0.
-0.0380882
0.389901
0.0084063
0.
-0.000848898
0.376865
0.00709428
0.
0.00980404
0.392841
-0.0220597
0.
0.00929074
0.39949
-0.0160685
0.
0.00289658
0.
0.
0.
-0.017764
0.
0.
0.
-0.0548161
0.326059
-0.0581198
0.
-0.0113906
0.316149
0.090187
0.
0.00287488
0.33128
-0.0501078
0.
-0.0152762
0.321034
0.108945
0.
0.0151165
0.358308
0.0759405
0.
-0.00518598
0.321583
-0.101372
0.
0.0118699
0.324687
0.0355406
0.
-0.00938659
0.320586
-0.0617792
0.
-0.00343066
0.
0.
0.
-0.102881
0.
0.
0.
0.0271685
0.
0.
0.
-0.0122131
0.
0.
0.
0.154237
0.
0.
0.
-0.0390415
0.
0.
0.
-0.13517
0.
0.
0.
-0.232852
0.
0.
0.
-0.0148189
0.
0.
0.
-0.0685525
0.
0.
0.
-0.0380532
0.
0.
0.
-0.13948
0.
0.
0.
0.0389122
0.
0.
0.
-0.0943975
0.
0.
0.
0.0146874
0.
0.
0.
0.0569096
0.
0.
0.
-0.0409236
0.
0.
0.
-0.0114173
0.
0.
0.
0.0107318
1.
0.
0.
0.0318436
0.389699
-0.00776
0.000313492
-0.000801133
0.383166
0.
-0.00479706
-0.00580021
0.264858
0.
-0.0047266
-0.00646269
0.270292
0.
0.0250698
0.0332782
0.375814
0.
0.00580549
-0.00957018
0.264744
0.
0.0175262
-0.000926217
0.286366
0.
-0.00354457
0.0328645
0.264319
0.0250275
0.
0.0304027
0.384481
0.0170387
0.
-0.00342613
0.251806
0.0158779
0.
-0.0103285
0.245926
0.00907549
0.
0.0309234
0.382024
0.016844
0.
-0.0036746
0.260122
0.0185829
0.
-0.00594498
0.252844
0.027277
-0.0533244
0.000157495
0.24884
-0.023109
0.0209798
-0.0028316
0.372055
-0.0205697
-0.098613
-0.00440624
0.437079
-0.174817
-0.176702
0.0845366
0.365564
0.165527
-0.183962
0.0511302
0.32999
-0.0614316
0.0219794
0.0124499
0.371859
0.136933
0.123828
0.0598813
0.300554
-0.0158985
-0.0313482
-0.00779044
0.412299
0.00216198
-0.0595164
-0.00160806
0.252992
0.0172868
0.0334348
0.0163267
0.409215
0.0247593
0.0701215
-0.00157347
0.334263
-0.142374
0.156889
0.0665234
0.428485
-0.0113443
0.000474314
0.00583993
0.308626
0.0634511
0.0901115
-0.0794101
0.362108
0.0498681
0.156259
0.0524659
