Vec Object: 1 MPI process
  type: seq
0.
0.
0.
-0.12237
0.
0.
0.
0.0964704
0.154418
-0.168016
0.
-0.107699
0.16789
-0.177588
0.
-0.0916262
0.192661
0.200242
0.
-0.0691185
0.169166
0.169771
0.
-0.110324
0.384571
0.0129201
0.
0.014193
0.374139
0.0112288
0.
0.00686415
0.388502
-0.0188874
0.
0.00644194
0.391862
-0.0227168
0.
0.0225686
0.
0.
0.
-0.0508289
0.
0.
0.
-0.12631
0.297531
-0.0533762
0.
-0.0175072
0.322781
0.0849856
0.
-0.00141445
0.30325
-0.0493683
0.
0.00115854
0.325429
0.116779
0.
0.0180209
0.328274
0.0642123
0.
0.0136041
0.324742
-0.103907
0.
0.0118402
0.298922
0.0456216
0.
-0.0285011
0.32185
-0.0618238
0.
-0.00800765
0.
0.
0.
-0.116489
0.
0.
0.
-0.0542817
0.
0.
0.
0.0682606
0.
0.
0.
0.054832
0.
0.
0.
-0.106849
0.
0.
0.
-0.118991
0.
0.
0.
-0.0935323
0.
0.
0.
0.155926
0.
0.
0.
0.115474
0.
0.
0.
0.0613117
0.
0.
0.
-0.100802
0.
0.
0.
0.0463518
0.
0.
0.
0.0102279
0.
0.
0.
-0.0125984
0.
0.
0.
0.295889
0.
0.
0.
0.18971
0.
0.
0.
0.091515
0.
0.
0.
-0.00360158
1.
0.
0.
0.0518721
0.402516
-0.00857284
-0.00116952
0.000340202
0.375618
0.
-0.00183205
-0.0028474
0.277381
0.
-0.000147245
-0.027996
0.340612
0.
0.0124066
0.0726937
0.380031
0.
0.002429
-0.0112182
0.279931
0.
0.0092092
-0.0333525
0.344162
0.
-0.00788364
0.0965259
0.349544
0.0119442
0.
0.103569
0.378688
0.0206193
0.
-0.000620573
0.265087
0.0248427
0.
-0.0332968
0.324123
-0.00299666
0.
0.0949352
0.383782
0.0109272
0.
-0.00335738
0.271789
0.0119232
0.
-0.0391048
0.243205
0.0122317
-0.046553
-0.0285182
0.248049
-0.0198076
0.0204099
-0.0531129
0.344125
-0.0318439
-0.0366707
0.0294642
0.426754
-0.0923993
-0.117388
0.180163
0.364305
0.0880982
-0.11784
0.134463
0.310386
0.0190334
0.026063
0.0638275
0.350972
0.0872928
0.0689616
0.15839
0.249871
-0.00878742
-0.0263876
-0.0109365
0.366896
0.000714358
-0.0265682
0.0318968
0.257612
0.0130125
0.0263856
-0.029456
0.328389
-0.0116796
0.0236913
0.0390975
0.309641
-0.077779
0.111043
0.140639
0.357793
-0.00187083
-0.0125739
0.0567363
0.279103
-0.0478903
0.0400436
-0.0132477
0.333919
0.0191527
0.113819
0.148581
