Vec Object: 1 MPI process
  type: seq
0.
0.
0.
-0.104747
0.
0.
0.
0.029606
0.163894
-0.167179
0.
-0.0708562
0.17281
-0.178226
0.
-0.0669961
0.189544
0.204521
0.
-0.056068
0.17795
0.165565
0.
-0.0671911
0.387958
0.00933769
0.
0.00289058
0.375348
0.00908528
0.
0.00663856
0.390166
-0.0204793
0.
0.0078588
0.396576
-0.0180837
0.
0.00875396
0.
0.
0.
-0.0297149
0.
0.
0.
-0.0761556
0.313247
-0.0566143
0.
-0.0160998
0.319633
0.0885677
0.
0.0037397
0.318159
-0.0512246
0.
-0.0105691
0.322871
0.114115
0.
0.0198129
0.34443
0.0719974
0.
-8.92959e-05
0.322792
-0.104016
0.
0.0154141
0.313912
0.0402613
0.
-0.0182636
0.320257
-0.0628857
0.
-0.0017969
0.
0.
0.
-0.13185
0.
0.
0.
-0.00397626
0.
0.
0.
-0.00375311
0.
0.
0.
0.119021
0.
0.
0.
-0.0604163
0.
0.
0.
-0.154112
0.
0.
0.
-0.207596
0.
0.
0.
0.0309258
0.
0.
0.
-0.0199341
0.
0.
0.
-0.0228551
0.
0.
0.
-0.165138
0.
0.
0.
0.0291873
0.
0.
0.
-0.0821511
0.
0.
0.
-0.00152838
0.
0.
0.
0.140907
0.
0.
0.
0.029612
0.
0.
0.
-0.00053081
0.
0.
0.
0.00784318
1.
0.
0.
0.0434926
0.39731
-0.00833313
-0.000457124
-0.00334546
0.378977
0.
-0.00359932
-0.00384096
0.270216
0.
-0.00253812
-0.0133857
0.302254
0.
0.0191785
0.0481472
0.378297
0.
0.00467907
-0.0100849
0.272353
0.
0.013721
-0.0128207
0.313722
0.
-0.00605871
0.0580712
0.304227
0.0194898
0.
0.0575532
0.380959
0.018659
0.
-0.00153183
0.256966
0.0212538
0.
-0.0175839
0.283465
0.0019163
0.
0.0528382
0.383153
0.0147988
0.
-0.00292743
0.265022
0.0167659
0.
-0.0171535
0.248016
0.0217833
-0.0547537
-0.00790856
0.248661
-0.0251717
0.0236649
-0.0202902
0.366384
-0.0245987
-0.0691123
0.00745082
0.42595
-0.141763
-0.150924
0.121384
0.355808
0.134162
-0.155338
0.081171
0.340082
-0.0242556
0.0272252
0.0299968
0.359972
0.121013
0.0987339
0.0942389
0.277196
-0.0154197
-0.029596
-0.00757758
0.403304
0.0018506
-0.047828
0.00975226
0.257439
0.021598
0.0319476
-0.000707166
0.373252
0.00674044
0.0456435
0.0106633
0.315924
-0.116281
0.139004
0.0921953
0.402179
-0.00868348
-0.00644665
0.0215918
0.317365
0.00486772
0.0709846
-0.0753896
0.344288
0.0384033
0.143118
0.0838508
