Vec Object: 1 MPI process
  type: seq
0.
0.
0.
-0.11384
0.
0.
0.
0.0415941
0.161479
-0.167249
0.
-0.0803736
0.17169
-0.177854
0.
-0.073105
0.190074
0.203404
0.
-0.0603551
0.175697
0.166621
0.
-0.0787937
0.387213
0.0100446
0.
0.00491958
0.375125
0.00953903
0.
0.00560336
0.389683
-0.0199234
0.
0.00680161
0.395463
-0.019124
0.
0.0115731
0.
0.
0.
-0.0358874
0.
0.
0.
-0.088869
0.308867
-0.0560053
0.
-0.0173844
0.320604
0.0878968
0.
0.00351516
0.3139
-0.0510614
0.
-0.00787377
0.323582
0.115458
0.
0.0208051
0.339828
0.0700993
0.
0.00309232
0.323314
-0.104539
0.
0.0159102
0.309913
0.0419659
0.
-0.0217231
0.320591
-0.0629537
0.
-0.00199674
0.
0.
0.
-0.135377
0.
0.
0.
-0.0187061
0.
0.
0.
0.00879077
0.
0.
0.
0.100101
0.
0.
0.
-0.0731435
0.
0.
0.
-0.152628
0.
0.
0.
-0.185645
0.
0.
0.
0.0581627
0.
0.
0.
0.00958131
0.
0.
0.
-0.00714113
0.
0.
0.
-0.15941
0.
0.
0.
0.0294927
0.
0.
0.
-0.0654375
0.
0.
0.
-0.00654325
0.
0.
0.
0.179049
0.
0.
0.
0.0666297
0.
0.
0.
0.0156411
0.
0.
0.
0.00471446
1.
0.
0.
0.0465596
0.399196
-0.00841978
-0.00066412
-0.00370678
0.377737
0.
-0.00311464
-0.00314038
0.272261
0.
-0.00182758
-0.0164689
0.312949
0.
0.0172009
0.054211
0.37873
0.
0.00411068
-0.0101285
0.2747
0.
0.0124272
-0.0177152
0.32256
0.
-0.006664
0.0681208
0.317236
0.0173744
0.
0.0693165
0.379992
0.0192814
0.
-0.000849668
0.25922
0.0225553
0.
-0.0209533
0.295242
0.000129571
0.
0.0628989
0.383205
0.0138143
0.
-0.00270034
0.266907
0.0155644
0.
-0.0221767
0.246553
0.0194087
-0.0534114
-0.0128249
0.248509
-0.0242699
0.0233888
-0.0283938
0.36165
-0.026549
-0.0592057
0.0126261
0.424563
-0.128469
-0.141779
0.136562
0.356358
0.121746
-0.144913
0.0945582
0.335787
-0.0105785
0.027842
0.0379475
0.356779
0.112948
0.0898981
0.109841
0.269342
-0.0142888
-0.0288587
-0.00848878
0.395689
0.00162109
-0.0420471
0.0147665
0.257992
0.0204718
0.0308408
-0.0083632
0.360822
0.000998887
0.0384873
0.0168126
0.312571
-0.105995
0.131798
0.10382
0.390659
-0.00697573
-0.00868935
0.0296069
0.311837
-0.0137666
0.0622102
-0.0653948
0.340337
0.0333221
0.136102
0.0990309
