Vec Object: 1 MPI process
  type: seq
0.
0.
0.
-0.120686
0.
0.
0.
0.0607784
0.158601
-0.167495
0.
-0.091677
0.170258
-0.177618
0.
-0.0805205
0.190968
0.202124
0.
-0.0646554
0.173015
0.167911
0.
-0.0920952
0.386259
0.0110588
0.
0.00793656
0.374841
0.0101056
0.
0.00518014
0.389244
-0.0193596
0.
0.00588223
0.394093
-0.0204775
0.
0.0154229
0.
0.
0.
-0.0427305
0.
0.
0.
-0.104511
0.30403
-0.0550997
0.
-0.0180447
0.321584
0.0869236
0.
0.0024235
0.309301
-0.0505603
0.
-0.00432845
0.324372
0.11649
0.
0.0208588
0.334838
0.0677312
0.
0.00731111
0.323915
-0.104704
0.
0.0154071
0.305331
0.0437096
0.
-0.0251393
0.321086
-0.0627473
0.
-0.00331357
0.
0.
0.
-0.132667
0.
0.
0.
-0.0349324
0.
0.
0.
0.0293815
0.
0.
0.
0.0792487
0.
0.
0.
-0.0879893
0.
0.
0.
-0.143834
0.
0.
0.
-0.152549
0.
0.
0.
0.0952131
0.
0.
0.
0.0497619
0.
0.
0.
0.017212
0.
0.
0.
-0.142224
0.
0.
0.
0.0336318
0.
0.
0.
-0.0387762
0.
0.
0.
-0.0105907
0.
0.
0.
0.225938
0.
0.
0.
0.114598
0.
0.
0.
0.0420622
0.
0.
0.
0.000958161
1.
0.
0.
0.0492354
0.400894
-0.0084936
-0.000884012
-0.003182
0.3766
0.
-0.00256562
-0.00264901
0.274511
0.
-0.0010776
-0.020557
0.324734
0.
0.015091
0.0615727
0.379181
0.
0.0034174
-0.0103634
0.277096
0.
0.0110217
-0.0236894
0.331999
0.
-0.00724557
0.0798174
0.331246
0.0150337
0.
0.0833682
0.37918
0.0199271
0.
-0.000378953
0.261763
0.0237277
0.
-0.0253824
0.307814
-0.00146763
0.
0.0754915
0.383291
0.0126231
0.
-0.00271448
0.269022
0.0140636
0.
-0.0285523
0.24508
0.0165009
-0.051008
-0.0191066
0.24835
-0.0226609
0.0224707
-0.0382604
0.355017
-0.0288321
-0.0489485
0.0191707
0.424507
-0.11325
-0.131498
0.154476
0.35874
0.107555
-0.133334
0.110771
0.327165
0.00333993
0.0276577
0.0480096
0.353866
0.102741
0.0805536
0.12915
0.260888
-0.0123676
-0.0279079
-0.00965604
0.384859
0.00128585
-0.0353622
0.0212622
0.258145
0.0179915
0.0292027
-0.0172297
0.347024
-0.00482917
0.0315007
0.0251331
0.310379
-0.094168
0.123286
0.118347
0.377038
-0.00485988
-0.010745
0.0401029
0.300842
-0.0310819
0.0524327
-0.0478841
0.336988
0.0273863
0.127221
0.118387
