Vec Object: 1 MPI process
  type: seq
0.
0.
0.
-0.0921442
0.
0.
0.
0.0214002
0.166604
-0.167331
0.
-0.0603032
0.174085
-0.17887
0.
-0.0601098
0.189317
0.205848
0.
-0.0505382
0.180405
0.164494
0.
-0.0539679
0.388791
0.00873133
0.
0.00101226
0.375738
0.00845282
0.
0.00817514
0.391001
-0.0211493
0.
0.00890405
0.397831
-0.0170494
0.
0.00594593
0.
0.
0.
-0.0232154
0.
0.
0.
-0.0639305
0.318565
-0.0572217
0.
-0.0140827
0.318319
0.0892456
0.
0.00349216
0.32348
-0.0510558
0.
-0.0131553
0.322038
0.112135
0.
0.0179824
0.350128
0.0739458
0.
-0.00300869
0.322215
-0.103066
0.
0.014138
0.318556
0.0381846
0.
-0.0141146
0.320096
-0.0625639
0.
-0.0022716
0.
0.
0.
-0.121829
0.
0.
0.
0.0120408
0.
0.
0.
-0.0117665
0.
0.
0.
0.138996
0.
0.
0.
-0.0477836
0.
0.
0.
-0.149235
0.
0.
0.
-0.224553
0.
0.
0.
0.00596378
0.
0.
0.
-0.046825
0.
0.
0.
-0.0342261
0.
0.
0.
-0.160811
0.
0.
0.
0.0321079
0.
0.
0.
-0.0932985
0.
0.
0.
0.00539309
0.
0.
0.
0.1007
0.
0.
0.
-0.00665108
0.
0.
0.
-0.0108433
0.
0.
0.
0.0104812
1.
0.
0.
0.0390425
0.394546
-0.00817366
-0.000179932
-0.00237235
0.380661
0.
-0.00414901
-0.00477467
0.267822
0.
-0.00342864
-0.0101708
0.289133
0.
0.0216371
0.0414793
0.377572
0.
0.00526051
-0.0100425
0.269309
0.
0.015302
-0.00738909
0.302607
0.
-0.00518878
0.0466856
0.287965
0.0219754
0.
0.044795
0.382337
0.0179217
0.
-0.00243952
0.254455
0.0193437
0.
-0.014099
0.268507
0.00453237
0.
0.0423552
0.382942
0.0158245
0.
-0.00332208
0.262847
0.0178974
0.
-0.0118575
0.249982
0.0243016
-0.0551523
-0.00331835
0.248851
-0.0253024
0.0231944
-0.0117417
0.370304
-0.0225534
-0.0815591
0.00194851
0.429353
-0.156856
-0.161829
0.104547
0.357608
0.148339
-0.167736
0.0668793
0.340114
-0.0411008
0.0255358
0.0216539
0.364508
0.129083
0.109608
0.0778284
0.286938
-0.0160332
-0.0303631
-0.0070794
0.409467
0.00203891
-0.0539376
0.00449915
0.256176
0.0212797
0.0328227
0.00760188
0.388278
0.0141554
0.0552943
0.00464315
0.321931
-0.128007
0.14706
0.0800306
0.414702
-0.0103113
-0.0034676
0.0137036
0.318032
0.0298131
0.0806814
-0.0808915
0.350449
0.0439631
0.150051
0.0684566
