Vec Object: 1 MPI process
  type: seq
0.
0.
0.
-0.08168
0.
0.
0.
0.0190849
0.168875
-0.167738
0.
-0.0518285
0.175308
-0.179632
0.
-0.0541469
0.18957
0.207028
0.
-0.0453964
0.182284
0.163832
0.
-0.0433158
0.38951
0.00844342
0.
-0.00027602
0.376358
0.0076664
0.
0.00936134
0.392082
-0.021734
0.
0.00932635
0.398907
-0.0163512
0.
0.00388012
0.
0.
0.
-0.0191242
0.
0.
0.
-0.0569327
0.323364
-0.0577731
0.
-0.0122682
0.316977
0.089833
0.
0.00308985
0.328437
-0.0505457
0.
-0.0147426
0.321359
0.110133
0.
0.0161365
0.355354
0.075329
0.
-0.00467087
0.32178
-0.102016
0.
0.0127048
0.322537
0.0364343
0.
-0.0108692
0.320293
-0.0621002
0.
-0.00299658
0.
0.
0.
-0.109822
0.
0.
0.
0.0229725
0.
0.
0.
-0.0132234
0.
0.
0.
0.151013
0.
0.
0.
-0.0407529
0.
0.
0.
-0.140711
0.
0.
0.
-0.231709
0.
0.
0.
-0.00916762
0.
0.
0.
-0.062809
0.
0.
0.
-0.0380632
0.
0.
0.
-0.148573
0.
0.
0.
0.0364153
0.
0.
0.
-0.0956647
0.
0.
0.
0.0115501
0.
0.
0.
0.0708032
0.
0.
0.
-0.0308753
0.
0.
0.
-0.0126895
0.
0.
0.
0.0111531
1.
0.
0.
0.0345094
0.391572
-0.00794108
0.000117724
-0.00134574
0.382265
0.
-0.00458486
-0.00549994
0.265848
0.
-0.00425295
-0.00768067
0.277105
0.
0.0238563
0.036069
0.376571
0.
0.00565156
-0.00982501
0.266412
0.
0.0167276
-0.00304407
0.292261
0.
-0.00420939
0.0374592
0.272885
0.0240197
0.
0.0350362
0.383696
0.017328
0.
-0.00313979
0.252596
0.0172458
0.
-0.0115119
0.254256
0.00732674
0.
0.0345777
0.38246
0.0165424
0.
-0.00360585
0.261047
0.0184799
0.
-0.00784056
0.251846
0.0262604
-0.0542846
-0.000696198
0.248923
-0.0242554
0.0219749
-0.00555784
0.371952
-0.0211489
-0.0926711
-0.00232977
0.433951
-0.168932
-0.171447
0.0911654
0.361935
0.159828
-0.178376
0.0561487
0.334936
-0.0549439
0.023343
0.0153717
0.36912
0.134594
0.119012
0.0656003
0.29574
-0.0160207
-0.0309909
-0.007374
0.412034
0.00213496
-0.0580125
0.000407173
0.254354
0.0192084
0.0332635
0.0136662
0.401747
0.021004
0.0646978
0.000364575
0.329308
-0.137573
0.15359
0.0708923
0.424142
-0.0111747
-0.000839678
0.00824604
0.313192
0.0521666
0.0874895
-0.080875
0.357489
0.0480858
0.154546
0.0574551
