Vec Object: 1 MPI process
  type: seq
0.
0.
0.
-0.10873
0.
0.
0.
0.033934
0.162922
-0.167188
0.
-0.0746826
0.172364
-0.178055
0.
-0.0694482
0.189727
0.204065
0.
-0.0578667
0.177046
0.165984
0.
-0.0719003
0.387661
0.00960565
0.
0.00366158
0.375253
0.00927231
0.
0.0061643
0.38995
-0.0202492
0.
0.00742651
0.396129
-0.0184911
0.
0.00984993
0.
0.
0.
-0.032207
0.
0.
0.
-0.0811531
0.311446
-0.0563822
0.
-0.0166898
0.320043
0.0883096
0.
0.00371194
0.316395
-0.0511904
0.
-0.00952039
0.323162
0.114705
0.
0.0203001
0.342527
0.0712472
0.
0.0011385
0.323003
-0.104266
0.
0.0156997
0.312286
0.0409696
0.
-0.0197046
0.320377
-0.0629385
0.
-0.00179269
0.
0.
0.
-0.133914
0.
0.
0.
-0.00995249
0.
0.
0.
0.000722022
0.
0.
0.
0.111367
0.
0.
0.
-0.0654825
0.
0.
0.
-0.154185
0.
0.
0.
-0.199475
0.
0.
0.
0.0413933
0.
0.
0.
-0.00859966
0.
0.
0.
-0.0171121
0.
0.
0.
-0.163872
0.
0.
0.
0.0289602
0.
0.
0.
-0.0761261
0.
0.
0.
-0.00370689
0.
0.
0.
0.156069
0.
0.
0.
0.0440716
0.
0.
0.
0.00524216
0.
0.
0.
0.00662553
1.
0.
0.
0.044825
0.398126
-0.00837212
-0.000543686
-0.00356255
0.378447
0.
-0.00340242
-0.00353516
0.271053
0.
-0.00224294
-0.0145975
0.306659
0.
0.0183586
0.0505752
0.378486
0.
0.00445366
-0.0100926
0.273337
0.
0.0131874
-0.0147848
0.31739
0.
-0.00631764
0.0621383
0.309617
0.0186232
0.
0.0622669
0.380539
0.0189162
0.
-0.00123388
0.25788
0.021817
0.
-0.0189092
0.288359
0.001142
0.
0.056821
0.38318
0.014407
0.
-0.00281462
0.26579
0.0162954
0.
-0.0191429
0.247397
0.0208389
-0.0543061
-0.00982227
0.248596
-0.0248758
0.0236203
-0.0235191
0.364593
-0.0253792
-0.064982
0.00950179
0.425224
-0.13637
-0.147182
0.127495
0.355831
0.12912
-0.151065
0.0865134
0.338755
-0.0185512
0.0275685
0.0331424
0.358597
0.117843
0.0950694
0.100434
0.273944
-0.0150256
-0.0293061
-0.00791391
0.40044
0.00176473
-0.0455062
0.011728
0.257716
0.0212755
0.0315364
-0.00379085
0.368147
0.00433137
0.0426084
0.0130478
0.314379
-0.112109
0.136101
0.0967999
0.397554
-0.00801299
-0.00740353
0.0247181
0.315627
-0.00308304
0.06742
-0.0719229
0.34255
0.0363571
0.140363
0.0898214
