Vec Object: 1 MPI process
  type: seq
0.
0.
0.
-0.0741323
0.
0.
0.
0.0203246
0.171073
-0.168467
0.
-0.0443587
0.176771
-0.180612
0.
-0.048123
0.190341
0.208219
0.
-0.0401814
0.183825
0.163582
0.
-0.0342589
0.390214
0.00845011
0.
-0.0012422
0.377381
0.00654083
0.
0.0100113
0.393548
-0.022333
0.
0.00910858
0.399955
-0.0158975
0.
0.00217466
0.
0.
0.
-0.0171603
0.
0.
0.
-0.0539707
0.328289
-0.0584339
0.
-0.0107803
0.31542
0.0905061
0.
0.00273036
0.333655
-0.0496672
0.
-0.0155152
0.320806
0.107931
0.
0.0143053
0.360756
0.0763599
0.
-0.00539621
0.321449
-0.100819
0.
0.0111876
0.326426
0.0348584
0.
-0.00837989
0.320939
-0.0614838
0.
-0.0037777
0.
0.
0.
-0.0974377
0.
0.
0.
0.0295165
0.
0.
0.
-0.0106955
0.
0.
0.
0.154761
0.
0.
0.
-0.0388578
0.
0.
0.
-0.13058
0.
0.
0.
-0.232491
0.
0.
0.
-0.018117
0.
0.
0.
-0.071723
0.
0.
0.
-0.0371576
0.
0.
0.
-0.131375
0.
0.
0.
0.0407666
0.
0.
0.
-0.0922955
0.
0.
0.
0.017023
0.
0.
0.
0.047058
0.
0.
0.
-0.0473719
0.
0.
0.
-0.00953717
0.
0.
0.
0.00999071
1.
0.
0.
0.0296302
0.388047
-0.00757919
0.000493407
-0.000394623
0.383897
0.
-0.00495316
-0.00597366
0.264118
0.
-0.00512694
-0.00556521
0.264656
0.
0.026038
0.0311071
0.375066
0.
0.00589498
-0.00927158
0.26336
0.
0.0181867
0.000601199
0.281473
0.
-0.00291754
0.0294457
0.257237
0.0257616
0.
0.0270621
0.385135
0.0168259
0.
-0.00358761
0.25132
0.0146288
0.
-0.00951468
0.238875
0.0106141
0.
0.0282825
0.381562
0.017035
0.
-0.00366406
0.259412
0.0185382
0.
-0.00459644
0.253589
0.0281087
-0.052322
0.000576644
0.248655
-0.0218498
0.0200129
-0.00100637
0.371697
-0.0202021
-0.103252
-0.00591381
0.439898
-0.179092
-0.180925
0.0795826
0.369195
0.169743
-0.188294
0.0475483
0.324983
-0.0658081
0.0208585
0.0104196
0.374165
0.138472
0.127412
0.0557854
0.304387
-0.015809
-0.0316616
-0.00819997
0.411959
0.00217002
-0.0602927
-0.00309321
0.251664
0.0153182
0.0335751
0.0180928
0.415291
0.0277293
0.0745953
-0.00291168
0.338766
-0.145966
0.159381
0.0633166
0.431497
-0.0112961
0.00141372
0.00418448
0.304154
0.0715384
0.0915146
-0.0777006
0.366285
0.0509767
0.157226
0.0489551
