Vec Object: 1 MPI process
  type: seq
0.
0.
0.
-0.118358
0.
0.
0.
0.0520742
0.159819
-0.167374
0.
-0.0869104
0.170881
-0.177693
0.
-0.0773599
0.190561
0.202661
0.
-0.0629461
0.174147
0.167364
0.
-0.0865454
0.386676
0.0106071
0.
0.00656586
0.374972
0.0098543
0.
0.00523058
0.389423
-0.019581
0.
0.00619243
0.394682
-0.0198901
0.
0.0137183
0.
0.
0.
-0.0399464
0.
0.
0.
-0.0979129
0.30603
-0.0555103
0.
-0.0178851
0.32119
0.0873637
0.
0.00301238
0.311191
-0.050809
0.
-0.00586567
0.324045
0.116132
0.
0.0210067
0.33689
0.0687424
0.
0.00548777
0.323664
-0.104699
0.
0.0157848
0.307246
0.0430146
0.
-0.0238049
0.32087
-0.0628743
0.
-0.0025942
0.
0.
0.
-0.134706
0.
0.
0.
-0.0283245
0.
0.
0.
0.0199943
0.
0.
0.
0.0877213
0.
0.
0.
-0.0818464
0.
0.
0.
-0.148442
0.
0.
0.
-0.167372
0.
0.
0.
0.0790178
0.
0.
0.
0.0322015
0.
0.
0.
0.00624558
0.
0.
0.
-0.150748
0.
0.
0.
0.0313919
0.
0.
0.
-0.0508449
0.
0.
0.
-0.00914989
0.
0.
0.
0.205974
0.
0.
0.
0.0938925
0.
0.
0.
0.0300396
0.
0.
0.
0.00250704
1.
0.
0.
0.0482203
0.40024
-0.00846484
-0.000793746
-0.00355331
0.377035
0.
-0.0027933
-0.00280208
0.273587
0.
-0.00138255
-0.0187582
0.31986
0.
0.015953
0.0584395
0.378988
0.
0.00371063
-0.0102322
0.276132
0.
0.0115987
-0.0211301
0.328135
0.
-0.00701549
0.0749067
0.325495
0.0159994
0.
0.0774382
0.379478
0.0196692
0.
-0.000522971
0.260712
0.0232768
0.
-0.0234409
0.302664
-0.000854723
0.
0.0700948
0.383241
0.0131262
0.
-0.00266598
0.268148
0.0147001
0.
-0.0257956
0.245675
0.0177363
-0.0521087
-0.0164225
0.248417
-0.0233919
0.0229221
-0.0340698
0.357926
-0.0278811
-0.0530873
0.0163487
0.424345
-0.119593
-0.135773
0.146934
0.357551
0.113468
-0.138123
0.103902
0.331181
-0.00221911
0.0278431
0.0436747
0.354991
0.107113
0.0843527
0.120906
0.264355
-0.0132453
-0.0283193
-0.00917836
0.389626
0.0014347
-0.0381378
0.0184385
0.258138
0.0191605
0.0299314
-0.0135337
0.352739
-0.00249005
0.03427
0.0214816
0.311103
-0.0991081
0.126873
0.112125
0.382764
-0.00575516
-0.00995847
0.0355536
0.305976
-0.0243885
0.0564498
-0.0559777
0.338253
0.0298715
0.131023
0.110056
