Vec Object: 1 MPI process
  type: seq
0.
0.
0.
-0.109594
0.
0.
0.
0.0350347
0.162697
-0.167194
0.
-0.0755703
0.17226
-0.17802
0.
-0.0700171
0.189776
0.20396
0.
-0.0582694
0.176836
0.166082
0.
-0.0729845
0.387592
0.009671
0.
0.00384855
0.375232
0.00931437
0.
0.00606444
0.389905
-0.020197
0.
0.00732633
0.396026
-0.0185877
0.
0.010111
0.
0.
0.
-0.0327856
0.
0.
0.
-0.0823388
0.311036
-0.0563262
0.
-0.0168131
0.320134
0.0882477
0.
0.00369422
0.315996
-0.0511762
0.
-0.00927012
0.323228
0.114833
0.
0.020397
0.342097
0.0710705
0.
0.00143385
0.323052
-0.104316
0.
0.0157502
0.311912
0.0411297
0.
-0.0200303
0.320408
-0.0629459
0.
-0.00180714
0.
0.
0.
-0.134269
0.
0.
0.
-0.0113331
0.
0.
0.
0.00187193
0.
0.
0.
0.109592
0.
0.
0.
-0.0666729
0.
0.
0.
-0.154073
0.
0.
0.
-0.197452
0.
0.
0.
0.0439178
0.
0.
0.
-0.00586387
0.
0.
0.
-0.0156662
0.
0.
0.
-0.163375
0.
0.
0.
0.0289745
0.
0.
0.
-0.0745908
0.
0.
0.
-0.00418223
0.
0.
0.
0.159622
0.
0.
0.
0.0475114
0.
0.
0.
0.00672524
0.
0.
0.
0.00633284
1.
0.
0.
0.0451146
0.398304
-0.00838026
-0.000563057
-0.00359996
0.37833
0.
-0.0033571
-0.0034684
0.271245
0.
-0.00217633
-0.0148835
0.30766
0.
0.0181733
0.0511401
0.378526
0.
0.00440067
-0.0100958
0.273557
0.
0.0130663
-0.0152407
0.318218
0.
-0.00637451
0.0630767
0.310835
0.0184252
0.
0.0633642
0.380448
0.0189746
0.
-0.00116884
0.258091
0.0219396
0.
-0.0192219
0.289463
0.000973587
0.
0.0577573
0.383185
0.0143152
0.
-0.00279224
0.265966
0.0161835
0.
-0.01961
0.24726
0.0206176
-0.0541834
-0.0102798
0.248582
-0.0247932
0.0235964
-0.0242745
0.364155
-0.0255614
-0.0640524
0.00998295
0.425089
-0.135128
-0.146327
0.128911
0.355877
0.12796
-0.150089
0.0877614
0.338365
-0.0172661
0.0276293
0.0338817
0.358296
0.117092
0.0942409
0.101887
0.273208
-0.0149221
-0.0292376
-0.0079991
0.399736
0.00174354
-0.0449657
0.0121936
0.257769
0.021174
0.0314343
-0.00450642
0.366984
0.00379228
0.0419357
0.0136175
0.314061
-0.111148
0.135428
0.0978817
0.396478
-0.00785377
-0.00761507
0.0254623
0.315126
-0.00483947
0.0665983
-0.0710109
0.342177
0.0358825
0.13971
0.0912329
