Vec Object: 1 MPI process
  type: seq
0.
0.
0.
-0.100776
0.
0.
0.
0.0262568
0.164787
-0.167197
0.
-0.0673526
0.173221
-0.17841
0.
-0.0647408
0.189418
0.204949
0.
-0.054328
0.178773
0.165192
0.
-0.0628324
0.388231
0.00911305
0.
0.00222969
0.37545
0.00890019
0.
0.00712341
0.390397
-0.0206962
0.
0.00824178
0.396987
-0.0177246
0.
0.00778904
0.
0.
0.
-0.0274654
0.
0.
0.
-0.0717919
0.31495
-0.0568174
0.
-0.0154847
0.319229
0.0887953
0.
0.00370357
0.319844
-0.0512147
0.
-0.0114828
0.322598
0.113515
0.
0.0192768
0.346242
0.0726661
0.
-0.00114195
0.322599
-0.103743
0.
0.0150636
0.315425
0.0395895
0.
-0.0169029
0.320171
-0.0628078
0.
-0.00188664
0.
0.
0.
-0.12921
0.
0.
0.
0.00147617
0.
0.
0.
-0.00713962
0.
0.
0.
0.125945
0.
0.
0.
-0.0559352
0.
0.
0.
-0.153247
0.
0.
0.
-0.214144
0.
0.
0.
0.0219674
0.
0.
0.
-0.0296164
0.
0.
0.
-0.0273856
0.
0.
0.
-0.165005
0.
0.
0.
0.0297972
0.
0.
0.
-0.0867809
0.
0.
0.
0.000636477
0.
0.
0.
0.127268
0.
0.
0.
0.0169388
0.
0.
0.
-0.00489731
0.
0.
0.
0.00886585
1.
0.
0.
0.0421467
0.396483
-0.00829038
-0.000372518
-0.00307584
0.3795
0.
-0.00378128
-0.00414137
0.269433
0.
-0.00282055
-0.0123008
0.298072
0.
0.0199612
0.0459317
0.378097
0.
0.00487996
-0.0100806
0.2714
0.
0.0142269
-0.0110208
0.310207
0.
-0.00579895
0.054316
0.299075
0.0203011
0.
0.0532686
0.381381
0.0184175
0.
-0.00182434
0.256126
0.0206838
0.
-0.0163998
0.27876
0.00270013
0.
0.0492713
0.383112
0.0151501
0.
-0.0030496
0.264308
0.0171743
0.
-0.0153643
0.248625
0.0226338
-0.0550351
-0.00625663
0.248724
-0.0253425
0.0236141
-0.0173823
0.367868
-0.0238967
-0.0730722
0.00560156
0.426837
-0.146748
-0.154441
0.115786
0.356068
0.138831
-0.159353
0.0763424
0.34074
-0.0296944
0.0267892
0.0271729
0.36135
0.123814
0.102222
0.0886711
0.280298
-0.0157029
-0.0298548
-0.007329
0.405656
0.00192121
-0.0499242
0.00798119
0.257111
0.0217098
0.0322812
0.00209988
0.378072
0.00907284
0.0486274
0.00857712
0.317608
-0.120141
0.141671
0.088066
0.406389
-0.00926781
-0.00550904
0.0188491
0.318306
0.0126801
0.0742557
-0.0778876
0.346088
0.0402711
0.145542
0.0785551
