Vec Object: 1 MPI process
  type: seq
0.
0.
0.
-0.0774467
0.
0.
0.
0.0193438
0.169973
-0.168057
0.
-0.0479774
0.175998
-0.180088
0.
-0.0511667
0.189883
0.207618
0.
-0.0428028
0.183094
0.163647
0.
-0.0385787
0.389863
0.00840566
0.
-0.000796827
0.376809
0.00715572
0.
0.00976914
0.392761
-0.0220273
0.
0.00930337
0.399433
-0.0160928
0.
0.00298869
0.
0.
0.
-0.0178677
0.
0.
0.
-0.0549703
0.325791
-0.0580838
0.
-0.0114713
0.316234
0.0901505
0.
0.0028946
0.330996
-0.050156
0.
-0.0152353
0.321064
0.109064
0.
0.0152161
0.358015
0.0758851
0.
-0.00514799
0.321601
-0.101437
0.
0.0119525
0.324476
0.035626
0.
-0.00952105
0.320551
-0.0618128
0.
-0.00338797
0.
0.
0.
-0.103558
0.
0.
0.
0.0268187
0.
0.
0.
-0.0123589
0.
0.
0.
0.154042
0.
0.
0.
-0.0391372
0.
0.
0.
-0.135726
0.
0.
0.
-0.23282
0.
0.
0.
-0.0143428
0.
0.
0.
-0.0680795
0.
0.
0.
-0.0381116
0.
0.
0.
-0.140426
0.
0.
0.
0.0386734
0.
0.
0.
-0.0945917
0.
0.
0.
0.0143905
0.
0.
0.
0.0581917
0.
0.
0.
-0.0400385
0.
0.
0.
-0.0115995
0.
0.
0.
0.0107981
1.
0.
0.
0.0321096
0.389891
-0.00777978
0.000293023
-0.000852888
0.383077
0.
-0.00477714
-0.00577467
0.264952
0.
-0.00467915
-0.00657723
0.270969
0.
0.0249512
0.0335471
0.375897
0.
0.00579245
-0.00960051
0.26491
0.
0.017447
-0.00112383
0.286953
0.
-0.00361489
0.0332986
0.26517
0.024933
0.
0.0308336
0.384403
0.0170658
0.
-0.00340198
0.251875
0.0160204
0.
-0.0104364
0.246763
0.00889639
0.
0.0312632
0.382073
0.0168175
0.
-0.00367156
0.260211
0.0185804
0.
-0.00612042
0.252749
0.0271773
-0.053433
9.08278e-05
0.248854
-0.0232413
0.0210875
-0.0030768
0.372071
-0.0206204
-0.098038
-0.00421208
0.436754
-0.174266
-0.176187
0.0851636
0.365166
0.16499
-0.183424
0.0515945
0.330539
-0.0608425
0.0221155
0.0127178
0.371584
0.136725
0.123371
0.0604111
0.300084
-0.0159112
-0.0313119
-0.0077439
0.412308
0.00216014
-0.0593946
-0.00141829
0.253139
0.0175008
0.0334185
0.0160883
0.408479
0.0243933
0.0695825
-0.00139658
0.333746
-0.141919
0.156575
0.0669326
0.428088
-0.0113385
0.00035178
0.0060584
0.309126
0.0623969
0.0898956
-0.0795895
0.361628
0.0497118
0.156116
0.0529238
