Vec Object: 1 MPI process
  type: seq
0.
0.
0.
-0.1111
0.
0.
0.
0.0371208
0.162289
-0.167208
0.
-0.0771802
0.172071
-0.17796
0.
-0.0710498
0.189869
0.203772
0.
-0.0589858
0.176455
0.166262
0.
-0.0749423
0.387466
0.00979247
0.
0.00419599
0.375196
0.00938993
0.
0.0058944
0.389827
-0.0201036
0.
0.0071464
0.395838
-0.0187649
0.
0.0105915
0.
0.
0.
-0.033832
0.
0.
0.
-0.0845082
0.3103
-0.0562221
0.
-0.017023
0.320296
0.0881333
0.
0.00365032
0.315282
-0.0511448
0.
-0.00880996
0.323348
0.115055
0.
0.0205562
0.341325
0.0707477
0.
0.00197869
0.32314
-0.1044
0.
0.0158256
0.311238
0.0414157
0.
-0.0206112
0.320467
-0.0629546
0.
-0.0018492
0.
0.
0.
-0.134793
0.
0.
0.
-0.0138249
0.
0.
0.
0.00406122
0.
0.
0.
0.106387
0.
0.
0.
-0.068839
0.
0.
0.
-0.153745
0.
0.
0.
-0.193655
0.
0.
0.
0.0485838
0.
0.
0.
-0.000806013
0.
0.
0.
-0.0129393
0.
0.
0.
-0.162283
0.
0.
0.
0.0290651
0.
0.
0.
-0.0716798
0.
0.
0.
-0.00501381
0.
0.
0.
0.166096
0.
0.
0.
0.0538257
0.
0.
0.
0.00954802
0.
0.
0.
0.00579553
1.
0.
0.
0.0456214
0.398616
-0.00839429
-0.000597594
-0.00365428
0.378124
0.
-0.00327529
-0.00335194
0.271589
0.
-0.00205729
-0.0154073
0.309455
0.
0.0178418
0.0521666
0.378597
0.
0.00430404
-0.0101036
0.273949
0.
0.012849
-0.0160683
0.319699
0.
-0.00647483
0.0647734
0.313015
0.0180691
0.
0.0653566
0.380288
0.0190793
0.
-0.00105542
0.258472
0.0221547
0.
-0.0197945
0.291434
0.000678355
0.
0.0594664
0.383192
0.014148
0.
-0.00275575
0.266284
0.0159782
0.
-0.0204626
0.247016
0.0202146
-0.0539444
-0.0111206
0.248557
-0.0246315
0.0235412
-0.0256495
0.36334
-0.0258924
-0.0623938
0.0108611
0.424875
-0.132884
-0.144789
0.131478
0.355996
0.125865
-0.148336
0.0900315
0.337587
-0.0149742
0.027722
0.0352318
0.357767
0.115719
0.0927592
0.104535
0.271891
-0.0147234
-0.0291122
-0.00815866
0.398423
0.00170396
-0.0439856
0.0130454
0.257855
0.0209665
0.0312429
-0.00580251
0.364895
0.00283316
0.0407446
0.014667
0.313518
-0.109412
0.13421
0.0998561
0.394528
-0.0075623
-0.00798841
0.0268293
0.31413
-0.00793953
0.0651157
-0.0692558
0.341528
0.0350228
0.138515
0.0938166
