Vec Object: 1 MPI process
  type: seq
0.
0.
0.
-0.0861802
0.
0.
0.
0.0196164
0.167859
-0.167518
0.
-0.0555533
0.174732
-0.179264
0.
-0.0568459
0.189397
0.206493
0.
-0.0477436
0.181473
0.164089
0.
-0.0479773
0.389185
0.00854129
0.
0.000267211
0.376036
0.0080578
0.
0.00887159
0.391548
-0.0214696
0.
0.00920772
0.398423
-0.0166394
0.
0.00476954
0.
0.
0.
-0.0207352
0.
0.
0.
-0.059604
0.321179
-0.0575145
0.
-0.0130674
0.317608
0.0895623
0.
0.00327796
0.326162
-0.050821
0.
-0.0141167
0.321655
0.111065
0.
0.0169804
0.352967
0.0747456
0.
-0.00403256
0.321966
-0.102512
0.
0.0133734
0.32075
0.0372093
0.
-0.0122628
0.320155
-0.0623294
0.
-0.00265045
0.
0.
0.
-0.115459
0.
0.
0.
0.0185076
0.
0.
0.
-0.0131499
0.
0.
0.
0.146446
0.
0.
0.
-0.0433492
0.
0.
0.
-0.144913
0.
0.
0.
-0.229327
0.
0.
0.
-0.00311705
0.
0.
0.
-0.0564792
0.
0.
0.
-0.0369944
0.
0.
0.
-0.154927
0.
0.
0.
0.034363
0.
0.
0.
-0.0954018
0.
0.
0.
0.00881023
0.
0.
0.
0.0836207
0.
0.
0.
-0.0208573
0.
0.
0.
-0.0126033
0.
0.
0.
0.0110731
1.
0.
0.
0.0366199
0.392984
-0.00805995
-2.50289e-05
-0.00181256
0.38153
0.
-0.00439495
-0.00519452
0.266718
0.
-0.00387509
-0.00876608
0.282603
0.
0.0228509
0.0384626
0.377077
0.
0.00549117
-0.0099562
0.267746
0.
0.0160791
-0.00494362
0.297002
0.
-0.00468384
0.0415118
0.279789
0.023122
0.
0.0392516
0.383068
0.017587
0.
-0.00284573
0.25338
0.0182507
0.
-0.0126189
0.260838
0.00600303
0.
0.0379176
0.382722
0.0162429
0.
-0.00349643
0.261844
0.0182744
0.
-0.0095738
0.250999
0.0253995
-0.0548217
-0.0017078
0.248914
-0.0248844
0.0226222
-0.00817239
0.371432
-0.0217302
-0.0876667
-0.000466886
0.43169
-0.163658
-0.167101
0.097022
0.359628
0.154786
-0.173622
0.0607592
0.337901
-0.0489235
0.0243978
0.018074
0.366969
0.132299
0.114826
0.07085
0.291751
-0.0160757
-0.0307076
-0.00715574
0.411212
0.00209914
-0.0563624
0.00219518
0.255274
0.0203687
0.0330936
0.011103
0.395632
0.0178912
0.060356
0.00218275
0.325716
-0.133361
0.150713
0.0748365
0.420096
-0.0108647
-0.00200612
0.0105404
0.315982
0.0422037
0.0846904
-0.0813675
0.354098
0.0463401
0.152722
0.0621241
