Vec Object: 1 MPI process
  type: seq
0.
0.
0.
-0.122799
0.
0.
0.
0.0884767
0.155273
-0.167904
0.
-0.104487
0.168404
-0.177571
0.
-0.0893342
0.192276
0.200641
0.
-0.0684115
0.169949
0.169394
0.
-0.106701
0.38496
0.0124924
0.
0.0126619
0.374324
0.0109554
0.
0.00624199
0.388687
-0.0189379
0.
0.00604926
0.392355
-0.0222229
0.
0.0208915
0.
0.
0.
-0.0493498
0.
0.
0.
-0.121971
0.298827
-0.0537655
0.
-0.0177144
0.322551
0.085446
0.
-0.000361064
0.304447
-0.0496478
0.
3.98735e-05
0.325219
0.116845
0.
0.0189367
0.329571
0.0649329
0.
0.012355
0.324575
-0.104182
0.
0.0128983
0.300222
0.0452863
0.
-0.0279475
0.321693
-0.0620793
0.
-0.00672641
0.
0.
0.
-0.120898
0.
0.
0.
-0.0507459
0.
0.
0.
0.0595159
0.
0.
0.
0.0592243
0.
0.
0.
-0.103288
0.
0.
0.
-0.125152
0.
0.
0.
-0.106584
0.
0.
0.
0.14288
0.
0.
0.
0.101373
0.
0.
0.
0.051525
0.
0.
0.
-0.1107
0.
0.
0.
0.0431514
0.
0.
0.
-0.000687707
0.
0.
0.
-0.0125369
0.
0.
0.
0.281364
0.
0.
0.
0.173836
0.
0.
0.
0.0804298
0.
0.
0.
-0.00276438
1.
0.
0.
0.0513887
0.402257
-0.0085592
-0.00111404
-0.000726396
0.375753
0.
-0.00197679
-0.00270869
0.27683
0.
-0.000324691
-0.026261
0.337443
0.
0.0129265
0.0703557
0.37982
0.
0.00262817
-0.0109932
0.279405
0.
0.00956112
-0.0312081
0.341787
0.
-0.00777111
0.0930975
0.345945
0.0125527
0.
0.0994444
0.37872
0.0205034
0.
-0.000470957
0.264442
0.0246655
0.
-0.0314659
0.320924
-0.00274833
0.
0.0908175
0.383628
0.0112694
0.
-0.00316989
0.271252
0.0123527
0.
-0.0367587
0.243579
0.0131082
-0.0475361
-0.0265503
0.248125
-0.0204235
0.020885
-0.0499696
0.346458
-0.0312648
-0.0389658
0.0272908
0.426105
-0.0965694
-0.120227
0.174902
0.363011
0.0919935
-0.120916
0.12959
0.314136
0.0162198
0.0264946
0.0604727
0.351459
0.0905055
0.071174
0.152266
0.252039
-0.00958109
-0.0267133
-0.0107135
0.370752
0.00083764
-0.0282722
0.0296017
0.257787
0.0141315
0.0269972
-0.0269743
0.33211
-0.0104093
0.0251025
0.0360715
0.309604
-0.0810772
0.113549
0.135945
0.361689
-0.00246828
-0.0123044
0.0532227
0.284
-0.0451574
0.0424076
-0.0211499
0.334414
0.0208036
0.116602
0.142187
