Vec Object: 1 MPI process
  type: seq
0.
0.
0.
-0.122563
0.
0.
0.
0.074689
0.156848
-0.167701
0.
-0.098477
0.16931
-0.177568
0.
-0.0851361
0.191622
0.201351
0.
-0.066815
0.171395
0.168695
0.
-0.0998915
0.385611
0.0117737
0.
0.0102169
0.374603
0.010517
0.
0.00549669
0.388973
-0.0190984
0.
0.00574312
0.393207
-0.0213675
0.
0.0181281
0.
0.
0.
-0.0464
0.
0.
0.
-0.113831
0.301248
-0.0544346
0.
-0.0179907
0.322111
0.0862012
0.
0.00119324
0.306696
-0.0501181
0.
-0.00204283
0.324825
0.116794
0.
0.0201466
0.33201
0.0662603
0.
0.00998077
0.324266
-0.104532
0.
0.0143787
0.302622
0.0445976
0.
-0.0267642
0.321405
-0.0624567
0.
-0.00482462
0.
0.
0.
-0.127557
0.
0.
0.
-0.0436821
0.
0.
0.
0.0444773
0.
0.
0.
0.0681098
0.
0.
0.
-0.0963394
0.
0.
0.
-0.13506
0.
0.
0.
-0.129288
0.
0.
0.
0.119726
0.
0.
0.
0.0763196
0.
0.
0.
0.0345357
0.
0.
0.
-0.127037
0.
0.
0.
0.0380506
0.
0.
0.
-0.0195908
0.
0.
0.
-0.0119688
0.
0.
0.
0.254966
0.
0.
0.
0.145335
0.
0.
0.
0.0613209
0.
0.
0.
-0.00110224
1.
0.
0.
0.0504551
0.401685
-0.00853044
-0.00100807
-0.00218563
0.376091
0.
-0.00224967
-0.0025885
0.275769
0.
-0.00066739
-0.0233886
0.331523
0.
0.0139192
0.0661503
0.379489
0.
0.00299877
-0.0106451
0.278368
0.
0.0102325
-0.0275232
0.337279
0.
-0.00754036
0.0868228
0.339151
0.0137008
0.
0.0918569
0.378872
0.0202551
0.
-0.00033369
0.263209
0.0242727
0.
-0.0284156
0.314873
-0.00220866
0.
0.0834484
0.383424
0.0119053
0.
-0.00289707
0.270226
0.0131548
0.
-0.032726
0.244274
0.0147158
-0.0492532
-0.0230042
0.248242
-0.0215174
0.0216915
-0.0443597
0.35061
-0.0301476
-0.0434638
0.0233769
0.425155
-0.104354
-0.125499
0.165255
0.360827
0.099259
-0.126685
0.120673
0.320631
0.0105287
0.0271537
0.0544614
0.352487
0.0963428
0.075444
0.14121
0.256128
-0.0109632
-0.0272919
-0.01026
0.377606
0.00105642
-0.0315332
0.0255397
0.258021
0.0160638
0.0280763
-0.022411
0.339059
-0.00790562
0.0279349
0.0307256
0.309774
-0.087206
0.11815
0.127503
0.368901
-0.00358696
-0.0116708
0.0469
0.292429
-0.0392194
0.046979
-0.0346061
0.33549
0.0238817
0.121665
0.130731
