Vec Object: 1 MPI process
  type: seq
0.
0.
0.
-0.0857737
0.
0.
0.
0.243805
0.145812
-0.165758
0.
-0.122289
0.162112
-0.175344
0.
-0.0999492
0.205164
0.188557
0.
-0.0358203
0.161462
0.171804
0.
-0.131503
0.3708
0.0270657
0.
0.0870762
0.364745
0.0226588
0.
0.0622665
0.377073
-0.0267263
0.
0.0712033
0.377163
-0.0371004
0.
0.0946815
0.
0.
0.
-0.0833585
0.
0.
0.
-0.203764
0.278046
-0.0513073
0.
-0.0462397
0.326249
0.0705562
0.
-0.053465
0.285409
-0.0500801
0.
-0.0203234
0.329126
0.104018
0.
-0.0378089
0.309261
0.0590177
0.
-0.00419886
0.32774
-0.088479
0.
-0.0453185
0.278151
0.0524946
0.
-0.057363
0.324005
-0.0513898
0.
-0.0671583
0.
0.
0.
-0.00154028
0.
0.
0.
-0.100113
0.
0.
0.
0.232616
0.
0.
0.
0.0113166
0.
0.
0.
-0.159128
0.
0.
0.
0.0223552
0.
0.
0.
0.152107
0.
0.
0.
0.384135
0.
0.
0.
0.359212
0.
0.
0.
0.23989
0.
0.
0.
0.114941
0.
0.
0.
0.111549
0.
0.
0.
0.211898
0.
0.
0.
-0.012654
0.
0.
0.
0.535815
0.
0.
0.
0.458579
0.
0.
0.
0.306008
0.
0.
0.
-0.0328099
1.
0.
0.
0.0940252
0.399972
-0.00813878
-0.00160339
0.0772128
0.379746
0.
0.000207882
-0.0104731
0.284146
0.
0.00192898
-0.0993855
0.383377
0.
0.00575989
0.1161
0.389849
0.
-0.000138694
-0.0119006
0.285504
0.
0.00489853
-0.108043
0.372767
0.
-0.00830263
0.156833
0.396027
0.00379774
0.
0.16985
0.385247
0.0202111
0.
-0.00829634
0.273416
0.0241148
0.
-0.104887
0.364494
-0.00321729
0.
0.174639
0.39461
0.00643448
0.
-0.00330219
0.278399
0.00663801
0.
-0.116716
0.236463
-0.000294057
-0.0288095
-0.0928798
0.245144
-0.00982051
0.0113194
-0.140258
0.302004
-0.0349626
-0.0120652
0.0414626
0.444018
-0.0319851
-0.0743462
0.274283
0.388527
0.0314089
-0.0735824
0.214975
0.239161
0.0398884
0.0150716
0.104731
0.345966
0.0357436
0.0424401
0.263799
0.218703
0.00321168
-0.0202312
-0.0395637
0.298273
-0.00101334
-0.00679708
0.0566779
0.251097
-0.00502263
0.0155974
-0.102721
0.272936
-0.0237422
0.010785
0.0713926
0.31628
-0.0285185
0.0716362
0.220401
0.298732
0.00589192
-0.0105618
0.0973159
0.184094
-0.0551917
0.0137073
0.136411
0.32951
-0.00443214
0.0691752
0.26131
