Vec Object: 1 MPI process
  type: seq
0.
0.
0.
-0.117467
0.
0.
0.
0.0495494
0.160196
-0.167341
0.
-0.0854296
0.171069
-0.177723
0.
-0.0763889
0.190443
0.202828
0.
-0.062384
0.174498
0.167195
0.
-0.0848043
0.3868
0.0104741
0.
0.00617128
0.375009
0.00978063
0.
0.00528622
0.38948
-0.019655
0.
0.00631504
0.394861
-0.0197127
0.
0.0132145
0.
0.
0.
-0.0390489
0.
0.
0.
-0.0958588
0.306662
-0.055629
0.
-0.0178004
0.321062
0.087491
0.
0.00315525
0.311792
-0.0508754
0.
-0.00633103
0.323942
0.115998
0.
0.0209999
0.337542
0.069053
0.
0.00493315
0.323585
-0.104678
0.
0.0158509
0.307846
0.0427865
0.
-0.0233579
0.320804
-0.0629017
0.
-0.00242149
0.
0.
0.
-0.135075
0.
0.
0.
-0.0261976
0.
0.
0.
0.0172833
0.
0.
0.
0.0904555
0.
0.
0.
-0.0798976
0.
0.
0.
-0.14961
0.
0.
0.
-0.171725
0.
0.
0.
0.0741528
0.
0.
0.
0.026925
0.
0.
0.
0.00304133
0.
0.
0.
-0.153026
0.
0.
0.
0.0308419
0.
0.
0.
-0.0543549
0.
0.
0.
-0.00862266
0.
0.
0.
0.199828
0.
0.
0.
0.0875988
0.
0.
0.
0.0265603
0.
0.
0.
0.00300149
1.
0.
0.
0.0478729
0.40002
-0.00845529
-0.000765035
-0.00362167
0.377184
0.
-0.00286518
-0.00286646
0.273293
0.
-0.00148054
-0.0182236
0.318319
0.
0.0162287
0.0574755
0.37893
0.
0.00380157
-0.0102015
0.275819
0.
0.0117825
-0.020349
0.326902
0.
-0.00693971
0.073376
0.323665
0.0163055
0.
0.0755972
0.379584
0.0195847
0.
-0.00058469
0.260379
0.0231242
0.
-0.0228616
0.301022
-0.000647025
0.
0.0684445
0.383231
0.0132824
0.
-0.00266385
0.267871
0.0148972
0.
-0.0249611
0.245867
0.0181175
-0.0524262
-0.0155976
0.248438
-0.0236048
0.0230444
-0.0327773
0.358798
-0.0275816
-0.054427
0.0154913
0.424348
-0.121585
-0.137118
0.144588
0.357233
0.115326
-0.139637
0.101777
0.332322
-0.00403752
0.0278699
0.0423563
0.35537
0.108452
0.0855737
0.118376
0.26546
-0.0134987
-0.0284439
-0.00902374
0.39105
0.0014788
-0.0390141
0.0175875
0.258119
0.0194893
0.030147
-0.0123724
0.354542
-0.00172937
0.0351808
0.0203903
0.311385
-0.100656
0.127987
0.110221
0.384548
-0.00603297
-0.00969042
0.0341764
0.30743
-0.0221321
0.0577302
-0.0582845
0.338687
0.030649
0.132188
0.107518
