Vec Object: 1 MPI process
  type: seq
0.
0.
0.
-0.0801047
0.
0.
0.
0.0190832
0.16926
-0.16784
0.
-0.0504529
0.175541
-0.179785
0.
-0.0531081
0.189665
0.207234
0.
-0.0444909
0.182577
0.163755
0.
-0.0416113
0.389634
0.00842153
0.
-0.000467069
0.376504
0.00749817
0.
0.00952107
0.392308
-0.0218359
0.
0.00933709
0.399092
-0.0162537
0.
0.00355855
0.
0.
0.
-0.0186225
0.
0.
0.
-0.0561322
0.324209
-0.0578781
0.
-0.0119784
0.316724
0.0899409
0.
0.0030192
0.329324
-0.05042
0.
-0.0149387
0.321252
0.109765
0.
0.0158133
0.356279
0.0755334
0.
-0.00486429
0.321714
-0.101817
0.
0.0124432
0.323217
0.0361464
0.
-0.0103747
0.32037
-0.062004
0.
-0.003133
0.
0.
0.
-0.107627
0.
0.
0.
0.0244472
0.
0.
0.
-0.0130239
0.
0.
0.
0.152321
0.
0.
0.
-0.0400376
0.
0.
0.
-0.138998
0.
0.
0.
-0.23227
0.
0.
0.
-0.0111469
0.
0.
0.
-0.064847
0.
0.
0.
-0.0382053
0.
0.
0.
-0.145845
0.
0.
0.
0.0372135
0.
0.
0.
-0.0954411
0.
0.
0.
0.0125662
0.
0.
0.
0.0662177
0.
0.
0.
-0.0342964
0.
0.
0.
-0.0124357
0.
0.
0.
0.0110814
1.
0.
0.
0.0336789
0.391
-0.0078886
0.000176618
-0.00117011
0.382548
0.
-0.00465407
-0.00560393
0.265527
0.
-0.00440039
-0.00728403
0.274972
0.
0.0242406
0.0351751
0.376351
0.
0.00570513
-0.00975695
0.265891
0.
0.016978
-0.0023513
0.290418
0.
-0.00401116
0.0359682
0.270204
0.0243485
0.
0.0335152
0.383941
0.0172336
0.
-0.00323942
0.252326
0.016833
0.
-0.0111184
0.25167
0.00786124
0.
0.0333773
0.382338
0.0166452
0.
-0.00363612
0.26075
0.0185305
0.
-0.00721657
0.252167
0.0265829
-0.054017
-0.000383826
0.24891
-0.0239407
0.0216853
-0.00464287
0.372048
-0.0209511
-0.0945659
-0.00300833
0.434894
-0.170855
-0.173109
0.0890149
0.36298
0.16168
-0.180163
0.0544953
0.333532
-0.0571022
0.0229195
0.0144045
0.36997
0.135385
0.120569
0.0637174
0.297265
-0.0159857
-0.0311012
-0.00749006
0.412203
0.00214544
-0.0585491
-0.000248225
0.253955
0.0186632
0.0333199
0.0145611
0.404098
0.0221947
0.0663934
-0.000279578
0.3308
-0.139127
0.154655
0.0694644
0.425583
-0.011254
-0.000410342
0.00744249
0.311881
0.0558479
0.0884156
-0.0805047
0.358885
0.0486919
0.155147
0.0558011
