Vec Object: 1 MPI process
  type: seq
0.
0.
0.
-0.122867
0.
0.
0.
0.0830984
0.155871
-0.167825
0.
-0.102218
0.168754
-0.177565
0.
-0.0877352
0.192019
0.200913
0.
-0.0678472
0.170497
0.169129
0.
-0.104136
0.385216
0.0122098
0.
0.0116814
0.374439
0.0107798
0.
0.00590182
0.388802
-0.0189894
0.
0.00587552
0.392687
-0.0218906
0.
0.0197975
0.
0.
0.
-0.0482661
0.
0.
0.
-0.118904
0.29974
-0.0540272
0.
-0.0178393
0.322387
0.085746
0.
0.00028457
0.305293
-0.0498337
0.
-0.000750623
0.32507
0.116852
0.
0.0194652
0.330488
0.0654373
0.
0.0114611
0.324459
-0.104338
0.
0.0135282
0.301131
0.0450362
0.
-0.0275258
0.321584
-0.0622364
0.
-0.00593798
0.
0.
0.
-0.123652
0.
0.
0.
-0.0481498
0.
0.
0.
0.0536423
0.
0.
0.
0.0624752
0.
0.
0.
-0.10071
0.
0.
0.
-0.129135
0.
0.
0.
-0.115408
0.
0.
0.
0.133958
0.
0.
0.
0.0917224
0.
0.
0.
0.0449159
0.
0.
0.
-0.117195
0.
0.
0.
0.0410918
0.
0.
0.
-0.00804921
0.
0.
0.
-0.0123926
0.
0.
0.
0.271293
0.
0.
0.
0.162906
0.
0.
0.
0.0729743
0.
0.
0.
-0.00215314
1.
0.
0.
0.0510453
0.402055
-0.00854879
-0.00107438
-0.00135187
0.375868
0.
-0.00207936
-0.0026428
0.276434
0.
-0.000452255
-0.0251259
0.335211
0.
0.0132977
0.0687452
0.379687
0.
0.00276831
-0.0108506
0.279022
0.
0.00981231
-0.0297737
0.340097
0.
-0.00768711
0.0907116
0.343393
0.0129841
0.
0.096564
0.378763
0.0204144
0.
-0.000398146
0.263981
0.0245266
0.
-0.0302635
0.318653
-0.00255639
0.
0.0879895
0.383539
0.01151
0.
-0.00305474
0.270868
0.0126556
0.
-0.0351882
0.243841
0.0137195
-0.0482028
-0.025195
0.248172
-0.0208454
0.0212021
-0.0478171
0.348056
-0.030848
-0.0406304
0.02579
0.425706
-0.0995071
-0.12222
0.171236
0.36215
0.0947362
-0.123089
0.126197
0.316667
0.0141388
0.0267663
0.0581647
0.351828
0.0927334
0.0727638
0.148038
0.253575
-0.0101185
-0.0269361
-0.0105497
0.373392
0.00092203
-0.0294913
0.028034
0.257889
0.0148857
0.0274142
-0.025245
0.334732
-0.00948484
0.0261407
0.034006
0.309631
-0.0833943
0.115297
0.132711
0.364421
-0.00289026
-0.0120851
0.0507983
0.287292
-0.0430452
0.0441091
-0.0264277
0.334796
0.021966
0.118534
0.137791
