Vec Object: 1 MPI process
  type: seq
0.
0.
0.
-0.0761763
0.
0.
0.
0.0196126
0.170355
-0.168189
0.
-0.0466883
0.176257
-0.180262
0.
-0.0501134
0.190026
0.207826
0.
-0.0418914
0.183357
0.16361
0.
-0.0370221
0.389986
0.00841122
0.
-0.00096081
0.376994
0.00695401
0.
0.00987401
0.393023
-0.022132
0.
0.00925554
0.399615
-0.0160173
0.
0.00269625
0.
0.
0.
-0.017558
0.
0.
0.
-0.0545156
0.326653
-0.058201
0.
-0.011217
0.315959
0.0902693
0.
0.00283273
0.331911
-0.0499971
0.
-0.0153576
0.320969
0.108677
0.
0.014897
0.35896
0.0760596
0.
-0.00526033
0.321545
-0.101226
0.
0.0116867
0.325153
0.0353537
0.
-0.0090983
0.320671
-0.061703
0.
-0.00352482
0.
0.
0.
-0.101394
0.
0.
0.
0.0278927
0.
0.
0.
-0.0118588
0.
0.
0.
0.154568
0.
0.
0.
-0.0388863
0.
0.
0.
-0.133937
0.
0.
0.
-0.232864
0.
0.
0.
-0.015813
0.
0.
0.
-0.0695302
0.
0.
0.
-0.0378834
0.
0.
0.
-0.137352
0.
0.
0.
0.0394319
0.
0.
0.
-0.0939185
0.
0.
0.
0.0153346
0.
0.
0.
0.0541384
0.
0.
0.
-0.0428029
0.
0.
0.
-0.0109759
0.
0.
0.
0.0105665
1.
0.
0.
0.0312525
0.389267
-0.00771462
0.000359807
-0.000688318
0.383363
0.
-0.00484039
-0.0058534
0.264653
0.
-0.00483242
-0.00621345
0.268789
0.
0.0253315
0.0326874
0.375626
0.
0.0058327
-0.00949867
0.264375
0.
0.0177021
-0.000497927
0.285063
0.
-0.00338471
0.0319181
0.26243
0.0252325
0.
0.0294685
0.384655
0.0169796
0.
-0.0034762
0.251661
0.0155558
0.
-0.0100966
0.244061
0.00947762
0.
0.0301864
0.38191
0.0169
0.
-0.00367814
0.259928
0.0185825
0.
-0.00556559
0.253051
0.0274981
-0.0530737
0.000292409
0.248802
-0.0228007
0.0207339
-0.00230707
0.371999
-0.0204621
-0.0998768
-0.00482762
0.437812
-0.176011
-0.17784
0.0831686
0.366478
0.166697
-0.185144
0.0501253
0.328729
-0.0626929
0.0216776
0.0118729
0.372471
0.137377
0.124823
0.058734
0.301591
-0.0158712
-0.0314297
-0.00789656
0.412255
0.00216541
-0.059765
-0.00202099
0.252656
0.016794
0.033471
0.016836
0.410845
0.0255656
0.0713179
-0.00195399
0.335429
-0.143366
0.157575
0.0656333
0.42934
-0.0113484
0.000739391
0.00537016
0.307485
0.0657325
0.0905549
-0.0789897
0.36319
0.0501981
0.156556
0.0514773
