Vec Object: 1 MPI process
  type: seq
0.
0.
0.
-0.0865241
0.
0.
0.
0.0196866
0.167785
-0.167505
0.
-0.0558301
0.174692
-0.179238
0.
-0.0570409
0.189388
0.206454
0.
-0.0479123
0.181411
0.164111
0.
-0.0483257
0.389162
0.00855054
0.
0.000309047
0.376015
0.00808368
0.
0.00883263
0.391512
-0.0214505
0.
0.00919427
0.398388
-0.0166621
0.
0.00483679
0.
0.
0.
-0.0208679
0.
0.
0.
-0.0598298
0.321022
-0.0574965
0.
-0.0131271
0.317652
0.0895431
0.
0.00329146
0.326
-0.050838
0.
-0.0140652
0.321678
0.11113
0.
0.0170412
0.352796
0.0747006
0.
-0.00397895
0.32198
-0.102546
0.
0.0134208
0.320619
0.0372666
0.
-0.0123689
0.320148
-0.0623448
0.
-0.00262627
0.
0.
0.
-0.115857
0.
0.
0.
0.0181518
0.
0.
0.
-0.0131087
0.
0.
0.
0.146056
0.
0.
0.
-0.0435764
0.
0.
0.
-0.145199
0.
0.
0.
-0.229101
0.
0.
0.
-0.00262851
0.
0.
0.
-0.0559635
0.
0.
0.
-0.0368756
0.
0.
0.
-0.155339
0.
0.
0.
0.034219
0.
0.
0.
-0.0953327
0.
0.
0.
0.00860804
0.
0.
0.
0.084595
0.
0.
0.
-0.0200712
0.
0.
0.
-0.0125515
0.
0.
0.
0.0110526
1.
0.
0.
0.0367691
0.393082
-0.00806762
-3.48023e-05
-0.0018465
0.381478
0.
-0.00438071
-0.00517075
0.266782
0.
-0.00384807
-0.00884736
0.282997
0.
0.0227781
0.0386393
0.37711
0.
0.00547845
-0.00996337
0.267841
0.
0.0160324
-0.00508573
0.297342
0.
-0.00471601
0.0418135
0.280284
0.0230551
0.
0.03957
0.383023
0.0176064
0.
-0.00282278
0.253441
0.0183196
0.
-0.0127033
0.261306
0.00591109
0.
0.0381709
0.382738
0.0162195
0.
-0.00348708
0.261903
0.0182556
0.
-0.00970485
0.250938
0.0253357
-0.0548514
-0.00179224
0.248912
-0.0249196
0.022663
-0.00837385
0.371379
-0.0217759
-0.0873022
-0.000327187
0.431538
-0.163263
-0.166786
0.0974591
0.359484
0.15441
-0.173273
0.0611091
0.338076
-0.0484694
0.0244706
0.018279
0.366817
0.13212
0.114517
0.0712484
0.291462
-0.0160769
-0.0306871
-0.00714518
0.411131
0.00209607
-0.0562298
0.00232876
0.255334
0.0204381
0.0330797
0.0109054
0.395191
0.0176663
0.0600469
0.00232193
0.325472
-0.133049
0.150499
0.0751342
0.419788
-0.0108368
-0.00209248
0.0107177
0.316147
0.0414686
0.0844682
-0.081374
0.353867
0.0462054
0.152576
0.0624819
