Vec Object: 1 MPI process
  type: seq
0.
0.
0.
0.475433
0.
0.
0.
1.03299
0.242796
-0.0719084
0.
1.65754
0.259678
-0.0783874
0.
1.67075
0.309567
0.0910299
0.
1.73078
0.260718
0.0759276
0.
1.6414
0.372246
0.0198769
0.
-0.92856
0.372365
0.012947
0.
-0.962609
0.376474
-0.018934
0.
-0.921521
0.378553
-0.0279032
0.
-0.92715
0.
0.
0.
0.22163
0.
0.
0.
-0.00402961
0.250488
-0.0765456
0.
0.0107054
0.330002
0.0113366
0.
-0.980559
0.260244
-0.0810441
0.
0.021489
0.333928
0.0269193
0.
-1.00334
0.283428
0.0800505
0.
0.059453
0.331699
-0.0102547
0.
-1.00269
0.248038
0.0761456
0.
0.0863912
0.328216
-0.00410011
0.
-1.00911
0.
0.
0.
0.72206
0.
0.
0.
0.265362
0.
0.
0.
1.05691
0.
0.
0.
0.485267
0.
0.
0.
0.161278
0.
0.
0.
0.787061
0.
0.
0.
1.12502
0.
0.
0.
1.40205
0.
0.
0.
1.33024
0.
0.
0.
1.05816
0.
0.
0.
1.00842
0.
0.
0.
0.698307
0.
0.
0.
1.0451
0.
0.
0.
0.42781
0.
0.
0.
1.78071
0.
0.
0.
1.57474
0.
0.
0.
1.36989
0.
0.
0.
0.252835
1.
0.
0.
1.98457
0.40659
-0.0042046
-0.000490311
-0.922541
0.390971
0.
0.00185897
-1.01725
0.285843
0.
0.00267318
-0.813765
0.348604
0.
0.00126554
1.35272
0.406068
0.
-0.000674692
-1.00204
0.28397
0.
0.00317772
-0.76228
0.329075
0.
-0.00665695
1.3741
0.359632
0.000710652
0.
1.3779
0.39756
0.00865432
0.
-1.01558
0.276296
0.00999578
0.
-0.801671
0.324929
0.00109081
0.
1.41499
0.411445
0.00567744
0.
-0.998931
0.278586
0.00705211
0.
-0.784577
0.219881
-0.0048201
-0.0128123
-0.180655
0.232433
-0.000588956
0.00355095
-0.55493
0.249812
-0.0178421
-0.00187999
0.479244
0.439955
-0.00287618
-0.0363723
1.70471
0.381317
0.00833305
-0.0375115
1.41132
0.160304
0.0231069
0.0039845
0.647438
0.309815
0.00881448
0.026784
1.40186
0.187629
0.00311155
-0.0121063
0.163484
0.224194
0.00182616
0.00219677
0.538478
0.233118
-0.00692159
0.00567855
-0.275975
0.2212
-0.0192521
0.00808634
0.518151
0.297659
-0.00452486
0.0362572
1.30575
0.239513
0.0093802
-0.00256406
0.681352
0.0805167
-0.02183
0.00488521
0.87436
0.293996
-0.00253241
0.0312066
1.36883
