Vec Object: 1 MPI process
  type: seq
0.
0.
0.
-0.0959775
0.
0.
0.
0.0231979
0.165808
-0.167255
0.
-0.0633732
0.173699
-0.178654
0.
-0.0621487
0.189333
0.205449
0.
-0.0522382
0.1797
0.164787
0.
-0.0578393
0.388544
0.00888483
0.
0.00152528
0.375596
0.00866345
0.
0.00771138
0.390712
-0.0209492
0.
0.00863968
0.39746
-0.0173349
0.
0.00673346
0.
0.
0.
-0.0250036
0.
0.
0.
-0.0671751
0.316957
-0.0570441
0.
-0.014715
0.318734
0.089049
0.
0.00360358
0.321852
-0.0511499
0.
-0.0124577
0.322284
0.112765
0.
0.0185778
0.348393
0.0734006
0.
-0.00224126
0.322381
-0.103382
0.
0.0145743
0.317177
0.0388039
0.
-0.0153307
0.320109
-0.0626847
0.
-0.00207414
0.
0.
0.
-0.125369
0.
0.
0.
0.0075404
0.
0.
0.
-0.0101207
0.
0.
0.
0.133521
0.
0.
0.
-0.0511521
0.
0.
0.
-0.151348
0.
0.
0.
-0.22049
0.
0.
0.
0.0125829
0.
0.
0.
-0.0397271
0.
0.
0.
-0.0316346
0.
0.
0.
-0.163296
0.
0.
0.
0.0309336
0.
0.
0.
-0.090939
0.
0.
0.
0.00326466
0.
0.
0.
0.112111
0.
0.
0.
0.00328393
0.
0.
0.
-0.00873345
0.
0.
0.
0.00986676
1.
0.
0.
0.0404626
0.395439
-0.00823061
-0.000268214
-0.00270138
0.380137
0.
-0.0039889
-0.00449696
0.268529
0.
-0.00315674
-0.0110911
0.293122
0.
0.0208898
0.0434192
0.377825
0.
0.00509942
-0.0100676
0.27025
0.
0.0148236
-0.0089721
0.306011
0.
-0.00547129
0.050019
0.292937
0.0212404
0.
0.0484557
0.381902
0.0181386
0.
-0.00217005
0.255176
0.0199629
0.
-0.0150873
0.273117
0.00368856
0.
0.0453216
0.383034
0.0155372
0.
-0.00320182
0.263487
0.017602
0.
-0.0133689
0.249369
0.0235822
-0.0551821
-0.00452629
0.248797
-0.0253924
0.0234342
-0.0141568
0.369342
-0.023124
-0.0777777
0.00352927
0.428128
-0.152448
-0.158555
0.109435
0.35675
0.144184
-0.164034
0.0709526
0.340739
-0.0360755
0.026145
0.0240299
0.363065
0.126854
0.106334
0.0824858
0.283977
-0.0159293
-0.0301429
-0.00714048
0.407972
0.00199173
-0.0522352
0.00600452
0.256634
0.0215867
0.0326083
0.00523916
0.383742
0.011876
0.0522752
0.00631443
0.319879
-0.124567
0.144709
0.0834835
0.411116
-0.00988326
-0.00437945
0.015881
0.318532
0.0221365
0.0779272
-0.0799193
0.348414
0.0423714
0.148156
0.0727576
