Vec Object: 1 MPI process
  type: seq
0.
0.
0.
-0.0757712
0.
0.
0.
0.292666
0.150758
-0.158398
0.
-0.0614057
0.16703
-0.168341
0.
-0.0395993
0.217251
0.17735
0.
0.0441864
0.166772
0.165697
0.
-0.0708253
0.359272
0.0384945
0.
0.147501
0.356065
0.0327144
0.
0.111721
0.36505
-0.0373323
0.
0.138553
0.365715
-0.0482976
0.
0.15354
0.
0.
0.
-0.118049
0.
0.
0.
-0.25426
0.270917
-0.0593617
0.
-0.106289
0.327921
0.0602326
0.
-0.110189
0.278868
-0.0606907
0.
-0.0839457
0.331193
0.0916545
0.
-0.0998952
0.302447
0.0659011
0.
-0.0571786
0.329461
-0.0754387
0.
-0.106639
0.270072
0.0617566
0.
-0.105138
0.324628
-0.0433606
0.
-0.127838
0.
0.
0.
0.0428392
0.
0.
0.
-0.129921
0.
0.
0.
0.289346
0.
0.
0.
-0.00670295
0.
0.
0.
-0.192882
0.
0.
0.
0.0768277
0.
0.
0.
0.246698
0.
0.
0.
0.469557
0.
0.
0.
0.446698
0.
0.
0.
0.300673
0.
0.
0.
0.201928
0.
0.
0.
0.124626
0.
0.
0.
0.281851
0.
0.
0.
-0.0297738
0.
0.
0.
0.634554
0.
0.
0.
0.560727
0.
0.
0.
0.392767
0.
0.
0.
-0.0714059
1.
0.
0.
0.182094
0.394357
-0.0072783
-0.00136827
0.147873
0.385469
0.
0.000902433
-0.0246131
0.286365
0.
0.00234394
-0.176287
0.390563
0.
0.00394178
0.149317
0.39882
0.
-0.000595005
-0.0159049
0.286961
0.
0.00392276
-0.183601
0.374838
0.
-0.00783726
0.198399
0.403437
0.00191072
0.
0.21065
0.392578
0.0187665
0.
-0.0219849
0.276106
0.021986
0.
-0.179269
0.369978
-0.00160564
0.
0.226283
0.405328
0.00562103
0.
-0.00693696
0.280367
0.00600952
0.
-0.193014
0.233425
-0.00282269
-0.0225387
-0.1631
0.243301
-0.00679165
0.00808898
-0.219113
0.284514
-0.0301931
-0.00735058
0.0126937
0.449418
-0.0128808
-0.0598005
0.338702
0.394691
0.0136719
-0.0594621
0.261595
0.210577
0.0375413
0.0103577
0.0989809
0.341803
0.018462
0.0360556
0.315473
0.208335
0.00355862
-0.0176352
-0.0882518
0.271283
-0.000994086
-0.00286589
0.044304
0.247582
-0.00712485
0.0117136
-0.179613
0.253668
-0.0238801
0.00923514
0.0537026
0.31732
-0.0120254
0.0581504
0.258258
0.278159
0.00779551
-0.00755661
0.0913985
0.145984
-0.0469364
0.00872781
0.182571
0.325671
-0.0115663
0.0539822
0.314798
