Vec Object: 1 MPI process
  type: seq
0.
0.
0.
-0.0747581
0.
0.
0.
0.0200614
0.170835
-0.16837
0.
-0.045117
0.176597
-0.180493
0.
-0.0487841
0.190229
0.208089
0.
-0.0407473
0.183674
0.163585
0.
-0.0351503
0.390139
0.00843301
0.
-0.00115286
0.377247
0.0066828
0.
0.00997475
0.393369
-0.0222657
0.
0.00916556
0.399843
-0.015934
0.
0.00234349
0.
0.
0.
-0.0172656
0.
0.
0.
-0.054108
0.327744
-0.0583548
0.
-0.0109189
0.315602
0.0904255
0.
0.00276202
0.333074
-0.049781
0.
-0.0154735
0.320858
0.108181
0.
0.0145002
0.360158
0.0762643
0.
-0.00536186
0.321479
-0.100955
0.
0.0113528
0.326004
0.0350202
0.
-0.00860671
0.320843
-0.0615583
0.
-0.00369472
0.
0.
0.
-0.0987291
0.
0.
0.
0.0290355
0.
0.
0.
-0.0111101
0.
0.
0.
0.154813
0.
0.
0.
-0.0388038
0.
0.
0.
-0.131688
0.
0.
0.
-0.232678
0.
0.
0.
-0.0174182
0.
0.
0.
-0.0710718
0.
0.
0.
-0.0374381
0.
0.
0.
-0.133378
0.
0.
0.
0.0403398
0.
0.
0.
-0.0928814
0.
0.
0.
0.0164765
0.
0.
0.
0.0493258
0.
0.
0.
-0.0459478
0.
0.
0.
-0.0100482
0.
0.
0.
0.010201
1.
0.
0.
0.0301689
0.388459
-0.00762599
0.000447933
-0.000489496
0.38372
0.
-0.00491668
-0.00593795
0.264291
0.
-0.00502833
-0.00577475
0.26603
0.
0.0258053
0.0316256
0.37526
0.
0.00587629
-0.00935215
0.263698
0.
0.0180253
0.000248699
0.282668
0.
-0.00307759
0.0302468
0.258964
0.0255913
0.
0.0278363
0.384975
0.0168757
0.
-0.00355491
0.251424
0.0149441
0.
-0.00969917
0.240609
0.0102311
0.
0.0288962
0.381684
0.0169932
0.
-0.00367271
0.25958
0.01856
0.
-0.00490667
0.253416
0.0279046
-0.0525815
0.000495439
0.248712
-0.0221827
0.0202598
-0.00141614
0.371821
-0.0202829
-0.102146
-0.00556455
0.439193
-0.178101
-0.179906
0.0807469
0.368258
0.168758
-0.187263
0.0483755
0.326271
-0.0648311
0.0211286
0.0108809
0.3736
0.138128
0.126576
0.0567331
0.303466
-0.0158268
-0.0315831
-0.00809805
0.412084
0.00216929
-0.0601425
-0.00274713
0.252005
0.0158282
0.0335393
0.017698
0.413819
0.027019
0.0735078
-0.00260763
0.337635
-0.145123
0.158794
0.0640662
0.430811
-0.0113239
0.00119875
0.00456206
0.30529
0.0696874
0.0912378
-0.0781485
0.365236
0.0507393
0.157027
0.0497629
