Vec Object: 1 MPI process
  type: seq
0.
0.
0.
-0.075342
0.
0.
0.
0.0198545
0.170629
-0.16829
0.
-0.0457849
0.176449
-0.180392
0.
-0.0493556
0.190138
0.207976
0.
-0.0412383
0.18354
0.163593
0.
-0.0359422
0.390073
0.0084216
0.
-0.00107232
0.377135
0.00680171
0.
0.00993585
0.393218
-0.022208
0.
0.00920828
0.399746
-0.0159682
0.
0.00249296
0.
0.
0.
-0.017378
0.
0.
0.
-0.0542613
0.327274
-0.0582879
0.
-0.0110439
0.315757
0.0903575
0.
0.00279132
0.332573
-0.049876
0.
-0.0154289
0.320904
0.108396
0.
0.01467
0.359642
0.0761784
0.
-0.00532361
0.321507
-0.101072
0.
0.0114961
0.325639
0.0351622
0.
-0.00881227
0.320766
-0.0616214
0.
-0.00362213
0.
0.
0.
-0.0998643
0.
0.
0.
0.0285731
0.
0.
0.
-0.0114468
0.
0.
0.
0.154765
0.
0.
0.
-0.0388077
0.
0.
0.
-0.132652
0.
0.
0.
-0.23279
0.
0.
0.
-0.0167614
0.
0.
0.
-0.0704477
0.
0.
0.
-0.0376498
0.
0.
0.
-0.135097
0.
0.
0.
0.0399571
0.
0.
0.
-0.0933514
0.
0.
0.
0.0159925
0.
0.
0.
0.0513536
0.
0.
0.
-0.0446421
0.
0.
0.
-0.0104646
0.
0.
0.
0.0103677
1.
0.
0.
0.0306348
0.388809
-0.00766498
0.000409508
-0.000573699
0.383567
0.
-0.00488436
-0.00590366
0.264445
0.
-0.00494373
-0.00596054
0.267217
0.
0.0256025
0.0320789
0.375421
0.
0.00585853
-0.00941765
0.263989
0.
0.0178862
-6.62206e-05
0.283699
0.
-0.00321199
0.0309555
0.260455
0.0254397
0.
0.0285257
0.384838
0.0169197
0.
-0.00352317
0.251521
0.0152107
0.
-0.00986573
0.242099
0.00990439
0.
0.0294416
0.381784
0.0169547
0.
-0.00367697
0.259729
0.0185731
0.
-0.00518426
0.253262
0.0277294
-0.0527982
0.000414872
0.248754
-0.0224568
0.0204673
-0.0017882
0.371909
-0.0203572
-0.101178
-0.0052533
0.438593
-0.177218
-0.17902
0.081775
0.367476
0.167885
-0.186359
0.0491136
0.32735
-0.0639397
0.0213638
0.011297
0.373114
0.137815
0.125833
0.0575777
0.302664
-0.0158447
-0.0315164
-0.00801059
0.412171
0.00216801
-0.0599925
-0.00243979
0.252291
0.0162533
0.0335095
0.0173385
0.412542
0.026398
0.0725666
-0.00233348
0.336675
-0.144377
0.158276
0.0647301
0.430194
-0.0113396
0.00100555
0.00490139
0.306249
0.0680239
0.0909648
-0.0785206
0.364346
0.0505169
0.156836
0.0504851
