Vec Object: 1 MPI process
  type: seq
0.
0.
0.
-0.109702
0.
0.
0.
0.0351768
0.162669
-0.167195
0.
-0.0756829
0.172247
-0.178016
0.
-0.0700893
0.189782
0.203947
0.
-0.0583201
0.176809
0.166095
0.
-0.0731218
0.387583
0.00967937
0.
0.00387249
0.37523
0.00931968
0.
0.00605208
0.389899
-0.0201904
0.
0.00731366
0.396013
-0.0186
0.
0.0101443
0.
0.
0.
-0.0328589
0.
0.
0.
-0.0824897
0.310984
-0.056319
0.
-0.0168284
0.320146
0.0882398
0.
0.00369165
0.315946
-0.0511743
0.
-0.0092382
0.323237
0.114849
0.
0.0204088
0.342042
0.071048
0.
0.00147157
0.323058
-0.104322
0.
0.0157561
0.311865
0.0411499
0.
-0.0200713
0.320412
-0.0629467
0.
-0.00180941
0.
0.
0.
-0.13431
0.
0.
0.
-0.0115079
0.
0.
0.
0.00202069
0.
0.
0.
0.109368
0.
0.
0.
-0.0668241
0.
0.
0.
-0.154055
0.
0.
0.
-0.197192
0.
0.
0.
0.0442405
0.
0.
0.
-0.00551418
0.
0.
0.
-0.0154799
0.
0.
0.
-0.163307
0.
0.
0.
0.0289781
0.
0.
0.
-0.0743925
0.
0.
0.
-0.00424167
0.
0.
0.
0.160073
0.
0.
0.
0.0479498
0.
0.
0.
0.00691708
0.
0.
0.
0.00629552
1.
0.
0.
0.0451508
0.398326
-0.00838127
-0.000565497
-0.00360433
0.378316
0.
-0.00335136
-0.00346006
0.271269
0.
-0.00216793
-0.0149199
0.307786
0.
0.0181499
0.0512118
0.378531
0.
0.00439393
-0.0100962
0.273585
0.
0.013051
-0.0152986
0.318323
0.
-0.00638164
0.0631955
0.310989
0.0184002
0.
0.0635034
0.380437
0.018982
0.
-0.00116071
0.258118
0.0219549
0.
-0.0192618
0.289602
0.000952517
0.
0.0578763
0.383185
0.0143035
0.
-0.00278951
0.265988
0.0161692
0.
-0.0196693
0.247242
0.0205895
-0.0541674
-0.0103382
0.24858
-0.0247824
0.0235931
-0.0243705
0.364099
-0.0255846
-0.0639352
0.0100441
0.425073
-0.13497
-0.146219
0.129091
0.355884
0.127813
-0.149966
0.0879199
0.338314
-0.0171042
0.0276365
0.0339757
0.358258
0.116997
0.0941364
0.102071
0.273116
-0.0149087
-0.0292289
-0.00801006
0.399645
0.00174082
-0.0448971
0.0122528
0.257775
0.0211605
0.0314211
-0.00459714
0.366837
0.00372443
0.0418512
0.0136902
0.314021
-0.111026
0.135343
0.0980193
0.396342
-0.0078335
-0.00764161
0.0255571
0.31506
-0.00505983
0.0664943
-0.0708924
0.34213
0.0358224
0.139627
0.0914126
