Vec Object: 1 MPI process
  type: seq
0.
0.
0.
-0.0855743
0.
0.
0.
0.0195027
0.167991
-0.167543
0.
-0.0550635
0.174804
-0.179309
0.
-0.0564993
0.189413
0.206561
0.
-0.0474432
0.181581
0.164052
0.
-0.0473615
0.389227
0.00852555
0.
0.000193693
0.376073
0.00801104
0.
0.00893979
0.391612
-0.0215036
0.
0.00923006
0.398486
-0.0165997
0.
0.00465099
0.
0.
0.
-0.0205044
0.
0.
0.
-0.0592135
0.321459
-0.0575467
0.
-0.0129617
0.317529
0.0895964
0.
0.00325386
0.326452
-0.0507898
0.
-0.0142061
0.321616
0.110947
0.
0.0168722
0.353272
0.0748247
0.
-0.0041254
0.321941
-0.10245
0.
0.0132889
0.320981
0.0371079
0.
-0.0120758
0.320168
-0.0623017
0.
-0.00269378
0.
0.
0.
-0.114747
0.
0.
0.
0.0191297
0.
0.
0.
-0.0132106
0.
0.
0.
0.147121
0.
0.
0.
-0.0429581
0.
0.
0.
-0.144399
0.
0.
0.
-0.22971
0.
0.
0.
-0.00396838
0.
0.
0.
-0.0573765
0.
0.
0.
-0.0371912
0.
0.
0.
-0.154179
0.
0.
0.
0.0346211
0.
0.
0.
-0.0955075
0.
0.
0.
0.00916855
0.
0.
0.
0.0819041
0.
0.
0.
-0.0222342
0.
0.
0.
-0.0126796
0.
0.
0.
0.0111048
1.
0.
0.
0.0363534
0.392809
-0.00804602
-7.482e-06
-0.00175223
0.381624
0.
-0.0044201
-0.00523627
0.266604
0.
-0.0039232
-0.00862251
0.281901
0.
0.0229802
0.0381497
0.377017
0.
0.00551341
-0.00994274
0.267576
0.
0.0161622
-0.00469247
0.296398
0.
-0.00462598
0.0409782
0.278909
0.0232404
0.
0.03869
0.383148
0.0175527
0.
-0.00288601
0.253274
0.0181269
0.
-0.0124703
0.260005
0.0061677
0.
0.0374712
0.382693
0.0162839
0.
-0.00351264
0.26174
0.0183065
0.
-0.00934267
0.251108
0.0255122
-0.0547659
-0.00156149
0.248918
-0.0248185
0.0225478
-0.00781827
0.37152
-0.0216503
-0.0883141
-0.000713624
0.431965
-0.164356
-0.167661
0.0962494
0.359891
0.15545
-0.17424
0.0601427
0.337577
-0.0497251
0.024267
0.0177126
0.36724
0.132613
0.115372
0.0701478
0.292264
-0.0160724
-0.0307439
-0.00717634
0.411349
0.00210444
-0.0565939
0.00195912
0.255165
0.0202405
0.0331178
0.0114505
0.396417
0.0182912
0.0609071
0.00193788
0.326154
-0.133915
0.15109
0.0743114
0.420639
-0.0109125
-0.00185314
0.0102291
0.315677
0.0435068
0.0850792
-0.0813459
0.354515
0.0465768
0.152977
0.0614947
