Vec Object: 1 MPI process
  type: seq
0.
0.
0.
-0.120051
0.
0.
0.
0.057977
0.158981
-0.167455
0.
-0.090194
0.170456
-0.177638
0.
-0.0795311
0.190837
0.202291
0.
-0.0641402
0.173367
0.16774
0.
-0.0903769
0.386392
0.0109143
0.
0.00749249
0.374884
0.0100247
0.
0.00517379
0.3893
-0.0194255
0.
0.00596324
0.394279
-0.0202919
0.
0.0148779
0.
0.
0.
-0.0418823
0.
0.
0.
-0.102462
0.304647
-0.0552322
0.
-0.0180133
0.321464
0.0870658
0.
0.00262884
0.309882
-0.0506433
0.
-0.00481296
0.324271
0.116391
0.
0.0209337
0.335469
0.0680476
0.
0.00673827
0.323837
-0.104713
0.
0.0155527
0.305924
0.0434998
0.
-0.0247414
0.321018
-0.0627933
0.
-0.00306193
0.
0.
0.
-0.133439
0.
0.
0.
-0.032917
0.
0.
0.
0.0263542
0.
0.
0.
0.0818286
0.
0.
0.
-0.0861014
0.
0.
0.
-0.145406
0.
0.
0.
-0.157293
0.
0.
0.
0.0900875
0.
0.
0.
0.0442053
0.
0.
0.
0.0136949
0.
0.
0.
-0.145068
0.
0.
0.
0.0328585
0.
0.
0.
-0.042655
0.
0.
0.
-0.0101844
0.
0.
0.
0.219696
0.
0.
0.
0.108083
0.
0.
0.
0.0381892
0.
0.
0.
0.001432
1.
0.
0.
0.0489356
0.400699
-0.00848494
-0.000856253
-0.0033236
0.376729
0.
-0.00263587
-0.00268743
0.274227
0.
-0.00117083
-0.0199834
0.32323
0.
0.0153552
0.0605924
0.37912
0.
0.00350868
-0.010317
0.276803
0.
0.011199
-0.0228845
0.330813
0.
-0.00717617
0.0782914
0.329478
0.0153311
0.
0.0815224
0.379266
0.0198493
0.
-0.000414454
0.261439
0.0235938
0.
-0.0247646
0.306233
-0.0012857
0.
0.0737981
0.383273
0.0127796
0.
-0.00269247
0.268753
0.0142618
0.
-0.027682
0.245262
0.0168866
-0.0513627
-0.0182672
0.248371
-0.0228952
0.0226202
-0.036951
0.355938
-0.0285385
-0.0502086
0.0182821
0.42443
-0.115212
-0.132821
0.15213
0.358344
0.109385
-0.134811
0.108629
0.328468
0.00165781
0.027731
0.0466455
0.354201
0.104111
0.0817149
0.126568
0.261953
-0.0126505
-0.0280376
-0.00951144
0.386371
0.00133326
-0.036218
0.0203693
0.258151
0.0183724
0.029435
-0.0160865
0.348788
-0.00411866
0.0323367
0.0239739
0.310576
-0.0956985
0.124402
0.116395
0.378817
-0.00513838
-0.0105126
0.0386685
0.30251
-0.0290905
0.0536652
-0.0505104
0.337361
0.0281567
0.128412
0.115768
