Vec Object: 1 MPI process
  type: seq
0.
0.
0.
-0.0956052
0.
0.
0.
0.0229997
0.165886
-0.167261
0.
-0.0630721
0.173736
-0.178674
0.
-0.0619505
0.189329
0.205488
0.
-0.052075
0.179769
0.164757
0.
-0.0574601
0.388568
0.00886885
0.
0.00147382
0.375608
0.00864402
0.
0.00775676
0.390739
-0.0209686
0.
0.00866751
0.397496
-0.0173063
0.
0.00665522
0.
0.
0.
-0.0248232
0.
0.
0.
-0.0668434
0.317112
-0.0570613
0.
-0.0146543
0.318694
0.0890681
0.
0.00359384
0.322008
-0.0511425
0.
-0.0125284
0.322259
0.112705
0.
0.0185215
0.34856
0.0734549
0.
-0.00231982
0.322365
-0.103352
0.
0.0145337
0.317311
0.0387436
0.
-0.0152112
0.320106
-0.0626738
0.
-0.00209162
0.
0.
0.
-0.125044
0.
0.
0.
0.00799011
0.
0.
0.
-0.0103077
0.
0.
0.
0.134075
0.
0.
0.
-0.0508076
0.
0.
0.
-0.151166
0.
0.
0.
-0.220922
0.
0.
0.
0.011909
0.
0.
0.
-0.0404513
0.
0.
0.
-0.0319158
0.
0.
0.
-0.163097
0.
0.
0.
0.0310378
0.
0.
0.
-0.0912038
0.
0.
0.
0.00346992
0.
0.
0.
0.11098
0.
0.
0.
0.00228533
0.
0.
0.
-0.00897359
0.
0.
0.
0.00993378
1.
0.
0.
0.0403281
0.395355
-0.00822549
-0.000259889
-0.00267051
0.380187
0.
-0.00400462
-0.00452418
0.26846
0.
-0.00318289
-0.0110003
0.292738
0.
0.0209619
0.0432291
0.377802
0.
0.00511557
-0.0100659
0.27016
0.
0.0148698
-0.0088169
0.305684
0.
-0.00544484
0.0496926
0.292459
0.0213122
0.
0.0480944
0.381944
0.0181173
0.
-0.00219649
0.255104
0.0199048
0.
-0.0149894
0.272675
0.00376802
0.
0.0450275
0.383026
0.0155659
0.
-0.00321363
0.263425
0.0176325
0.
-0.0132196
0.249427
0.0236532
-0.055185
-0.00440258
0.248803
-0.0253889
0.0234148
-0.0139168
0.369444
-0.0230669
-0.0781428
0.00337355
0.428239
-0.15288
-0.158872
0.108955
0.356821
0.144591
-0.164393
0.0705495
0.340703
-0.0365653
0.0260896
0.0237949
0.363202
0.127078
0.106651
0.0820244
0.284263
-0.0159423
-0.0301645
-0.007131
0.40813
0.00199664
-0.0524058
0.0058562
0.256592
0.0215653
0.0326307
0.00547358
0.38418
0.012095
0.0525632
0.00614768
0.320069
-0.124903
0.144939
0.0831415
0.41147
-0.00992726
-0.00429144
0.015663
0.318509
0.0228757
0.0782012
-0.0800377
0.348604
0.0425288
0.148347
0.0723289
