Vec Object: 1 MPI process
  type: seq
0.
0.
0.
-0.0838557
0.
0.
0.
0.0192499
0.168372
-0.167621
0.
-0.0536577
0.175016
-0.179444
0.
-0.0554912
0.189471
0.206761
0.
-0.0465675
0.181889
0.16395
0.
-0.0455983
0.389349
0.00848499
0.
-1.38438e-05
0.376188
0.00786931
0.
0.00912976
0.391807
-0.0216023
0.
0.0092833
0.398667
-0.0164886
0.
0.00431344
0.
0.
0.
-0.0198725
0.
0.
0.
-0.0581568
0.322274
-0.057642
0.
-0.0126591
0.317297
0.0896966
0.
0.00318339
0.327299
-0.0506921
0.
-0.0144514
0.321504
0.110602
0.
0.0165568
0.354162
0.0750478
0.
-0.00437731
0.32187
-0.102267
0.
0.0130405
0.32165
0.0368158
0.
-0.0115448
0.320213
-0.0622182
0.
-0.00282199
0.
0.
0.
-0.112652
0.
0.
0.
0.0208591
0.
0.
0.
-0.0132992
0.
0.
0.
0.14894
0.
0.
0.
-0.0419158
0.
0.
0.
-0.142858
0.
0.
0.
-0.230694
0.
0.
0.
-0.00631936
0.
0.
0.
-0.0598444
0.
0.
0.
-0.037662
0.
0.
0.
-0.151884
0.
0.
0.
0.0353832
0.
0.
0.
-0.0956922
0.
0.
0.
0.0102009
0.
0.
0.
0.0770283
0.
0.
0.
-0.026088
0.
0.
0.
-0.0127892
0.
0.
0.
0.0111613
1.
0.
0.
0.0355704
0.392289
-0.00800333
4.48336e-05
-0.00157708
0.381898
0.
-0.00449201
-0.00535368
0.266275
0.
-0.00406382
-0.0082118
0.279852
0.
0.0233563
0.0372488
0.376835
0.
0.00557539
-0.00989813
0.26708
0.
0.0164042
-0.00397358
0.294632
0.
-0.00445271
0.0394475
0.276337
0.0235798
0.
0.0370899
0.383381
0.0174546
0.
-0.00299917
0.252973
0.0177582
0.
-0.0120486
0.25756
0.00665556
0.
0.0362019
0.382601
0.0163989
0.
-0.00355639
0.26144
0.0183905
0.
-0.00868446
0.251425
0.0258363
-0.0545814
-0.00116353
0.248926
-0.0246022
0.0223166
-0.00681855
0.371741
-0.0214265
-0.0901902
-0.001419
0.43279
-0.166352
-0.169287
0.0940359
0.360712
0.157356
-0.176026
0.0583899
0.336539
-0.052012
0.0238783
0.0166851
0.368037
0.133494
0.116949
0.068152
0.293756
-0.0160561
-0.0308494
-0.00724908
0.411695
0.00211868
-0.0572351
0.00128311
0.254833
0.0198328
0.0331838
0.012431
0.398701
0.0194549
0.0625216
0.0012446
0.327467
-0.135504
0.152175
0.0728151
0.422179
-0.0110385
-0.00141295
0.00935159
0.314698
0.0472626
0.0861625
-0.0812109
0.355758
0.0472452
0.153684
0.059714
