Vec Object: 1 MPI process
  type: seq
0.
0.
0.
-0.0904921
0.
0.
0.
0.0207854
0.166947
-0.167374
0.
-0.0589921
0.174256
-0.178971
0.
-0.0592243
0.189325
0.206022
0.
-0.0497875
0.180703
0.164375
0.
-0.0523127
0.388898
0.00867264
0.
0.000800788
0.37581
0.00835326
0.
0.00837185
0.391139
-0.0212363
0.
0.00900218
0.397992
-0.0169321
0.
0.00561626
0.
0.
0.
-0.0224913
0.
0.
0.
-0.0626451
0.31927
-0.0572997
0.
-0.0138055
0.318132
0.089331
0.
0.00343731
0.324199
-0.0510026
0.
-0.0134363
0.321932
0.111851
0.
0.0177149
0.350891
0.0741723
0.
-0.00331242
0.322145
-0.102921
0.
0.0139373
0.319154
0.0379172
0.
-0.0135981
0.320101
-0.0625051
0.
-0.00236802
0.
0.
0.
-0.120173
0.
0.
0.
0.0138954
0.
0.
0.
-0.0122911
0.
0.
0.
0.141196
0.
0.
0.
-0.0464542
0.
0.
0.
-0.148166
0.
0.
0.
-0.226058
0.
0.
0.
0.00331194
0.
0.
0.
-0.0496568
0.
0.
0.
-0.0351436
0.
0.
0.
-0.159436
0.
0.
0.
0.0326812
0.
0.
0.
-0.0940709
0.
0.
0.
0.00632362
0.
0.
0.
0.0959118
0.
0.
0.
-0.0107205
0.
0.
0.
-0.0115132
0.
0.
0.
0.0106923
1.
0.
0.
0.0384021
0.394139
-0.00814575
-0.000139659
-0.00222317
0.380894
0.
-0.00421719
-0.00489252
0.267518
0.
-0.0035485
-0.00978086
0.287377
0.
0.0219649
0.0406491
0.377449
0.
0.00532666
-0.0100256
0.268892
0.
0.0155117
-0.00671305
0.301104
0.
-0.00505856
0.0452586
0.28577
0.0222912
0.
0.0432488
0.382532
0.0178291
0.
-0.00255371
0.254152
0.0190598
0.
-0.013684
0.26646
0.0049169
0.
0.0411112
0.382892
0.0159434
0.
-0.00337247
0.262571
0.0180122
0.
-0.01122
0.250255
0.024606
-0.0550975
-0.00284063
0.248872
-0.0252239
0.0230622
-0.0107341
0.370661
-0.0223182
-0.0832139
0.00127798
0.429942
-0.158738
-0.163258
0.102465
0.358075
0.150118
-0.169341
0.0651662
0.339663
-0.0432613
0.0252454
0.0206531
0.365158
0.130001
0.111031
0.075873
0.288238
-0.0160589
-0.0304573
-0.00707875
0.410021
0.00205711
-0.0546358
0.00386042
0.255952
0.0210848
0.0329046
0.00858963
0.390265
0.0151609
0.0566421
0.00394874
0.322897
-0.129482
0.148066
0.0785786
0.416212
-0.0104788
-0.00306932
0.012805
0.317626
0.0331791
0.0818248
-0.0811476
0.351391
0.0446316
0.150822
0.0666682
