Vec Object: 1 MPI process
  type: seq
0.
0.
0.
-0.0853761
0.
0.
0.
0.0194682
0.168034
-0.167551
0.
-0.0549026
0.174828
-0.179324
0.
-0.0563849
0.189419
0.206584
0.
-0.047344
0.181616
0.16404
0.
-0.0471595
0.389241
0.00852056
0.
0.000169685
0.376085
0.0079954
0.
0.00896197
0.391634
-0.0215148
0.
0.00923698
0.398506
-0.0165867
0.
0.00461216
0.
0.
0.
-0.0204298
0.
0.
0.
-0.0590877
0.321551
-0.0575574
0.
-0.0129271
0.317503
0.0896077
0.
0.00324589
0.326548
-0.0507792
0.
-0.0142351
0.321603
0.110908
0.
0.0168364
0.353373
0.0748505
0.
-0.00415533
0.321932
-0.102429
0.
0.0132609
0.321057
0.0370745
0.
-0.0120146
0.320173
-0.0622925
0.
-0.00270817
0.
0.
0.
-0.114511
0.
0.
0.
0.0193318
0.
0.
0.
-0.0132272
0.
0.
0.
0.147339
0.
0.
0.
-0.0428328
0.
0.
0.
-0.144228
0.
0.
0.
-0.229832
0.
0.
0.
-0.00424435
0.
0.
0.
-0.057667
0.
0.
0.
-0.0372522
0.
0.
0.
-0.153927
0.
0.
0.
0.0347067
0.
0.
0.
-0.0955376
0.
0.
0.
0.0092864
0.
0.
0.
0.0813424
0.
0.
0.
-0.0226825
0.
0.
0.
-0.0127004
0.
0.
0.
0.0111139
1.
0.
0.
0.0362652
0.392751
-0.00804135
-1.64555e-06
-0.00173233
0.381655
0.
-0.00442835
-0.00524989
0.266566
0.
-0.0039391
-0.00857541
0.281669
0.
0.0230229
0.0380468
0.376997
0.
0.00552064
-0.0099381
0.26752
0.
0.0161896
-0.00461006
0.296198
0.
-0.00460671
0.040803
0.278618
0.0232793
0.
0.038506
0.383174
0.0175414
0.
-0.00289915
0.253239
0.0180857
0.
-0.0124217
0.259729
0.00622236
0.
0.037325
0.382683
0.0162973
0.
-0.00351786
0.261705
0.0183167
0.
-0.00926696
0.251144
0.0255493
-0.0547467
-0.00151429
0.24892
-0.0247958
0.0225227
-0.00770261
0.371548
-0.0216242
-0.0885274
-0.000794546
0.432056
-0.164585
-0.167845
0.0959958
0.35998
0.155669
-0.174443
0.0599408
0.337467
-0.0499878
0.0242236
0.0175944
0.36733
0.132715
0.115552
0.069918
0.292434
-0.0160711
-0.0307558
-0.00718364
0.411392
0.00210614
-0.056669
0.00188165
0.255128
0.0201968
0.0331256
0.0115639
0.396676
0.0184232
0.0610894
0.00185783
0.3263
-0.134097
0.151214
0.0741394
0.420816
-0.0109278
-0.00180284
0.0101275
0.315572
0.0439355
0.0852056
-0.0813359
0.354654
0.0466542
0.15306
0.061289
