Vec Object: 1 MPI process
  type: seq
0.
0.
0.
-0.0813615
0.
0.
0.
0.0190762
0.168951
-0.167758
0.
-0.0515544
0.175353
-0.179662
0.
-0.053942
0.189588
0.207069
0.
-0.0452178
0.182343
0.163815
0.
-0.0429753
0.389534
0.00843839
0.
-0.000314509
0.376386
0.00763402
0.
0.00939424
0.392126
-0.0217541
0.
0.00933004
0.398944
-0.0163313
0.
0.00381576
0.
0.
0.
-0.0190199
0.
0.
0.
-0.0567648
0.323531
-0.0577935
0.
-0.0122101
0.316928
0.0898541
0.
0.00307576
0.328612
-0.0505218
0.
-0.0147834
0.321338
0.110061
0.
0.0160726
0.355536
0.0753702
0.
-0.00471134
0.321767
-0.101977
0.
0.0126533
0.322672
0.036377
0.
-0.0107696
0.320307
-0.0620816
0.
-0.00302343
0.
0.
0.
-0.109389
0.
0.
0.
0.0232745
0.
0.
0.
-0.0131934
0.
0.
0.
0.151292
0.
0.
0.
-0.040599
0.
0.
0.
-0.140376
0.
0.
0.
-0.231835
0.
0.
0.
-0.00957326
0.
0.
0.
-0.0632284
0.
0.
0.
-0.0381025
0.
0.
0.
-0.148046
0.
0.
0.
0.0365731
0.
0.
0.
-0.0956341
0.
0.
0.
0.0117525
0.
0.
0.
0.0698829
0.
0.
0.
-0.0315695
0.
0.
0.
-0.0126512
0.
0.
0.
0.0111434
1.
0.
0.
0.0343462
0.39146
-0.00793104
0.000129161
-0.00131083
0.382321
0.
-0.00459869
-0.00552111
0.265784
0.
-0.00428195
-0.00760145
0.276685
0.
0.0239323
0.0358915
0.376529
0.
0.0056625
-0.00981241
0.266309
0.
0.016777
-0.00290557
0.291898
0.
-0.00417101
0.0371618
0.272357
0.0240854
0.
0.0347315
0.383744
0.0173091
0.
-0.00316009
0.252542
0.0171656
0.
-0.0114327
0.253748
0.0074311
0.
0.0343371
0.382437
0.0165633
0.
-0.0036124
0.260988
0.0184912
0.
-0.00771548
0.25191
0.0263244
-0.0542344
-0.00063125
0.248922
-0.0241966
0.0219195
-0.00537319
0.371975
-0.0211087
-0.0930466
-0.00246543
0.434134
-0.169316
-0.171776
0.0907364
0.362134
0.160198
-0.178731
0.055817
0.334671
-0.0553776
0.02326
0.0151775
0.369287
0.134754
0.119322
0.0652227
0.296042
-0.0160143
-0.0310126
-0.00739563
0.412074
0.00213717
-0.0581229
0.000276353
0.254278
0.0191052
0.0332749
0.0138469
0.402211
0.0212394
0.0650315
0.000234994
0.329598
-0.137883
0.153802
0.0706066
0.424432
-0.0111922
-0.000753951
0.00808402
0.312943
0.0529012
0.0876793
-0.0808092
0.357761
0.0482085
0.154669
0.0571225
