Vec Object: 1 MPI process
  type: seq
0.
0.
0.
-0.0772962
0.
0.
0.
0.0193702
0.170016
-0.168071
0.
-0.0478291
0.176027
-0.180108
0.
-0.0510471
0.189899
0.207642
0.
-0.0426991
0.183124
0.163642
0.
-0.0383988
0.389877
0.00840578
0.
-0.000815969
0.376829
0.0071334
0.
0.00978214
0.39279
-0.0220391
0.
0.00929899
0.399453
-0.0160839
0.
0.00295491
0.
0.
0.
-0.017829
0.
0.
0.
-0.0549126
0.325889
-0.0580969
0.
-0.0114416
0.316203
0.0901638
0.
0.00288735
0.3311
-0.0501385
0.
-0.0152505
0.321053
0.109021
0.
0.0151797
0.358122
0.0759055
0.
-0.0051622
0.321595
-0.101413
0.
0.0119223
0.324553
0.0355947
0.
-0.0094716
0.320564
-0.0618006
0.
-0.00340358
0.
0.
0.
-0.10331
0.
0.
0.
0.0269482
0.
0.
0.
-0.0123067
0.
0.
0.
0.154117
0.
0.
0.
-0.0391003
0.
0.
0.
-0.135523
0.
0.
0.
-0.232834
0.
0.
0.
-0.0145188
0.
0.
0.
-0.0682547
0.
0.
0.
-0.0380916
0.
0.
0.
-0.140081
0.
0.
0.
0.0387609
0.
0.
0.
-0.0945223
0.
0.
0.
0.0144993
0.
0.
0.
0.0577209
0.
0.
0.
-0.0403647
0.
0.
0.
-0.0115342
0.
0.
0.
0.0107745
1.
0.
0.
0.0320124
0.389821
-0.0077726
0.000300473
-0.000833916
0.38311
0.
-0.00478445
-0.00578411
0.264917
0.
-0.00469647
-0.00653523
0.270722
0.
0.0249946
0.0334487
0.375867
0.
0.00579727
-0.00958956
0.26485
0.
0.0174759
-0.0010513
0.286738
0.
-0.00358932
0.0331395
0.264859
0.0249677
0.
0.0306754
0.384432
0.0170559
0.
-0.00341092
0.251849
0.0159685
0.
-0.0103967
0.246458
0.00896167
0.
0.0311385
0.382056
0.0168272
0.
-0.00367278
0.260179
0.0185815
0.
-0.006056
0.252784
0.0272137
-0.0533936
0.000115616
0.248849
-0.0231935
0.0210484
-0.00298658
0.372066
-0.0206017
-0.0982485
-0.00428332
0.436872
-0.174468
-0.176375
0.0849338
0.36531
0.165187
-0.183621
0.051424
0.33034
-0.0610592
0.0220658
0.0126194
0.371685
0.136801
0.123539
0.0602166
0.300256
-0.0159066
-0.0313252
-0.0077608
0.412306
0.00216083
-0.0594398
-0.00148788
0.253086
0.0174232
0.0334245
0.0161761
0.408748
0.0245272
0.0697795
-0.00146159
0.333935
-0.142085
0.15669
0.0667825
0.428234
-0.0113409
0.000396763
0.00597809
0.308944
0.0627838
0.0899756
-0.0795247
0.361803
0.0497694
0.156169
0.0527556
