Vec Object: 1 MPI process
  type: seq
0.
0.
0.
-0.122215
0.
0.
0.
0.0706753
0.157334
-0.167641
0.
-0.0966005
0.169579
-0.177576
0.
-0.0838488
0.191433
0.201566
0.
-0.0662538
0.171843
0.168478
0.
-0.097752
0.385797
0.0115672
0.
0.00954325
0.374676
0.0103958
0.
0.00535883
0.389052
-0.0191631
0.
0.00573806
0.393458
-0.0211149
0.
0.0173437
0.
0.
0.
-0.0454238
0.
0.
0.
-0.111272
0.302009
-0.0546277
0.
-0.0180363
0.321969
0.0864131
0.
0.00158348
0.307406
-0.05025
0.
-0.00268304
0.324701
0.116736
0.
0.0204072
0.332781
0.0666694
0.
0.00923914
0.32417
-0.104602
0.
0.0147253
0.303368
0.0443646
0.
-0.026348
0.321316
-0.0625505
0.
-0.00434541
0.
0.
0.
-0.129223
0.
0.
0.
-0.0413491
0.
0.
0.
0.0401123
0.
0.
0.
0.0710683
0.
0.
0.
-0.0940873
0.
0.
0.
-0.137737
0.
0.
0.
-0.135956
0.
0.
0.
0.112793
0.
0.
0.
0.0688111
0.
0.
0.
0.0295587
0.
0.
0.
-0.131577
0.
0.
0.
0.0366885
0.
0.
0.
-0.0251141
0.
0.
0.
-0.0116675
0.
0.
0.
0.246882
0.
0.
0.
0.136706
0.
0.
0.
0.055761
0.
0.
0.
-0.000553032
1.
0.
0.
0.0501408
0.401482
-0.00852072
-0.000974323
-0.0025223
0.376219
0.
-0.00233593
-0.00258541
0.275429
0.
-0.000777942
-0.0225698
0.329664
0.
0.0142366
0.0648714
0.379399
0.
0.0031143
-0.0105557
0.278029
0.
0.0104467
-0.0264372
0.335845
0.
-0.00746272
0.084885
0.336999
0.0140642
0.
0.0895083
0.378943
0.0201695
0.
-0.000326028
0.262816
0.0241333
0.
-0.0275413
0.312953
-0.00201875
0.
0.0812181
0.383378
0.0121034
0.
-0.00283323
0.269899
0.0134054
0.
-0.03154
0.244493
0.0152114
-0.0497577
-0.0219197
0.248274
-0.0218434
0.0219212
-0.0426572
0.351856
-0.0297898
-0.0449318
0.0221936
0.42493
-0.106795
-0.127147
0.162273
0.360209
0.101536
-0.128502
0.117926
0.322522
0.00862824
0.0273193
0.0526469
0.352843
0.098128
0.0768211
0.137842
0.257424
-0.0113678
-0.0274655
-0.0101036
0.379659
0.00112166
-0.0325743
0.0243277
0.258071
0.016624
0.028397
-0.0209885
0.341241
-0.00708472
0.0288775
0.0291357
0.309895
-0.0891204
0.119572
0.124939
0.371145
-0.00393738
-0.0114379
0.0449878
0.294871
-0.0371312
0.0484523
-0.038473
0.335871
0.0248449
0.123214
0.127266
