Vec Object: 1 MPI process
  type: seq
0.
0.
0.
-0.0872989
0.
0.
0.
0.0198594
0.167619
-0.167475
0.
-0.0564517
0.174604
-0.179183
0.
-0.0574762
0.189371
0.206368
0.
-0.0482884
0.181273
0.16416
0.
-0.0491083
0.389109
0.00857219
0.
0.000403678
0.375971
0.00814033
0.
0.00874421
0.391434
-0.0214078
0.
0.00916199
0.398309
-0.0167136
0.
0.00498831
0.
0.
0.
-0.0211719
0.
0.
0.
-0.0603492
0.320672
-0.0574566
0.
-0.0132611
0.31775
0.0895005
0.
0.00332139
0.325638
-0.0508746
0.
-0.0139475
0.321728
0.111276
0.
0.0171767
0.352414
0.0745989
0.
-0.00385572
0.322012
-0.102623
0.
0.0135259
0.320328
0.0373951
0.
-0.0126082
0.320135
-0.0623785
0.
-0.00257286
0.
0.
0.
-0.11674
0.
0.
0.
0.0173423
0.
0.
0.
-0.0129983
0.
0.
0.
0.145157
0.
0.
0.
-0.0441017
0.
0.
0.
-0.145824
0.
0.
0.
-0.22857
0.
0.
0.
-0.00151299
0.
0.
0.
-0.054784
0.
0.
0.
-0.0365896
0.
0.
0.
-0.156231
0.
0.
0.
0.0339008
0.
0.
0.
-0.095153
0.
0.
0.
0.00815525
0.
0.
0.
0.0867922
0.
0.
0.
-0.0182871
0.
0.
0.
-0.0124121
0.
0.
0.
0.0109997
1.
0.
0.
0.0371003
0.393299
-0.00808431
-5.63699e-05
-0.00192217
0.38136
0.
-0.00434869
-0.00511698
0.266927
0.
-0.00378792
-0.00903008
0.283876
0.
0.0226156
0.0390354
0.377182
0.
0.00544956
-0.00997836
0.268052
0.
0.0159282
-0.00540503
0.298097
0.
-0.00478686
0.0424909
0.281386
0.0229048
0.
0.040287
0.382924
0.01765
0.
-0.00277084
0.253578
0.0184719
0.
-0.0128936
0.262345
0.00570772
0.
0.038742
0.382772
0.0161666
0.
-0.00346561
0.262035
0.0182119
0.
-0.01
0.250801
0.0251926
-0.0549131
-0.0019862
0.248906
-0.0249933
0.0227509
-0.00882931
0.371255
-0.0218795
-0.0864878
-1.30689e-05
0.431204
-0.162376
-0.166082
0.0984411
0.359173
0.153567
-0.172493
0.0618977
0.338447
-0.0474484
0.0246311
0.0187409
0.366481
0.131714
0.113827
0.0721468
0.290818
-0.0160781
-0.0306415
-0.00712429
0.410939
0.00208897
-0.0559277
0.00262891
0.255465
0.0205862
0.0330476
0.0104584
0.394206
0.0171647
0.0593597
0.0026363
0.324937
-0.132347
0.15002
0.0758048
0.419093
-0.0107721
-0.00228595
0.0111188
0.316495
0.039823
0.0839635
-0.081373
0.353355
0.0459011
0.152244
0.0632903
