Vec Object: 1 MPI process
  type: seq
0.
0.
0.
-0.0741088
0.
0.
0.
0.0203355
0.171083
-0.168471
0.
-0.0443292
0.176778
-0.180617
0.
-0.048097
0.190345
0.208224
0.
-0.0401591
0.183831
0.163582
0.
-0.0342244
0.390217
0.00845087
0.
-0.00124564
0.377386
0.00653514
0.
0.0100126
0.393555
-0.0223356
0.
0.00910618
0.39996
-0.0158961
0.
0.0021681
0.
0.
0.
-0.0171566
0.
0.
0.
-0.0539661
0.32831
-0.058437
0.
-0.010775
0.315413
0.0905093
0.
0.00272916
0.333678
-0.0496627
0.
-0.0155167
0.320804
0.107921
0.
0.0142976
0.360779
0.0763636
0.
-0.00539734
0.321448
-0.100813
0.
0.0111811
0.326442
0.0348521
0.
-0.0083712
0.320942
-0.0614808
0.
-0.00378094
0.
0.
0.
-0.0973874
0.
0.
0.
0.0295343
0.
0.
0.
-0.0106787
0.
0.
0.
0.154757
0.
0.
0.
-0.0388612
0.
0.
0.
-0.130536
0.
0.
0.
-0.232483
0.
0.
0.
-0.0181432
0.
0.
0.
-0.0717471
0.
0.
0.
-0.0371458
0.
0.
0.
-0.131296
0.
0.
0.
0.040783
0.
0.
0.
-0.0922715
0.
0.
0.
0.0170442
0.
0.
0.
0.0469704
0.
0.
0.
-0.0474261
0.
0.
0.
-0.00951645
0.
0.
0.
0.00998207
1.
0.
0.
0.029609
0.388031
-0.00757731
0.00049522
-0.000390946
0.383904
0.
-0.00495458
-0.00597498
0.264111
0.
-0.00513084
-0.00555708
0.264601
0.
0.0260471
0.0310868
0.375059
0.
0.00589567
-0.0092683
0.263347
0.
0.0181931
0.000614812
0.281426
0.
-0.00291113
0.0294145
0.257169
0.0257682
0.
0.0270321
0.385142
0.016824
0.
-0.00358881
0.251317
0.0146162
0.
-0.0095076
0.238807
0.0106293
0.
0.0282587
0.381557
0.0170366
0.
-0.00366364
0.259405
0.0185372
0.
-0.00458446
0.253595
0.0281168
-0.0523116
0.000579587
0.248653
-0.0218363
0.0200031
-0.000990694
0.371692
-0.020199
-0.103295
-0.00592731
0.439926
-0.17913
-0.180965
0.0795373
0.369233
0.169782
-0.188334
0.0475163
0.324931
-0.0658453
0.0208479
0.0104018
0.374187
0.138485
0.127445
0.0557487
0.304423
-0.0158084
-0.0316647
-0.00820399
0.411953
0.00217004
-0.0602981
-0.00310662
0.25165
0.0152978
0.0335766
0.0181079
0.415349
0.0277571
0.074638
-0.00292336
0.338811
-0.145999
0.159404
0.0632875
0.431523
-0.0112948
0.00142199
0.00416994
0.304109
0.0716095
0.0915247
-0.0776827
0.366327
0.0509856
0.157233
0.0489238
