Vec Object: 1 MPI process
  type: seq
0.
0.
0.
-0.0875869
0.
0.
0.
0.0199288
0.167558
-0.167465
0.
-0.056682
0.174571
-0.179163
0.
-0.0576367
0.189365
0.206336
0.
-0.0484268
0.181222
0.164179
0.
-0.0493985
0.38909
0.00858052
0.
0.000438998
0.375955
0.00816084
0.
0.00871113
0.391405
-0.0213921
0.
0.0091493
0.39828
-0.0167329
0.
0.00504467
0.
0.
0.
-0.0212865
0.
0.
0.
-0.060546
0.320543
-0.057442
0.
-0.0133107
0.317786
0.0894849
0.
0.00333235
0.325505
-0.0508877
0.
-0.0139031
0.321746
0.11133
0.
0.0172265
0.352273
0.0745609
0.
-0.00380905
0.322024
-0.102651
0.
0.0135644
0.320221
0.0374426
0.
-0.0126972
0.320131
-0.0623907
0.
-0.00255338
0.
0.
0.
-0.117063
0.
0.
0.
0.0170387
0.
0.
0.
-0.0129511
0.
0.
0.
0.144817
0.
0.
0.
-0.0443017
0.
0.
0.
-0.146051
0.
0.
0.
-0.228364
0.
0.
0.
-0.00109301
0.
0.
0.
-0.0543393
0.
0.
0.
-0.0364768
0.
0.
0.
-0.156551
0.
0.
0.
0.0337848
0.
0.
0.
-0.0950778
0.
0.
0.
0.00798786
0.
0.
0.
0.0876099
0.
0.
0.
-0.017619
0.
0.
0.
-0.0123525
0.
0.
0.
0.0109778
1.
0.
0.
0.0372217
0.393378
-0.00809032
-6.42361e-05
-0.00195003
0.381317
0.
-0.00433681
-0.00509692
0.266981
0.
-0.00376579
-0.00909789
0.284199
0.
0.0225558
0.0391821
0.377208
0.
0.00543873
-0.00998354
0.26813
0.
0.0158899
-0.00552345
0.298375
0.
-0.00481265
0.0427419
0.281791
0.0228492
0.
0.0405535
0.382888
0.0176662
0.
-0.00275146
0.253629
0.0185274
0.
-0.0129645
0.262727
0.00563338
0.
0.0389546
0.382785
0.0161468
0.
-0.0034575
0.262083
0.0181951
0.
-0.0101098
0.25075
0.0251395
-0.0549342
-0.00205963
0.248903
-0.0250188
0.0227823
-0.0089992
0.371207
-0.0219183
-0.0861873
0.000103519
0.431082
-0.162047
-0.165823
0.0988052
0.359062
0.153254
-0.172205
0.0621911
0.338577
-0.0470695
0.0246896
0.0189127
0.366357
0.131563
0.113571
0.0724811
0.290581
-0.016078
-0.0306247
-0.00711754
0.410864
0.00208626
-0.0558143
0.00274026
0.255512
0.0206384
0.0330354
0.0102917
0.393843
0.01698
0.0591074
0.00275348
0.324742
-0.132087
0.149843
0.0760542
0.418835
-0.0107473
-0.0023575
0.0112687
0.316617
0.0392149
0.0837744
-0.0813673
0.353169
0.0457876
0.152119
0.0635917
