Vec Object: 1 MPI process
  type: seq
0.
0.
0.
-0.0869435
0.
0.
0.
0.0197776
0.167695
-0.167489
0.
-0.056167
0.174644
-0.179208
0.
-0.0572773
0.189378
0.206407
0.
-0.0481166
0.181337
0.164137
0.
-0.0487497
0.389133
0.00856212
0.
0.000360215
0.375991
0.00811463
0.
0.00878487
0.391469
-0.0214273
0.
0.00917713
0.398345
-0.0166899
0.
0.00491881
0.
0.
0.
-0.0210317
0.
0.
0.
-0.0601091
0.320832
-0.0574748
0.
-0.0131997
0.317705
0.08952
0.
0.00330775
0.325803
-0.0508581
0.
-0.0140018
0.321705
0.11121
0.
0.0171148
0.352588
0.0746456
0.
-0.00391265
0.321997
-0.102588
0.
0.0134779
0.320461
0.0373363
0.
-0.0124984
0.320141
-0.0623632
0.
-0.00259717
0.
0.
0.
-0.116338
0.
0.
0.
0.0177148
0.
0.
0.
-0.0130519
0.
0.
0.
0.145572
0.
0.
0.
-0.0438585
0.
0.
0.
-0.14554
0.
0.
0.
-0.228817
0.
0.
0.
-0.00202711
0.
0.
0.
-0.0553279
0.
0.
0.
-0.036724
0.
0.
0.
-0.155828
0.
0.
0.
0.0340457
0.
0.
0.
-0.0952395
0.
0.
0.
0.00836242
0.
0.
0.
0.0857842
0.
0.
0.
-0.0191076
0.
0.
0.
-0.0124799
0.
0.
0.
0.0110251
1.
0.
0.
0.0369492
0.3932
-0.00807675
-4.6555e-05
-0.0018876
0.381414
0.
-0.00436336
-0.00514168
0.266861
0.
-0.00381539
-0.00894635
0.283474
0.
0.0226899
0.0388541
0.377149
0.
0.00546285
-0.00997168
0.267956
0.
0.0159758
-0.00525875
0.297752
0.
-0.00475464
0.0421806
0.280883
0.0229737
0.
0.0399582
0.382969
0.01763
0.
-0.0027947
0.253515
0.0184026
0.
-0.0128063
0.261871
0.00580035
0.
0.0384801
0.382757
0.0161909
0.
-0.00347552
0.261974
0.0182322
0.
-0.00986468
0.250863
0.0252581
-0.0548856
-0.00189661
0.248909
-0.0249604
0.0227112
-0.00862017
0.371313
-0.0218319
-0.0868601
-0.000157019
0.431355
-0.162783
-0.166404
0.0979912
0.359313
0.153953
-0.17285
0.0615359
0.338281
-0.0479163
0.0245581
0.018529
0.366634
0.131901
0.114143
0.0717347
0.291113
-0.0160778
-0.0306624
-0.00713337
0.411028
0.00209225
-0.0560668
0.00249139
0.255406
0.0205197
0.0330624
0.0106636
0.394656
0.0173939
0.0596733
0.00249199
0.32518
-0.132668
0.15024
0.0754973
0.419412
-0.0108021
-0.00219742
0.0109345
0.316339
0.0405758
0.0841956
-0.0813761
0.353588
0.0460408
0.152397
0.0629191
