Vec Object: 1 MPI process
  type: seq
0.
0.
0.
-0.116634
0.
0.
0.
0.133382
0.150911
-0.168419
0.
-0.120217
0.165624
-0.177707
0.
-0.100885
0.194573
0.198374
0.
-0.0703119
0.165962
0.171277
0.
-0.124529
0.382559
0.015089
0.
0.0228243
0.373025
0.01274
0.
0.0116818
0.38736
-0.0190749
0.
0.0106657
0.389459
-0.0250977
0.
0.0315769
0.
0.
0.
-0.0563807
0.
0.
0.
-0.144046
0.292206
-0.0516449
0.
-0.0168556
0.323694
0.0825924
0.
-0.0078339
0.298357
-0.0481297
0.
0.00513467
0.326307
0.1157
0.
0.0117651
0.322994
0.061302
0.
0.0178922
0.32544
-0.102008
0.
0.00502494
0.293469
0.0468042
0.
-0.0305756
0.322492
-0.0603135
0.
-0.0156879
0.
0.
0.
-0.0924653
0.
0.
0.
-0.0669991
0.
0.
0.
0.108831
0.
0.
0.
0.0396302
0.
0.
0.
-0.120293
0.
0.
0.
-0.0877299
0.
0.
0.
-0.0338003
0.
0.
0.
0.213865
0.
0.
0.
0.177938
0.
0.
0.
0.106096
0.
0.
0.
-0.0522399
0.
0.
0.
0.0626172
0.
0.
0.
0.060343
0.
0.
0.
-0.0113146
0.
0.
0.
0.358218
0.
0.
0.
0.259002
0.
0.
0.
0.142858
0.
0.
0.
-0.00691029
1.
0.
0.
0.0543867
0.403178
-0.00860567
-0.00138132
0.00767326
0.375461
0.
-0.00124891
-0.00400911
0.279505
0.
0.000535704
-0.0372129
0.353566
0.
0.0103596
0.0829853
0.381245
0.
0.00161971
-0.0123482
0.281872
0.
0.00782884
-0.0440458
0.353597
0.
-0.00825293
0.111202
0.364012
0.00949407
0.
0.120901
0.379004
0.0209437
0.
-0.00183977
0.26762
0.0253096
0.
-0.042901
0.336926
-0.00371952
0.
0.11323
0.384874
0.00953029
0.
-0.00433724
0.273879
0.0101926
0.
-0.0506917
0.241608
0.00855853
-0.0421186
-0.0375473
0.247612
-0.0171161
0.0181947
-0.0675989
0.333806
-0.0339904
-0.0280899
0.0385449
0.430361
-0.075313
-0.10561
0.202592
0.370393
0.0721077
-0.105301
0.155147
0.293247
0.0288036
0.023775
0.0782968
0.349381
0.073563
0.060424
0.185009
0.241082
-0.00522625
-0.0249298
-0.0120831
0.349842
0.000176991
-0.0199691
0.0419412
0.256527
0.00793514
0.0236606
-0.0404816
0.313086
-0.0163648
0.0186482
0.0523162
0.310609
-0.0641473
0.100464
0.161149
0.341606
0.0005317
-0.0131485
0.0716907
0.256516
-0.0559028
0.031036
0.0238845
0.332388
0.0123964
0.101933
0.17671
