Vec Object: 1 MPI process
  type: seq
0.
0.
0.
-0.0922652
0.
0.
0.
0.219635
0.145832
-0.167311
0.
-0.129676
0.162001
-0.176713
0.
-0.107327
0.201587
0.191865
0.
-0.0521851
0.161371
0.172623
0.
-0.137921
0.374721
0.0231314
0.
0.0640997
0.367643
0.0192646
0.
0.0432611
0.380885
-0.0235393
0.
0.0473594
0.381126
-0.0332265
0.
0.0722439
0.
0.
0.
-0.0729785
0.
0.
0.
-0.186067
0.281297
-0.0500225
0.
-0.0311217
0.325597
0.0742212
0.
-0.0377649
0.288386
-0.0480305
0.
-0.00513723
0.328358
0.108078
0.
-0.0205089
0.312385
0.0581203
0.
0.00895503
0.327106
-0.0929136
0.
-0.0280241
0.281767
0.05018
0.
-0.0449033
0.323694
-0.0541959
0.
-0.0498317
0.
0.
0.
-0.0229327
0.
0.
0.
-0.0901509
0.
0.
0.
0.205026
0.
0.
0.
0.0183315
0.
0.
0.
-0.147532
0.
0.
0.
-0.0034632
0.
0.
0.
0.10876
0.
0.
0.
0.345295
0.
0.
0.
0.318308
0.
0.
0.
0.21019
0.
0.
0.
0.0749502
0.
0.
0.
0.102386
0.
0.
0.
0.177873
0.
0.
0.
-0.00910227
0.
0.
0.
0.494499
0.
0.
0.
0.412864
0.
0.
0.
0.267611
0.
0.
0.
-0.021798
1.
0.
0.
0.0762122
0.401588
-0.0083652
-0.00162146
0.0514242
0.377976
0.
-0.000117193
-0.00875697
0.283155
0.
0.00167047
-0.0773307
0.377759
0.
0.00669893
0.10762
0.386881
0.
0.000181487
-0.0131289
0.284807
0.
0.0054589
-0.0859082
0.369645
0.
-0.00841993
0.145097
0.390116
0.0049353
0.
0.157956
0.382894
0.0206158
0.
-0.00665142
0.272168
0.0247352
0.
-0.0832425
0.359578
-0.00365679
0.
0.158571
0.391124
0.00700582
0.
-0.00470314
0.277466
0.00723371
0.
-0.0942191
0.237768
0.00142702
-0.0318896
-0.0724189
0.245874
-0.0114043
0.0129146
-0.11602
0.309752
-0.0357349
-0.0149047
0.0469107
0.440821
-0.0414918
-0.0813857
0.255164
0.38463
0.0403311
-0.0805488
0.200369
0.252214
0.0392761
0.0172546
0.102798
0.347005
0.0442895
0.0459429
0.245076
0.223685
0.00187212
-0.0213937
-0.0265844
0.310601
-0.000835061
-0.00918932
0.0574283
0.252598
-0.00268687
0.0174662
-0.0801982
0.28202
-0.022818
0.0119484
0.0724082
0.315027
-0.0365057
0.0781661
0.206861
0.308431
0.00483596
-0.0116366
0.0957801
0.201615
-0.0576716
0.01679
0.112099
0.330401
-0.000788677
0.0765898
0.241234
