Vec Object: 1 MPI process
  type: seq
0.
0.
0.
-0.0679787
0.
0.
0.
0.313764
0.154564
-0.154268
0.
-0.0118999
0.170798
-0.164218
0.
0.009717
0.222832
0.172163
0.
0.098407
0.170763
0.161751
0.
-0.0207726
0.355505
0.0421399
0.
0.153632
0.353278
0.0359146
0.
0.114245
0.360941
-0.0409537
0.
0.148037
0.362002
-0.051842
0.
0.159123
0.
0.
0.
-0.126934
0.
0.
0.
-0.268607
0.268676
-0.0632347
0.
-0.128775
0.32848
0.0562408
0.
-0.142121
0.276814
-0.0655628
0.
-0.108512
0.331903
0.086638
0.
-0.134156
0.300317
0.0692811
0.
-0.0767988
0.330055
-0.0702638
0.
-0.140389
0.26752
0.0656836
0.
-0.121714
0.324836
-0.040223
0.
-0.161068
0.
0.
0.
0.0620918
0.
0.
0.
-0.135952
0.
0.
0.
0.313009
0.
0.
0.
-0.00699546
0.
0.
0.
-0.200532
0.
0.
0.
0.0994076
0.
0.
0.
0.283041
0.
0.
0.
0.504376
0.
0.
0.
0.480848
0.
0.
0.
0.325228
0.
0.
0.
0.235015
0.
0.
0.
0.132999
0.
0.
0.
0.3089
0.
0.
0.
-0.0317323
0.
0.
0.
0.677959
0.
0.
0.
0.6017
0.
0.
0.
0.428953
0.
0.
0.
-0.0821892
1.
0.
0.
0.241481
0.392444
-0.00691116
-0.00124537
0.1579
0.38756
0.
0.00110507
-0.0432131
0.287023
0.
0.00242843
-0.212728
0.390706
0.
0.00344805
0.176935
0.401996
0.
-0.000665174
-0.0306961
0.287351
0.
0.00369369
-0.218571
0.373626
0.
-0.0076592
0.228382
0.403532
0.00152813
0.
0.240129
0.39519
0.0181204
0.
-0.0403856
0.276874
0.0210828
0.
-0.214371
0.369597
-0.000982073
0.
0.259247
0.409121
0.00550165
0.
-0.0217056
0.280907
0.00601354
0.
-0.228362
0.232395
-0.00322144
-0.0208215
-0.18965
0.242624
-0.0059871
0.00721309
-0.251816
0.279121
-0.0279312
-0.00625903
0.00574773
0.45029
-0.00784773
-0.0556978
0.379168
0.39556
0.00911373
-0.0555425
0.292421
0.202086
0.0359588
0.00901539
0.101263
0.339705
0.0139184
0.0344282
0.345713
0.20533
0.00294238
-0.0168471
-0.104237
0.263253
-0.000843935
-0.00197809
0.0438324
0.246418
-0.00687483
0.0106197
-0.20951
0.248051
-0.0234249
0.00896255
0.050148
0.316844
-0.00757449
0.0543495
0.283496
0.272109
0.00826093
-0.0065564
0.0944135
0.134776
-0.0439339
0.00764944
0.201434
0.323665
-0.0132515
0.0497583
0.344791
