Vec Object: 1 MPI process
  type: seq
0.
0.
0.
-0.0821704
0.
0.
0.
0.0191063
0.168759
-0.16771
0.
-0.0522469
0.175239
-0.179588
0.
-0.0544579
0.189545
0.206966
0.
-0.0456675
0.182195
0.163857
0.
-0.0438364
0.389473
0.00845174
0.
-0.000216856
0.376317
0.0077148
0.
0.00931015
0.392017
-0.0217035
0.
0.00931929
0.398852
-0.0163818
0.
0.00397865
0.
0.
0.
-0.0192875
0.
0.
0.
-0.0571971
0.323112
-0.0577423
0.
-0.0123571
0.317052
0.0898011
0.
0.00311134
0.328173
-0.0505812
0.
-0.014679
0.321392
0.110242
0.
0.0162336
0.355078
0.0752656
0.
-0.00460729
0.3218
-0.102074
0.
0.0127828
0.322333
0.0365217
0.
-0.011022
0.320272
-0.0621282
0.
-0.00295593
0.
0.
0.
-0.110479
0.
0.
0.
0.0225038
0.
0.
0.
-0.0132598
0.
0.
0.
0.150571
0.
0.
0.
-0.0409984
0.
0.
0.
-0.141215
0.
0.
0.
-0.231504
0.
0.
0.
-0.00853762
0.
0.
0.
-0.0621561
0.
0.
0.
-0.0379927
0.
0.
0.
-0.149363
0.
0.
0.
0.0361758
0.
0.
0.
-0.0956979
0.
0.
0.
0.0112412
0.
0.
0.
0.0722146
0.
0.
0.
-0.0298038
0.
0.
0.
-0.0127364
0.
0.
0.
0.0111635
1.
0.
0.
0.0347564
0.39174
-0.00795604
0.000100533
-0.00139892
0.38218
0.
-0.0045637
-0.00546723
0.265946
0.
-0.00420903
-0.00780181
0.277742
0.
0.0237408
0.0363397
0.376635
0.
0.00563461
-0.00984338
0.266567
0.
0.0166527
-0.00325595
0.292811
0.
-0.00426698
0.0379135
0.273685
0.0239193
0.
0.035503
0.383623
0.0173568
0.
-0.00310838
0.252681
0.0173665
0.
-0.0116333
0.255025
0.00716939
0.
0.0349464
0.382495
0.0165103
0.
-0.00359539
0.261137
0.0184616
0.
-0.00803224
0.251749
0.0261631
-0.0543583
-0.000797931
0.248925
-0.0243417
0.0220573
-0.00584194
0.371912
-0.021211
-0.0920997
-0.00212224
0.433677
-0.168344
-0.170948
0.0918209
0.361639
0.159264
-0.177836
0.0566572
0.335329
-0.0542787
0.0234683
0.0156695
0.368868
0.134347
0.118539
0.0661793
0.295282
-0.0160301
-0.030958
-0.00734243
0.411968
0.00213147
-0.0578408
0.000607118
0.254469
0.019361
0.0332458
0.013388
0.401042
0.0206462
0.0641923
0.000563571
0.328873
-0.1371
0.153266
0.0713297
0.423698
-0.0111465
-0.000970684
0.00849523
0.31356
0.0510447
0.0871951
-0.0809677
0.357081
0.0478968
0.154355
0.0579659
