Vec Object: 1 MPI process
  type: seq
0.
0.
0.
-0.075856
0.
0.
0.
0.0196987
0.170458
-0.168226
0.
-0.0463477
0.176328
-0.18031
0.
-0.0498297
0.190067
0.207882
0.
-0.0416466
0.183427
0.163602
0.
-0.0366137
0.390019
0.00841448
0.
-0.0010032
0.377046
0.0068977
0.
0.00989852
0.393095
-0.0221604
0.
0.0092391
0.399664
-0.0159984
0.
0.00261944
0.
0.
0.
-0.0174864
0.
0.
0.
-0.0544134
0.326885
-0.0582333
0.
-0.0111512
0.315884
0.0903021
0.
0.0028169
0.332158
-0.0499524
0.
-0.0153859
0.320944
0.108572
0.
0.0148118
0.359216
0.0761048
0.
-0.00528572
0.321531
-0.101168
0.
0.0116153
0.325335
0.0352815
0.
-0.0089894
0.320705
-0.0616727
0.
-0.00356139
0.
0.
0.
-0.100818
0.
0.
0.
0.0281565
0.
0.
0.
-0.0117093
0.
0.
0.
0.154659
0.
0.
0.
-0.038847
0.
0.
0.
-0.133455
0.
0.
0.
-0.232846
0.
0.
0.
-0.0161787
0.
0.
0.
-0.0698859
0.
0.
0.
-0.0378024
0.
0.
0.
-0.136512
0.
0.
0.
0.0396308
0.
0.
0.
-0.0937139
0.
0.
0.
0.0155831
0.
0.
0.
0.0530827
0.
0.
0.
-0.0435061
0.
0.
0.
-0.0107902
0.
0.
0.
0.0104951
1.
0.
0.
0.0310213
0.389097
-0.00769631
0.000378254
-0.000645011
0.383439
0.
-0.00485701
-0.00587285
0.264575
0.
-0.00487399
-0.00611787
0.268201
0.
0.0254333
0.0324585
0.37555
0.
0.00584268
-0.0094691
0.264231
0.
0.017771
-0.000334408
0.284553
0.
-0.00332075
0.0315546
0.26169
0.0253109
0.
0.0291116
0.384724
0.016957
0.
-0.00349443
0.251607
0.0154277
0.
-0.0100088
0.243328
0.00963658
0.
0.0299046
0.381864
0.016921
0.
-0.00367829
0.259853
0.0185801
0.
-0.00542103
0.253131
0.0275846
-0.0529721
0.000340411
0.248785
-0.0226745
0.0206352
-0.00210935
0.371969
-0.0204219
-0.100366
-0.00498874
0.438103
-0.176468
-0.178282
0.0826427
0.366846
0.167146
-0.185602
0.049742
0.32822
-0.0631683
0.0215599
0.0116541
0.372711
0.137544
0.125204
0.0582961
0.301994
-0.0158609
-0.031462
-0.00793894
0.412228
0.0021665
-0.059854
-0.0021793
0.252521
0.0165946
0.0334853
0.0170276
0.411481
0.0258785
0.0717856
-0.00209822
0.335892
-0.143748
0.15784
0.065292
0.429665
-0.0113467
0.000840352
0.00519207
0.307027
0.0666016
0.0907147
-0.0788175
0.36362
0.0503206
0.156664
0.0511011
