Vec Object: 1 MPI process
  type: seq
0.
0.
0.
-0.112903
0.
0.
0.
0.0399515
0.161768
-0.167232
0.
-0.0792368
0.171826
-0.177889
0.
-0.0723721
0.189998
0.203534
0.
-0.0598755
0.175967
0.166493
0.
-0.0774276
0.387303
0.00995316
0.
0.00465651
0.375151
0.0094859
0.
0.00569952
0.389733
-0.0199867
0.
0.00692195
0.395597
-0.018995
0.
0.0112192
0.
0.
0.
-0.0351597
0.
0.
0.
-0.0873095
0.309373
-0.0560842
0.
-0.0172643
0.320496
0.0879826
0.
0.00357091
0.314387
-0.0510942
0.
-0.00821051
0.323499
0.11532
0.
0.0207271
0.340356
0.0703313
0.
0.00269114
0.323252
-0.104494
0.
0.0158903
0.310383
0.0417728
0.
-0.0213338
0.320546
-0.0629568
0.
-0.0019341
0.
0.
0.
-0.135238
0.
0.
0.
-0.0169796
0.
0.
0.
0.00704927
0.
0.
0.
0.102325
0.
0.
0.
-0.0716119
0.
0.
0.
-0.153096
0.
0.
0.
-0.188568
0.
0.
0.
0.0547049
0.
0.
0.
0.00583123
0.
0.
0.
-0.00926316
0.
0.
0.
-0.160539
0.
0.
0.
0.0293027
0.
0.
0.
-0.0677293
0.
0.
0.
-0.0060175
0.
0.
0.
0.174422
0.
0.
0.
0.0620308
0.
0.
0.
0.0133984
0.
0.
0.
0.0051007
1.
0.
0.
0.0462356
0.398995
-0.00841103
-0.000640718
-0.00369688
0.377871
0.
-0.00317157
-0.00321255
0.272024
0.
-0.00190838
-0.0160873
0.311715
0.
0.0174266
0.0534819
0.378683
0.
0.00417973
-0.010118
0.274436
0.
0.012576
-0.0171279
0.321552
0.
-0.00659809
0.0669319
0.315749
0.01762
0.
0.067906
0.380094
0.0192103
0.
-0.000919795
0.258955
0.0224165
0.
-0.0205371
0.293901
0.00031948
0.
0.0616707
0.3832
0.0139333
0.
-0.00271736
0.266686
0.0157126
0.
-0.0215629
0.246715
0.0196965
-0.0536097
-0.0122132
0.248526
-0.0244044
0.0234493
-0.0274146
0.362262
-0.0263154
-0.0603252
0.0119941
0.424658
-0.130035
-0.142844
0.134754
0.356211
0.123206
-0.146123
0.0929436
0.336465
-0.01212
0.0278088
0.0369749
0.357122
0.113941
0.0909048
0.107945
0.27024
-0.0144495
-0.0289497
-0.00836974
0.396681
0.00165123
-0.0427358
0.0141488
0.257948
0.0206599
0.0309873
-0.00745366
0.362261
0.00164163
0.0392751
0.016039
0.312889
-0.107208
0.132656
0.102402
0.392036
-0.00718561
-0.00844591
0.0286083
0.3127
-0.0117412
0.0632385
-0.0668263
0.340747
0.0339266
0.136967
0.0971615
