Vec Object: 1 MPI process
  type: seq
0.
0.
0.
-0.0796329
0.
0.
0.
0.0191038
0.16938
-0.167874
0.
-0.0500298
0.175616
-0.179834
0.
-0.0527831
0.189697
0.207298
0.
-0.0442079
0.182666
0.163733
0.
-0.0410896
0.389672
0.00841657
0.
-0.000524741
0.376552
0.00744344
0.
0.00956731
0.392381
-0.0218678
0.
0.00933635
0.399149
-0.0162249
0.
0.00346036
0.
0.
0.
-0.0184795
0.
0.
0.
-0.0559077
0.324473
-0.0579116
0.
-0.0118903
0.316643
0.0899752
0.
0.00299758
0.329603
-0.0503784
0.
-0.0149947
0.321219
0.109649
0.
0.0157126
0.356569
0.075595
0.
-0.00491881
0.321695
-0.101755
0.
0.0123612
0.323429
0.0360576
0.
-0.0102253
0.320397
-0.0619731
0.
-0.00317576
0.
0.
0.
-0.106941
0.
0.
0.
0.0248793
0.
0.
0.
-0.0129381
0.
0.
0.
0.152676
0.
0.
0.
-0.0398472
0.
0.
0.
-0.138456
0.
0.
0.
-0.232406
0.
0.
0.
-0.0117269
0.
0.
0.
-0.0654398
0.
0.
0.
-0.0382213
0.
0.
0.
-0.144965
0.
0.
0.
0.0374617
0.
0.
0.
-0.0953369
0.
0.
0.
0.0128786
0.
0.
0.
0.0648247
0.
0.
0.
-0.0353164
0.
0.
0.
-0.0123271
0.
0.
0.
0.0110474
1.
0.
0.
0.0334176
0.390818
-0.00787138
0.000195515
-0.00111593
0.382637
0.
-0.00467525
-0.00563472
0.265429
0.
-0.00444674
-0.00716255
0.274304
0.
0.0243603
0.0348987
0.376279
0.
0.00572092
-0.00973349
0.265728
0.
0.0170564
-0.00213956
0.28984
0.
-0.00394724
0.0355105
0.269363
0.0244491
0.
0.0330516
0.384018
0.0172047
0.
-0.00326884
0.252246
0.0167008
0.
-0.0109994
0.250855
0.00803121
0.
0.0330117
0.382297
0.0166758
0.
-0.00364404
0.260658
0.0185429
0.
-0.00702665
0.252266
0.026683
-0.0539267
-0.000294651
0.248904
-0.0238338
0.0215903
-0.00436759
0.372066
-0.0208922
-0.0951537
-0.00321578
0.435197
-0.171443
-0.173626
0.0883549
0.363324
0.162248
-0.180717
0.0539925
0.333063
-0.057756
0.0227858
0.014111
0.370238
0.135622
0.121049
0.0631446
0.29774
-0.0159737
-0.0311361
-0.00752947
0.412239
0.00214835
-0.0587051
-0.000449154
0.253825
0.0184816
0.0333369
0.01483
0.404833
0.0225655
0.0669257
-0.000474485
0.331279
-0.139605
0.154983
0.0690282
0.42602
-0.011274
-0.000278907
0.00720022
0.311446
0.0569762
0.0886865
-0.0803707
0.359332
0.0488732
0.155323
0.0553002
