Vec Object: 1 MPI process
  type: seq
0.
0.
0.
-0.122621
0.
0.
0.
0.0926416
0.154823
-0.167963
0.
-0.106184
0.168135
-0.177579
0.
-0.0905408
0.192476
0.200432
0.
-0.0687993
0.169536
0.169593
0.
-0.108616
0.384759
0.012714
0.
0.0134479
0.37423
0.0110959
0.
0.00654869
0.388593
-0.0189077
0.
0.00623334
0.392099
-0.02248
0.
0.0217568
0.
0.
0.
-0.0501385
0.
0.
0.
-0.124262
0.298143
-0.0535626
0.
-0.0176085
0.322673
0.0852084
0.
-0.000895825
0.303815
-0.0495024
0.
0.000631516
0.32533
0.116819
0.
0.0184788
0.328886
0.0645533
0.
0.0130179
0.324663
-0.104045
0.
0.0123651
0.299537
0.045466
0.
-0.0282456
0.321776
-0.0619494
0.
-0.00737765
0.
0.
0.
-0.118645
0.
0.
0.
-0.0526332
0.
0.
0.
0.0640701
0.
0.
0.
0.0568741
0.
0.
0.
-0.105181
0.
0.
0.
-0.121975
0.
0.
0.
-0.0997755
0.
0.
0.
0.149707
0.
0.
0.
0.108753
0.
0.
0.
0.0566293
0.
0.
0.
-0.105577
0.
0.
0.
0.0447997
0.
0.
0.
0.0050033
0.
0.
0.
-0.01259
0.
0.
0.
0.288993
0.
0.
0.
0.182158
0.
0.
0.
0.0862049
0.
0.
0.
-0.00321019
1.
0.
0.
0.0516432
0.402398
-0.00856658
-0.00114344
-0.000191446
0.375678
0.
-0.00190031
-0.00277512
0.277122
0.
-0.00023055
-0.0271569
0.339115
0.
0.0126512
0.0715814
0.379928
0.
0.00252311
-0.0111087
0.279685
0.
0.00937478
-0.0323224
0.343043
0.
-0.00783148
0.0948998
0.347847
0.0122312
0.
0.101615
0.378698
0.0205661
0.
-0.00054298
0.264784
0.0247619
0.
-0.0324124
0.322615
-0.00288286
0.
0.0929744
0.383705
0.011089
0.
-0.00326541
0.271536
0.012126
0.
-0.0379782
0.243382
0.012647
-0.0470227
-0.0275813
0.248086
-0.020101
0.0206379
-0.051614
0.345236
-0.0315722
-0.0377451
0.0284317
0.426436
-0.0943695
-0.11873
0.177669
0.363683
0.0899389
-0.119292
0.132152
0.31218
0.0177248
0.0262735
0.0622314
0.351197
0.0888178
0.0700004
0.155479
0.250893
-0.00916676
-0.0265429
-0.010832
0.368733
0.000773091
-0.0273692
0.0308026
0.257699
0.013548
0.0266774
-0.0282787
0.330147
-0.0110856
0.0243489
0.0376547
0.309613
-0.0793386
0.112231
0.138407
0.359637
-0.0021528
-0.0124528
0.0550663
0.281449
-0.0466378
0.0411528
-0.0170407
0.334146
0.0199328
0.11514
0.145537
