Vec Object: 1 MPI process
  type: seq
0.
0.
0.
-0.120144
0.
0.
0.
0.115004
0.152572
-0.168249
0.
-0.114455
0.166728
-0.177648
0.
-0.0965597
0.193587
0.199321
0.
-0.0701581
0.167478
0.170575
0.
-0.117952
0.383614
0.0139611
0.
0.0181581
0.373637
0.0119304
0.
0.008861
0.387998
-0.0188916
0.
0.00802556
0.390692
-0.0238813
0.
0.0267791
0.
0.
0.
-0.0538034
0.
0.
0.
-0.135584
0.294748
-0.0524847
0.
-0.0170476
0.323263
0.0838438
0.
-0.00430319
0.300688
-0.0487244
0.
0.00344223
0.325885
0.11639
0.
0.0153041
0.325505
0.0626661
0.
0.0160949
0.325103
-0.103081
0.
0.00882474
0.296094
0.0462711
0.
-0.0295731
0.322187
-0.0611331
0.
-0.0114892
0.
0.
0.
-0.105074
0.
0.
0.
-0.061279
0.
0.
0.
0.0885948
0.
0.
0.
0.0463131
0.
0.
0.
-0.114104
0.
0.
0.
-0.103795
0.
0.
0.
-0.0634713
0.
0.
0.
0.185398
0.
0.
0.
0.147282
0.
0.
0.
0.0838666
0.
0.
0.
-0.0769305
0.
0.
0.
0.0542746
0.
0.
0.
0.035438
0.
0.
0.
-0.0121995
0.
0.
0.
0.327972
0.
0.
0.
0.22517
0.
0.
0.
0.117249
0.
0.
0.
-0.00531886
1.
0.
0.
0.053003
0.402948
-0.00859589
-0.00128427
0.00348879
0.37545
0.
-0.00152474
-0.00333413
0.27852
0.
0.000219285
-0.0323254
0.347406
0.
0.0113179
0.077933
0.380584
0.
0.00200265
-0.0117794
0.28099
0.
0.00847326
-0.038497
0.349167
0.
-0.00809665
0.104073
0.357181
0.0106522
0.
0.112559
0.378756
0.0208216
0.
-0.00113509
0.266437
0.0251412
0.
-0.037832
0.330893
-0.00343449
0.
0.104213
0.384247
0.0101928
0.
-0.00384067
0.272907
0.0110082
0.
-0.0447081
0.242386
0.0103209
-0.044307
-0.0329918
0.247849
-0.0184272
0.0192997
-0.0603072
0.33887
-0.0330227
-0.0320122
0.0342363
0.428461
-0.0834499
-0.111251
0.191714
0.367349
0.0797292
-0.111263
0.14515
0.301747
0.0245075
0.024964
0.0712969
0.350065
0.0802095
0.0643853
0.17202
0.245253
-0.00697539
-0.0256494
-0.0114377
0.358208
0.000438034
-0.0230294
0.0370626
0.257118
0.0104397
0.0249999
-0.0349854
0.32039
-0.0142389
0.0209041
0.0459056
0.309994
-0.0706632
0.105564
0.151126
0.349359
-0.000600609
-0.0129827
0.0645021
0.267758
-0.0527179
0.035185
0.00528736
0.333027
0.0156104
0.107685
0.162924
