Vec Object: 1 MPI process
  type: seq
0.
0.
0.
-0.0887728
0.
0.
0.
0.0202441
0.167307
-0.167425
0.
-0.0576271
0.17444
-0.179082
0.
-0.058291
0.189344
0.206207
0.
-0.0489895
0.18101
0.164257
0.
-0.0505901
0.389011
0.00861637
0.
0.000585362
0.375892
0.0082424
0.
0.00857379
0.391293
-0.0213279
0.
0.00909336
0.398162
-0.0168132
0.
0.00527713
0.
0.
0.
-0.0217677
0.
0.
0.
-0.061378
0.320017
-0.0573829
0.
-0.0135138
0.31793
0.0894213
0.
0.00337644
0.324964
-0.050938
0.
-0.0137167
0.321822
0.111547
0.
0.0174289
0.351702
0.0744035
0.
-0.00361203
0.322073
-0.102764
0.
0.0137199
0.319782
0.0376373
0.
-0.0130641
0.320115
-0.0624392
0.
-0.00247528
0.
0.
0.
-0.118364
0.
0.
0.
0.0157736
0.
0.
0.
-0.0127221
0.
0.
0.
0.143378
0.
0.
0.
-0.0451511
0.
0.
0.
-0.146951
0.
0.
0.
-0.227475
0.
0.
0.
0.000667213
0.
0.
0.
-0.0524718
0.
0.
0.
-0.0359755
0.
0.
0.
-0.157803
0.
0.
0.
0.0333196
0.
0.
0.
-0.0947211
0.
0.
0.
0.00730356
0.
0.
0.
0.0909849
0.
0.
0.
-0.0148396
0.
0.
0.
-0.0120619
0.
0.
0.
0.010875
1.
0.
0.
0.0377128
0.393696
-0.00811403
-9.58335e-05
-0.00206322
0.381142
0.
-0.00428796
-0.00501393
0.267201
0.
-0.0036759
-0.00937669
0.285513
0.
0.0223119
0.0397831
0.377311
0.
0.00539361
-0.0100028
0.268446
0.
0.0157337
-0.0060098
0.299504
0.
-0.00491598
0.0437718
0.283437
0.0226207
0.
0.0416515
0.38274
0.0177328
0.
-0.00267122
0.253841
0.0187505
0.
-0.013257
0.264275
0.00533396
0.
0.0398314
0.382831
0.0160646
0.
-0.00342344
0.262283
0.0181235
0.
-0.0105619
0.250545
0.0249216
-0.0550116
-0.0023695
0.248891
-0.0251136
0.0229043
-0.00970239
0.370997
-0.0220796
-0.0849619
0.000582933
0.430599
-0.160695
-0.164766
0.100301
0.358632
0.151971
-0.171028
0.0634013
0.339068
-0.0455125
0.0249238
0.0196211
0.365858
0.130932
0.112527
0.0738604
0.289614
-0.0160741
-0.0305559
-0.00709536
0.41054
0.00207479
-0.0553408
0.00319779
0.2557
0.0208376
0.0329839
0.00960169
0.392366
0.0162283
0.0580844
0.00323813
0.323964
-0.13102
0.149116
0.0770818
0.417768
-0.0106418
-0.00265009
0.0118898
0.317076
0.0367308
0.082988
-0.0813131
0.352422
0.0453184
0.151599
0.0648387
