Vec Object: 1 MPI process
  type: seq
0.
0.
0.
-0.0757935
0.
0.
0.
0.0197164
0.170478
-0.168233
0.
-0.0462804
0.176343
-0.18032
0.
-0.0497734
0.190075
0.207893
0.
-0.041598
0.18344
0.163601
0.
-0.0365333
0.390025
0.00841521
0.
-0.00101152
0.377056
0.00688642
0.
0.00990319
0.393109
-0.022166
0.
0.00923566
0.399674
-0.0159947
0.
0.0026043
0.
0.
0.
-0.0174728
0.
0.
0.
-0.0543941
0.326931
-0.0582397
0.
-0.0111383
0.315869
0.0903086
0.
0.0028138
0.332207
-0.0499434
0.
-0.0153913
0.32094
0.108551
0.
0.0147949
0.359266
0.0761136
0.
-0.00529052
0.321528
-0.101157
0.
0.0116011
0.325371
0.0352673
0.
-0.00896805
0.320712
-0.0616667
0.
-0.00356863
0.
0.
0.
-0.100704
0.
0.
0.
0.0282076
0.
0.
0.
-0.011679
0.
0.
0.
0.154675
0.
0.
0.
-0.0388406
0.
0.
0.
-0.13336
0.
0.
0.
-0.232841
0.
0.
0.
-0.0162497
0.
0.
0.
-0.0699548
0.
0.
0.
-0.0377854
0.
0.
0.
-0.136344
0.
0.
0.
0.0396699
0.
0.
0.
-0.0936722
0.
0.
0.
0.0156321
0.
0.
0.
0.0528751
0.
0.
0.
-0.0436436
0.
0.
0.
-0.0107525
0.
0.
0.
0.0104805
1.
0.
0.
0.0309754
0.389063
-0.00769263
0.000381938
-0.000636472
0.383454
0.
-0.00486028
-0.00587663
0.264559
0.
-0.00488226
-0.00609903
0.268084
0.
0.0254534
0.0324133
0.375535
0.
0.00584462
-0.00946313
0.264202
0.
0.0177847
-0.000302223
0.284451
0.
-0.00330795
0.0314829
0.261544
0.0253263
0.
0.0290413
0.384737
0.0169525
0.
-0.00349796
0.251596
0.0154021
0.
-0.0099916
0.243182
0.00966824
0.
0.0298491
0.381854
0.0169251
0.
-0.00367824
0.259838
0.0185794
0.
-0.0053926
0.253147
0.0276018
-0.0529517
0.000349628
0.248782
-0.0226491
0.0206155
-0.0020706
0.371962
-0.0204141
-0.100463
-0.00502047
0.438161
-0.176558
-0.17837
0.0825389
0.36692
0.167234
-0.185692
0.0496666
0.328118
-0.0632614
0.0215366
0.0116111
0.372759
0.137577
0.12528
0.0582099
0.302074
-0.015859
-0.0314684
-0.0079474
0.412222
0.0021667
-0.0598711
-0.0022105
0.252494
0.0165546
0.0334881
0.0170652
0.411607
0.0259404
0.0718784
-0.00212654
0.335984
-0.143823
0.157892
0.0652247
0.429728
-0.0113461
0.000860204
0.0051571
0.306936
0.0667725
0.0907456
-0.0787828
0.363705
0.0503445
0.156685
0.0510271
