Vec Object: 1 MPI process
  type: seq
0.
0.
0.
-0.0985129
0.
0.
0.
0.198784
0.146519
-0.168034
0.
-0.131112
0.162483
-0.177324
0.
-0.109015
0.199305
0.193974
0.
-0.0607253
0.161963
0.172734
0.
-0.138398
0.377275
0.0205499
0.
0.0497083
0.369485
0.0170842
0.
0.0316369
0.383221
-0.0217016
0.
0.0331798
0.383752
-0.0306673
0.
0.0581777
0.
0.
0.
-0.0670936
0.
0.
0.
-0.174113
0.283937
-0.0498001
0.
-0.0236827
0.325109
0.0767666
0.
-0.0277243
0.2908
-0.0473267
0.
0.00182123
0.327803
0.11072
0.
-0.00950376
0.314932
0.0582058
0.
0.0151138
0.326651
-0.0958839
0.
-0.0169165
0.284661
0.0489366
0.
-0.0385292
0.323425
-0.056117
0.
-0.0385833
0.
0.
0.
-0.0408696
0.
0.
0.
-0.0837896
0.
0.
0.
0.181522
0.
0.
0.
0.0232029
0.
0.
0.
-0.139938
0.
0.
0.
-0.0249611
0.
0.
0.
0.0731429
0.
0.
0.
0.313075
0.
0.
0.
0.284122
0.
0.
0.
0.184888
0.
0.
0.
0.0423392
0.
0.
0.
0.0933004
0.
0.
0.
0.149114
0.
0.
0.
-0.00834652
0.
0.
0.
0.460997
0.
0.
0.
0.375207
0.
0.
0.
0.236235
0.
0.
0.
-0.0158517
1.
0.
0.
0.0668828
0.402456
-0.00848505
-0.00160008
0.035562
0.376925
0.
-0.000384352
-0.00745424
0.282338
0.
0.00143183
-0.0636172
0.372483
0.
0.00751311
0.101218
0.384975
0.
0.000485193
-0.0135052
0.284201
0.
0.00596571
-0.0719593
0.366403
0.
-0.00845975
0.136297
0.384514
0.00595229
0.
0.148757
0.381438
0.0208358
0.
-0.0053614
0.271133
0.025082
0.
-0.0696369
0.354805
-0.00386863
0.
0.146525
0.388927
0.00754457
0.
-0.00520231
0.276676
0.00783414
0.
-0.079926
0.238779
0.00301147
-0.0344205
-0.0602292
0.246402
-0.0127539
0.014227
-0.1005
0.315869
-0.0358257
-0.0175632
0.0477496
0.438127
-0.0494438
-0.0871986
0.241197
0.381214
0.0478077
-0.086373
0.189047
0.262631
0.0379397
0.018981
0.0987406
0.347637
0.0513611
0.0490625
0.2301
0.22781
0.000400056
-0.0223081
-0.0199272
0.320465
-0.000631766
-0.0114157
0.0555317
0.25373
-0.000361736
0.0189953
-0.0666045
0.28947
-0.0217007
0.0131521
0.0699849
0.31387
-0.0431
0.0835515
0.195703
0.316393
0.00389607
-0.012317
0.0919942
0.215605
-0.058815
0.0196853
0.0908267
0.33092
0.0022803
0.0827171
0.225104
