Vec Object: 1 MPI process
  type: seq
0.
0.
0.
-0.0923993
0.
0.
0.
0.0215035
0.166551
-0.167325
0.
-0.0605059
0.174058
-0.178855
0.
-0.0602459
0.189316
0.205821
0.
-0.050653
0.180358
0.164512
0.
-0.0542239
0.388774
0.0087408
0.
0.00104537
0.375728
0.00846766
0.
0.00814457
0.390981
-0.0211359
0.
0.00888802
0.397807
-0.0170678
0.
0.00599725
0.
0.
0.
-0.0233296
0.
0.
0.
-0.0641349
0.318457
-0.0572098
0.
-0.0141252
0.318347
0.0892325
0.
0.00350028
0.32337
-0.0510633
0.
-0.0131109
0.322054
0.112178
0.
0.0180231
0.350011
0.0739105
0.
-0.00296039
0.322226
-0.103088
0.
0.0141683
0.318464
0.0382258
0.
-0.0141947
0.320095
-0.0625725
0.
-0.0022573
0.
0.
0.
-0.122077
0.
0.
0.
0.01175
0.
0.
0.
-0.0116758
0.
0.
0.
0.138648
0.
0.
0.
-0.0479955
0.
0.
0.
-0.149391
0.
0.
0.
-0.224308
0.
0.
0.
0.00638342
0.
0.
0.
-0.0463761
0.
0.
0.
-0.034074
0.
0.
0.
-0.161007
0.
0.
0.
0.0320229
0.
0.
0.
-0.0931663
0.
0.
0.
0.00525024
0.
0.
0.
0.101446
0.
0.
0.
-0.00601223
0.
0.
0.
-0.0107273
0.
0.
0.
0.0104456
1.
0.
0.
0.0391397
0.394608
-0.00817777
-0.000186012
-0.002395
0.380626
0.
-0.00413845
-0.00475637
0.267869
0.
-0.00341031
-0.0102313
0.289401
0.
0.0215869
0.0416075
0.37759
0.
0.00525013
-0.0100448
0.269373
0.
0.0152699
-0.00749366
0.302837
0.
-0.00520837
0.0469061
0.2883
0.0219266
0.
0.0450351
0.382307
0.0179361
0.
-0.00242178
0.254502
0.0193865
0.
-0.0141636
0.268819
0.00447425
0.
0.0425489
0.382949
0.0158058
0.
-0.00331421
0.262889
0.017879
0.
-0.0119565
0.249941
0.0242544
-0.0551585
-0.00339434
0.248848
-0.0253123
0.0232132
-0.0118989
0.370245
-0.0225903
-0.0813053
0.00205244
0.429266
-0.156565
-0.16161
0.10487
0.357541
0.148064
-0.167489
0.0671458
0.340174
-0.0407672
0.0255791
0.0218094
0.364409
0.12894
0.109389
0.0781327
0.286739
-0.0160283
-0.0303485
-0.00708091
0.409376
0.00203599
-0.0538279
0.00459813
0.256209
0.0213063
0.0328096
0.00744789
0.387974
0.0140017
0.0550891
0.00475157
0.321787
-0.127779
0.146905
0.0802563
0.414467
-0.0102846
-0.00352876
0.0138443
0.318084
0.0292969
0.0805026
-0.0808434
0.350307
0.043859
0.149929
0.0687358
