Vec Object: 1 MPI process
  type: seq
0.
0.
0.
-0.091891
0.
0.
0.
0.0212999
0.166657
-0.167337
0.
-0.060102
0.174111
-0.178886
0.
-0.0599746
0.189318
0.205875
0.
-0.050424
0.180451
0.164475
0.
-0.053714
0.388807
0.00872205
0.
0.00097953
0.375749
0.00843796
0.
0.00820544
0.391022
-0.0211626
0.
0.00891973
0.397856
-0.0170313
0.
0.0058951
0.
0.
0.
-0.0231026
0.
0.
0.
-0.0637292
0.318673
-0.0572335
0.
-0.0140404
0.31829
0.0892587
0.
0.003484
0.323589
-0.0510482
0.
-0.0131991
0.322021
0.112092
0.
0.0179418
0.350244
0.0739808
0.
-0.00305627
0.322204
-0.103044
0.
0.0141077
0.318647
0.0381437
0.
-0.0140352
0.320096
-0.0625551
0.
-0.00228595
0.
0.
0.
-0.12158
0.
0.
0.
0.0123283
0.
0.
0.
-0.011854
0.
0.
0.
0.13934
0.
0.
0.
-0.047575
0.
0.
0.
-0.149077
0.
0.
0.
-0.224793
0.
0.
0.
0.00555001
0.
0.
0.
-0.0472673
0.
0.
0.
-0.0343743
0.
0.
0.
-0.160612
0.
0.
0.
0.0321932
0.
0.
0.
-0.0934263
0.
0.
0.
0.00553509
0.
0.
0.
0.0999623
0.
0.
0.
-0.00728234
0.
0.
0.
-0.0109551
0.
0.
0.
0.0105157
1.
0.
0.
0.0389456
0.394485
-0.00816953
-0.000173862
-0.00234977
0.380697
0.
-0.00415948
-0.0047928
0.267775
0.
-0.00344687
-0.0101109
0.288866
0.
0.021687
0.041352
0.377553
0.
0.00527077
-0.0100402
0.269246
0.
0.0153339
-0.00728537
0.302379
0.
-0.0051692
0.0464668
0.287631
0.0220238
0.
0.0445571
0.382367
0.0179075
0.
-0.0024571
0.254408
0.0193009
0.
-0.014035
0.268196
0.00459037
0.
0.0421635
0.382934
0.0158429
0.
-0.00332988
0.262804
0.0179155
0.
-0.0117594
0.250024
0.0243484
-0.0551456
-0.00324351
0.248854
-0.0252921
0.0231753
-0.0115861
0.370361
-0.022517
-0.0818114
0.00184547
0.429441
-0.157145
-0.162047
0.104228
0.357675
0.148612
-0.167981
0.0666154
0.340053
-0.0414319
0.0254924
0.0214998
0.364606
0.129226
0.109825
0.0775271
0.287136
-0.0160379
-0.0303775
-0.00707827
0.409555
0.00204178
-0.0540459
0.00440102
0.256143
0.0212524
0.0328357
0.00775433
0.388581
0.0143084
0.0554987
0.00453587
0.322076
-0.128233
0.147214
0.0798069
0.414935
-0.0103377
-0.00340682
0.0135645
0.317977
0.0303263
0.0808583
-0.080937
0.35059
0.0440661
0.150171
0.0681803
