Vec Object: 1 MPI process
  type: seq
0.
0.
0.
-0.108261
0.
0.
0.
0.166115
0.148378
-0.168481
0.
-0.127887
0.163844
-0.177698
0.
-0.106758
0.196621
0.196458
0.
-0.0679326
0.163649
0.172255
0.
-0.133656
0.380295
0.0174581
0.
0.0337294
0.371576
0.0145601
0.
0.0193037
0.385743
-0.0199303
0.
0.0187872
0.386946
-0.0275571
0.
0.0424789
0.
0.
0.
-0.0609628
0.
0.
0.
-0.158508
0.287992
-0.0504014
0.
-0.0181711
0.324404
0.0799959
0.
-0.0160913
0.294505
-0.0473539
0.
0.00591437
0.327035
0.113738
0.
0.00308973
0.318868
0.0593446
0.
0.0187822
0.326027
-0.099442
0.
-0.00404009
0.289032
0.0477074
0.
-0.0331439
0.322982
-0.0584949
0.
-0.0253211
0.
0.
0.
-0.0677022
0.
0.
0.
-0.0755187
0.
0.
0.
0.14506
0.
0.
0.
0.030558
0.
0.
0.
-0.13004
0.
0.
0.
-0.0572592
0.
0.
0.
0.0191989
0.
0.
0.
0.263577
0.
0.
0.
0.231289
0.
0.
0.
0.145518
0.
0.
0.
-0.0061988
0.
0.
0.
0.0780503
0.
0.
0.
0.104645
0.
0.
0.
-0.00938084
0.
0.
0.
0.409953
0.
0.
0.
0.317425
0.
0.
0.
0.188961
0.
0.
0.
-0.010272
1.
0.
0.
0.0585234
0.403135
-0.00858224
-0.00151623
0.0185087
0.375898
0.
-0.000802426
-0.00557509
0.281013
0.
0.00101901
-0.0481538
0.363522
0.
0.0088546
0.0919346
0.382785
0.
0.00101361
-0.0132084
0.283155
0.
0.00683056
-0.0558887
0.360513
0.
-0.00841971
0.123586
0.374886
0.00763599
0.
0.134957
0.379889
0.0209929
0.
-0.00345579
0.269471
0.0253499
0.
-0.0540911
0.346466
-0.00394658
0.
0.1294
0.386482
0.00847434
0.
-0.00506376
0.275373
0.008918
0.
-0.0632423
0.24023
0.00566256
-0.0382742
-0.0469897
0.247082
-0.0148896
0.0162222
-0.0820713
0.32492
-0.0352444
-0.0223008
0.044724
0.434092
-0.0619828
-0.0962178
0.221506
0.375822
0.0595966
-0.0955493
0.172161
0.278117
0.0343952
0.0214793
0.0896013
0.34846
0.0623021
0.054337
0.207533
0.234259
-0.00226684
-0.0236447
-0.0143985
0.335222
-0.000254028
-0.0153232
0.0497347
0.25526
0.00363661
0.0213247
-0.0515504
0.301013
-0.0194065
0.0155054
0.0624906
0.312107
-0.0533702
0.0918751
0.178512
0.328729
0.00231793
-0.0129823
0.0830749
0.23636
-0.0587279
0.0248263
0.0573271
0.331588
0.00716001
0.0921892
0.200813
