Vec Object: 1 MPI process
  type: seq
0.
0.
0.
-0.0759825
0.
0.
0.
0.0196637
0.170417
-0.168211
0.
-0.0464831
0.1763
-0.180291
0.
-0.0499427
0.19005
0.20786
0.
-0.0417441
0.183399
0.163605
0.
-0.0367759
0.390005
0.00841309
0.
-0.000986401
0.377025
0.00692024
0.
0.00988895
0.393066
-0.0221491
0.
0.00924583
0.399645
-0.0160059
0.
0.00264995
0.
0.
0.
-0.0175143
0.
0.
0.
-0.0544531
0.326793
-0.0582204
0.
-0.0111773
0.315914
0.090289
0.
0.00282316
0.33206
-0.0499703
0.
-0.0153749
0.320954
0.108614
0.
0.0148457
0.359114
0.0760869
0.
-0.00527585
0.321536
-0.101191
0.
0.0116437
0.325263
0.0353102
0.
-0.00903253
0.320691
-0.0616848
0.
-0.00354684
0.
0.
0.
-0.101047
0.
0.
0.
0.0280527
0.
0.
0.
-0.0117696
0.
0.
0.
0.154625
0.
0.
0.
-0.0388612
0.
0.
0.
-0.133647
0.
0.
0.
-0.232855
0.
0.
0.
-0.0160345
0.
0.
0.
-0.069746
0.
0.
0.
-0.0378356
0.
0.
0.
-0.136847
0.
0.
0.
0.0395519
0.
0.
0.
-0.0937965
0.
0.
0.
0.0154844
0.
0.
0.
0.0535015
0.
0.
0.
-0.043228
0.
0.
0.
-0.010865
0.
0.
0.
0.010524
1.
0.
0.
0.0311134
0.389165
-0.00770364
0.000370881
-0.000662212
0.383409
0.
-0.00485041
-0.00586519
0.264606
0.
-0.00485741
-0.00615583
0.268435
0.
0.0253928
0.0325496
0.375581
0.
0.00583875
-0.00948099
0.264288
0.
0.0177435
-0.000399295
0.284756
0.
-0.00334633
0.031699
0.261985
0.0252798
0.
0.0292533
0.384696
0.016966
0.
-0.00348726
0.251628
0.0154789
0.
-0.0100436
0.24362
0.00957312
0.
0.0300165
0.381882
0.0169127
0.
-0.00367831
0.259883
0.0185812
0.
-0.00547838
0.253099
0.0275501
-0.0530128
0.000321597
0.248792
-0.0227252
0.0206747
-0.00218764
0.371981
-0.0204378
-0.100172
-0.00492479
0.437987
-0.176287
-0.178106
0.0828517
0.366699
0.166968
-0.18542
0.0498941
0.328423
-0.0629801
0.0216068
0.0117408
0.372616
0.137478
0.125053
0.0584699
0.301834
-0.015865
-0.0314491
-0.007922
0.412239
0.00216608
-0.0598191
-0.00211643
0.252575
0.0166745
0.0334796
0.0169518
0.411228
0.025754
0.0715992
-0.00204106
0.335707
-0.143596
0.157735
0.0654275
0.429536
-0.0113476
0.000800309
0.00526266
0.30721
0.0662569
0.0906519
-0.0788866
0.363448
0.0502722
0.156622
0.0512503
