Vec Object: 1 MPI process
  type: seq
0.
0.
0.
-0.0774847
0.
0.
0.
0.0193374
0.169962
-0.168053
0.
-0.0480147
0.17599
-0.180083
0.
-0.0511967
0.18988
0.207612
0.
-0.0428288
0.183086
0.163648
0.
-0.038624
0.389859
0.00840565
0.
-0.000792003
0.376804
0.0071613
0.
0.00976584
0.392754
-0.0220243
0.
0.00930443
0.399427
-0.0160951
0.
0.00299719
0.
0.
0.
-0.0178775
0.
0.
0.
-0.054985
0.325767
-0.0580805
0.
-0.0114787
0.316242
0.0901472
0.
0.00289643
0.33097
-0.0501603
0.
-0.0152314
0.321066
0.109075
0.
0.0152252
0.357988
0.07588
0.
-0.00514437
0.321603
-0.101443
0.
0.0119601
0.324457
0.0356338
0.
-0.00953351
0.320548
-0.0618159
0.
-0.00338405
0.
0.
0.
-0.10362
0.
0.
0.
0.026786
0.
0.
0.
-0.0123718
0.
0.
0.
0.154023
0.
0.
0.
-0.0391468
0.
0.
0.
-0.135777
0.
0.
0.
-0.232816
0.
0.
0.
-0.0142982
0.
0.
0.
-0.0680351
0.
0.
0.
-0.0381164
0.
0.
0.
-0.140513
0.
0.
0.
0.0386514
0.
0.
0.
-0.0946088
0.
0.
0.
0.0143631
0.
0.
0.
0.0583103
0.
0.
0.
-0.0399562
0.
0.
0.
-0.0116156
0.
0.
0.
0.0108039
1.
0.
0.
0.032134
0.389908
-0.00778157
0.00029116
-0.000857659
0.383069
0.
-0.0047753
-0.00577228
0.26496
0.
-0.00467481
-0.0065878
0.271031
0.
0.0249403
0.0335718
0.375904
0.
0.00579123
-0.00960323
0.264926
0.
0.0174397
-0.00114208
0.287006
0.
-0.00362128
0.0333387
0.265248
0.0249243
0.
0.0308734
0.384396
0.0170683
0.
-0.00339972
0.251881
0.0160334
0.
-0.0104464
0.246839
0.00888004
0.
0.0312946
0.382078
0.016815
0.
-0.00367124
0.260219
0.01858
0.
-0.00613664
0.25274
0.0271682
-0.0534428
8.45315e-05
0.248855
-0.0232532
0.0210973
-0.00309955
0.372073
-0.0206251
-0.0979852
-0.00419415
0.436724
-0.174216
-0.17614
0.0852214
0.36513
0.16494
-0.183374
0.0516374
0.330589
-0.0607879
0.022128
0.0127426
0.371559
0.136705
0.123329
0.0604601
0.300041
-0.0159124
-0.0313086
-0.00773968
0.412308
0.00215996
-0.0593831
-0.00140079
0.253153
0.0175201
0.033417
0.0160662
0.408412
0.0243596
0.0695332
-0.0013802
0.333699
-0.141877
0.156546
0.0669704
0.428051
-0.0113378
0.000340458
0.00607863
0.309171
0.0622995
0.0898753
-0.0796056
0.361584
0.0496972
0.156102
0.0529661
