Vec Object: 1 MPI process
  type: seq
0.
0.
0.
-0.075284
0.
0.
0.
0.0198736
0.170649
-0.168298
0.
-0.04572
0.176463
-0.180402
0.
-0.0493006
0.190147
0.207987
0.
-0.0411909
0.183553
0.163592
0.
-0.035865
0.39008
0.00842256
0.
-0.00108022
0.377146
0.0067904
0.
0.00993989
0.393232
-0.0222135
0.
0.00920443
0.399755
-0.0159648
0.
0.00247841
0.
0.
0.
-0.0173663
0.
0.
0.
-0.0542451
0.327319
-0.0582943
0.
-0.0110316
0.315742
0.090364
0.
0.00278842
0.332621
-0.049867
0.
-0.0154335
0.3209
0.108375
0.
0.0146536
0.359692
0.0761868
0.
-0.00532765
0.321504
-0.101061
0.
0.0114822
0.325674
0.0351484
0.
-0.00879208
0.320773
-0.0616154
0.
-0.00362915
0.
0.
0.
-0.0997541
0.
0.
0.
0.0286195
0.
0.
0.
-0.0114153
0.
0.
0.
0.154774
0.
0.
0.
-0.0388053
0.
0.
0.
-0.132559
0.
0.
0.
-0.232781
0.
0.
0.
-0.0168269
0.
0.
0.
-0.0705103
0.
0.
0.
-0.0376307
0.
0.
0.
-0.134932
0.
0.
0.
0.0399945
0.
0.
0.
-0.0933077
0.
0.
0.
0.0160396
0.
0.
0.
0.0511554
0.
0.
0.
-0.044771
0.
0.
0.
-0.0104256
0.
0.
0.
0.0103523
1.
0.
0.
0.0305899
0.388776
-0.00766128
0.000413177
-0.000565497
0.383582
0.
-0.00488751
-0.00590711
0.26443
0.
-0.00495186
-0.00594245
0.267103
0.
0.0256221
0.032035
0.375405
0.
0.00586031
-0.00941151
0.263961
0.
0.0178996
-3.54609e-05
0.2836
0.
-0.00319919
0.0308865
0.260311
0.0254545
0.
0.0284584
0.384851
0.0169154
0.
-0.00352636
0.251511
0.0151852
0.
-0.00984939
0.241956
0.0099357
0.
0.0293885
0.381774
0.0169585
0.
-0.00367669
0.259714
0.0185721
0.
-0.00515712
0.253277
0.0277462
-0.0527776
0.00042307
0.248751
-0.022431
0.0204476
-0.00175161
0.371901
-0.0203498
-0.101272
-0.00528367
0.438651
-0.177304
-0.179106
0.081675
0.36755
0.16797
-0.186447
0.0490415
0.327248
-0.0640275
0.0213411
0.0112562
0.373161
0.137846
0.125906
0.0574953
0.302742
-0.0158429
-0.0315228
-0.00801898
0.412164
0.00216816
-0.0600078
-0.00246974
0.252264
0.016213
0.0335123
0.0173739
0.412665
0.0264582
0.0726574
-0.00236036
0.336767
-0.14445
0.158326
0.0646655
0.430254
-0.0113384
0.00102446
0.00486815
0.306158
0.0681867
0.0909925
-0.0784854
0.364431
0.050539
0.156855
0.0504145
