Vec Object: 1 MPI process
  type: seq
0.
0.
0.
-0.0739529
0.
0.
0.
0.298609
0.151816
-0.157209
0.
-0.0482115
0.168075
-0.167164
0.
-0.0264629
0.218912
0.175807
0.
0.0590175
0.167885
0.164582
0.
-0.0574773
0.358029
0.0397072
0.
0.151151
0.355136
0.0337828
0.
0.114193
0.363704
-0.0385269
0.
0.143237
0.364489
-0.0494799
0.
0.157016
0.
0.
0.
-0.121383
0.
0.
0.
-0.259274
0.270202
-0.0605544
0.
-0.113616
0.328101
0.059003
0.
-0.119184
0.278213
-0.0621988
0.
-0.0919
0.33142
0.0901204
0.
-0.109594
0.301767
0.0669418
0.
-0.0635987
0.329651
-0.0738508
0.
-0.116189
0.269257
0.0629836
0.
-0.110689
0.324692
-0.042396
0.
-0.137246
0.
0.
0.
0.0482628
0.
0.
0.
-0.132427
0.
0.
0.
0.2961
0.
0.
0.
-0.00751
0.
0.
0.
-0.195863
0.
0.
0.
0.0833041
0.
0.
0.
0.257469
0.
0.
0.
0.47971
0.
0.
0.
0.456738
0.
0.
0.
0.307746
0.
0.
0.
0.211745
0.
0.
0.
0.126625
0.
0.
0.
0.289754
0.
0.
0.
-0.031013
0.
0.
0.
0.647112
0.
0.
0.
0.572776
0.
0.
0.
0.403285
0.
0.
0.
-0.0753183
1.
0.
0.
0.198383
0.393723
-0.00716507
-0.00133089
0.152767
0.386138
0.
0.000968588
-0.0291082
0.286582
0.
0.00237326
-0.18707
0.390745
0.
0.0037795
0.156427
0.39984
0.
-0.000621014
-0.0191834
0.287094
0.
0.00384529
-0.194006
0.374568
0.
-0.00778093
0.206322
0.40361
0.00177712
0.
0.218425
0.393417
0.0185725
0.
-0.0264164
0.27636
0.0217111
0.
-0.189653
0.36999
-0.00140838
0.
0.235182
0.406549
0.00557601
0.
-0.010198
0.280549
0.00600116
0.
-0.203522
0.233103
-0.0029691
-0.0219735
-0.171589
0.243094
-0.00652749
0.00779989
-0.229158
0.282775
-0.0294967
-0.00698316
0.00986635
0.449752
-0.0111981
-0.0584573
0.349728
0.395038
0.012138
-0.0581758
0.269851
0.207819
0.0370691
0.00991704
0.0990097
0.341183
0.0169421
0.035516
0.3237
0.207359
0.00338966
-0.0173806
-0.0937087
0.268675
-0.000954079
-0.00256609
0.0435147
0.247216
-0.00708426
0.0113552
-0.189067
0.251839
-0.0237562
0.00913941
0.0519939
0.317221
-0.0105415
0.0569061
0.264913
0.276195
0.00795187
-0.00723443
0.0915896
0.142336
-0.0459871
0.00835897
0.187893
0.325081
-0.0121518
0.052595
0.323014
