Vec Object: 1 MPI process
  type: seq
0.
0.
0.
-0.121136
0.
0.
0.
0.0630792
0.158297
-0.167528
0.
-0.0928632
0.170098
-0.177605
0.
-0.0813161
0.191076
0.20199
0.
-0.0650565
0.172733
0.168047
0.
-0.0934645
0.386151
0.0111772
0.
0.00830427
0.374804
0.0101722
0.
0.00520042
0.389199
-0.019309
0.
0.00582896
0.393943
-0.020628
0.
0.0158693
0.
0.
0.
-0.0433969
0.
0.
0.
-0.106146
0.303539
-0.0549905
0.
-0.0180582
0.321679
0.0868062
0.
0.00224399
0.30884
-0.0504904
0.
-0.00393702
0.324452
0.116561
0.
0.0207792
0.334337
0.0674769
0.
0.00777236
0.323976
-0.10469
0.
0.0152714
0.304857
0.0438732
0.
-0.0254463
0.321141
-0.0627062
0.
-0.00353391
0.
0.
0.
-0.131961
0.
0.
0.
-0.0365173
0.
0.
0.
0.0318715
0.
0.
0.
0.0772231
0.
0.
0.
-0.0894829
0.
0.
0.
-0.142488
0.
0.
0.
-0.14867
0.
0.
0.
0.0993693
0.
0.
0.
0.0542668
0.
0.
0.
0.0200928
0.
0.
0.
-0.139828
0.
0.
0.
0.0342996
0.
0.
0.
-0.0355944
0.
0.
0.
-0.0108883
0.
0.
0.
0.230952
0.
0.
0.
0.119857
0.
0.
0.
0.045245
0.
0.
0.
0.000585077
1.
0.
0.
0.0494656
0.401043
-0.00850035
-0.000906021
-0.00305056
0.376502
0.
-0.00250979
-0.00262454
0.274735
0.
-0.00100405
-0.0210259
0.325931
0.
0.0148821
0.0623609
0.379231
0.
0.00334437
-0.0104043
0.277327
0.
0.0108813
-0.02434
0.332937
0.
-0.00729972
0.0810376
0.332648
0.0147977
0.
0.0848456
0.379117
0.0199878
0.
-0.000356899
0.26202
0.0238309
0.
-0.0258867
0.309068
-0.0016077
0.
0.0768561
0.383308
0.0124979
0.
-0.00273666
0.269236
0.013905
0.
-0.0292575
0.244937
0.0161915
-0.0507168
-0.0197806
0.248332
-0.0224693
0.0223456
-0.0393122
0.354269
-0.0290653
-0.0479578
0.0198886
0.424586
-0.111686
-0.130445
0.156353
0.359073
0.106097
-0.13216
0.112489
0.32609
0.00465522
0.0275893
0.0491113
0.353607
0.101639
0.0796374
0.131226
0.260043
-0.0121351
-0.027803
-0.00976861
0.383631
0.00124723
-0.034683
0.0219863
0.258134
0.0176761
0.0290134
-0.0181401
0.345621
-0.0053868
0.0308478
0.0260756
0.310239
-0.0929475
0.122392
0.119919
0.375617
-0.00463726
-0.0109229
0.0412625
0.299463
-0.0326173
0.0514581
-0.0457137
0.336702
0.0267718
0.126263
0.1205
