Vec Object: 1 MPI process
  type: seq
0.
0.
0.
-0.103369
0.
0.
0.
0.0283483
0.16421
-0.167182
0.
-0.0696123
0.172955
-0.178288
0.
-0.0661972
0.189495
0.204671
0.
-0.0554606
0.178243
0.165431
0.
-0.0656484
0.388055
0.00925557
0.
0.00265129
0.375382
0.00902149
0.
0.006806
0.390244
-0.0205556
0.
0.0079971
0.396722
-0.0179546
0.
0.00840737
0.
0.
0.
-0.0289105
0.
0.
0.
-0.0745794
0.313845
-0.0566872
0.
-0.015889
0.319493
0.0886493
0.
0.00373308
0.318749
-0.0512258
0.
-0.0108989
0.322775
0.113908
0.
0.0196318
0.345065
0.072237
0.
-0.000471369
0.322724
-0.103924
0.
0.0152989
0.314446
0.0400251
0.
-0.0177842
0.320224
-0.0628613
0.
-0.00181995
0.
0.
0.
-0.130994
0.
0.
0.
-0.00203423
0.
0.
0.
-0.005035
0.
0.
0.
0.121496
0.
0.
0.
-0.0588033
0.
0.
0.
-0.153892
0.
0.
0.
-0.21002
0.
0.
0.
0.0276742
0.
0.
0.
-0.023451
0.
0.
0.
-0.0245455
0.
0.
0.
-0.165235
0.
0.
0.
0.0293605
0.
0.
0.
-0.0838949
0.
0.
0.
-0.000777342
0.
0.
0.
0.136036
0.
0.
0.
0.0250474
0.
0.
0.
-0.00218418
0.
0.
0.
0.00821849
1.
0.
0.
0.0430289
0.397025
-0.00831884
-0.000427746
-0.0032569
0.379158
0.
-0.00366377
-0.00394575
0.26994
0.
-0.00263702
-0.0129981
0.300787
0.
0.0194528
0.04736
0.37823
0.
0.00475108
-0.0100835
0.27202
0.
0.0138986
-0.012182
0.312492
0.
-0.0059692
0.0567413
0.302423
0.0197759
0.
0.056028
0.381105
0.0185739
0.
-0.0016339
0.256668
0.0210578
0.
-0.0171604
0.28182
0.00218595
0.
0.0515628
0.383141
0.0149244
0.
-0.00296906
0.26477
0.0169137
0.
-0.0165148
0.248228
0.0220869
-0.0548686
-0.00730989
0.248683
-0.0252444
0.0236575
-0.0192517
0.366929
-0.0243477
-0.0704986
0.00679139
0.42624
-0.143529
-0.152162
0.119397
0.355867
0.135815
-0.156752
0.079449
0.340381
-0.0261645
0.0270841
0.0289882
0.360448
0.12202
0.0999578
0.0922501
0.278283
-0.015529
-0.0296886
-0.00748177
0.404171
0.00187656
-0.0485768
0.00911973
0.257332
0.0216593
0.0320709
0.000292372
0.374946
0.00755433
0.0466796
0.00991228
0.316491
-0.117647
0.13995
0.0907195
0.403678
-0.00889471
-0.00612027
0.0206046
0.317774
0.00758403
0.0721471
-0.0763515
0.344902
0.0390675
0.14399
0.0819512
