Vec Object: 1 MPI process
  type: seq
0.
0.
0.
-0.117191
0.
0.
0.
0.0488253
0.160306
-0.167332
0.
-0.0849953
0.171123
-0.177733
0.
-0.0761049
0.190409
0.202877
0.
-0.0622163
0.174601
0.167146
0.
-0.0842921
0.386836
0.0104357
0.
0.0060581
0.37502
0.00975934
0.
0.0053059
0.389496
-0.0196772
0.
0.00635296
0.394913
-0.0196612
0.
0.0130689
0.
0.
0.
-0.038783
0.
0.
0.
-0.0952565
0.306849
-0.0556631
0.
-0.0177723
0.321024
0.0875276
0.
0.00319379
0.311969
-0.0508939
0.
-0.00646637
0.323912
0.115957
0.
0.0209934
0.337734
0.0691437
0.
0.00477171
0.323562
-0.10467
0.
0.0158659
0.308022
0.0427186
0.
-0.023224
0.320785
-0.0629086
0.
-0.00237516
0.
0.
0.
-0.13516
0.
0.
0.
-0.0255676
0.
0.
0.
0.016507
0.
0.
0.
0.0912658
0.
0.
0.
-0.079323
0.
0.
0.
-0.149928
0.
0.
0.
-0.172978
0.
0.
0.
0.0727412
0.
0.
0.
0.025394
0.
0.
0.
0.00212024
0.
0.
0.
-0.153659
0.
0.
0.
0.0306938
0.
0.
0.
-0.0553621
0.
0.
0.
-0.00846093
0.
0.
0.
0.198031
0.
0.
0.
0.0857658
0.
0.
0.
0.0255636
0.
0.
0.
0.0031474
1.
0.
0.
0.0477679
0.399953
-0.00845243
-0.000756548
-0.0036378
0.377228
0.
-0.00288636
-0.00288677
0.273206
0.
-0.00150958
-0.0180688
0.317865
0.
0.0163103
0.0571935
0.378913
0.
0.00382821
-0.0101934
0.275726
0.
0.0118368
-0.0201209
0.326538
0.
-0.00691708
0.0729264
0.323124
0.0163959
0.
0.0750574
0.379616
0.0195595
0.
-0.000604226
0.26028
0.0230783
0.
-0.0226936
0.300536
-0.000584475
0.
0.0679628
0.383228
0.0133282
0.
-0.00266436
0.267789
0.0149549
0.
-0.0247181
0.245924
0.0182291
-0.052517
-0.0153566
0.248444
-0.0236658
0.0230785
-0.032399
0.359051
-0.0274935
-0.054825
0.0152415
0.424353
-0.122171
-0.137514
0.1439
0.357145
0.115872
-0.140084
0.101155
0.332647
-0.00457917
0.0278749
0.041972
0.355484
0.108843
0.0859356
0.117636
0.265786
-0.0135712
-0.0284802
-0.00897803
0.391463
0.00149153
-0.0392723
0.0173401
0.258112
0.0195824
0.0302092
-0.0120306
0.355074
-0.00150307
0.0354527
0.020074
0.311473
-0.101112
0.128314
0.109665
0.385072
-0.00611436
-0.00960965
0.0337758
0.307843
-0.021454
0.0581086
-0.0589421
0.338819
0.0308776
0.132529
0.106778
