Vec Object: 1 MPI process
  type: seq
0.
0.
0.
-0.10139
0.
0.
0.
0.0267222
0.164652
-0.167193
0.
-0.0678797
0.173158
-0.17838
0.
-0.0650813
0.189434
0.204883
0.
-0.0545956
0.17865
0.165247
0.
-0.0634908
0.38819
0.0091455
0.
0.00232658
0.375433
0.0089292
0.
0.00704802
0.39036
-0.0206632
0.
0.00818564
0.396925
-0.0177777
0.
0.00793201
0.
0.
0.
-0.0278002
0.
0.
0.
-0.0724327
0.31469
-0.0567873
0.
-0.0155813
0.319292
0.0887614
0.
0.00371237
0.319586
-0.0512189
0.
-0.0113484
0.32264
0.113609
0.
0.0193625
0.345965
0.0725668
0.
-0.000988341
0.322628
-0.103787
0.
0.0151214
0.315196
0.0396918
0.
-0.0171095
0.320182
-0.0628213
0.
-0.00186834
0.
0.
0.
-0.129652
0.
0.
0.
0.000660178
0.
0.
0.
-0.00667485
0.
0.
0.
0.124914
0.
0.
0.
-0.0565961
0.
0.
0.
-0.153425
0.
0.
0.
-0.213215
0.
0.
0.
0.023275
0.
0.
0.
-0.0282046
0.
0.
0.
-0.0267501
0.
0.
0.
-0.165106
0.
0.
0.
0.0296815
0.
0.
0.
-0.0861407
0.
0.
0.
0.000301194
0.
0.
0.
0.129303
0.
0.
0.
0.0188085
0.
0.
0.
-0.00429839
0.
0.
0.
0.00871925
1.
0.
0.
0.0423572
0.396613
-0.00829733
-0.000385632
-0.00312029
0.379419
0.
-0.00375383
-0.00409521
0.269552
0.
-0.00277728
-0.0124627
0.298711
0.
0.0198414
0.0462647
0.37813
0.
0.00485014
-0.0100814
0.271547
0.
0.0141496
-0.0112918
0.310746
0.
-0.0058396
0.0548828
0.299864
0.020178
0.
0.0539108
0.381315
0.0184542
0.
-0.00177941
0.256252
0.0207732
0.
-0.0165762
0.279483
0.00257729
0.
0.0498028
0.383119
0.0150978
0.
-0.00303032
0.264416
0.0171145
0.
-0.0156316
0.248531
0.0225068
-0.0550013
-0.00649812
0.248714
-0.0253238
0.0236278
-0.0178163
0.367655
-0.0240012
-0.0724655
0.00587822
0.426689
-0.145996
-0.153906
0.116629
0.35601
0.138126
-0.158742
0.0770644
0.340678
-0.0288642
0.0268625
0.0275944
0.361135
0.123399
0.101689
0.0895019
0.279823
-0.0156652
-0.0298162
-0.00736197
0.40532
0.00191109
-0.0496117
0.00824563
0.257165
0.0217053
0.0322337
0.00167944
0.377337
0.00871395
0.0481653
0.00888526
0.317337
-0.119558
0.141269
0.0886817
0.405758
-0.00918211
-0.00565368
0.0192542
0.318207
0.011473
0.0737646
-0.0775538
0.345803
0.0399908
0.145184
0.0793408
