Vec Object: 1 MPI process
  type: seq
0.
0.
0.
-0.0818418
0.
0.
0.
0.0190909
0.168837
-0.167729
0.
-0.0519669
0.175285
-0.179618
0.
-0.0542501
0.189562
0.207007
0.
-0.0454863
0.182255
0.16384
0.
-0.043488
0.389498
0.00844609
0.
-0.000256492
0.376345
0.00768255
0.
0.00934453
0.392061
-0.0217239
0.
0.0093242
0.398889
-0.0163613
0.
0.00391269
0.
0.
0.
-0.0191778
0.
0.
0.
-0.0570192
0.32328
-0.0577628
0.
-0.0122976
0.317002
0.0898224
0.
0.00309697
0.32835
-0.0505576
0.
-0.0147218
0.32137
0.110169
0.
0.0161687
0.355262
0.0753081
0.
-0.00465007
0.321787
-0.102035
0.
0.0127307
0.322469
0.0364632
0.
-0.0109196
0.320286
-0.0621095
0.
-0.00298308
0.
0.
0.
-0.11004
0.
0.
0.
0.0228184
0.
0.
0.
-0.0132367
0.
0.
0.
0.150869
0.
0.
0.
-0.0408328
0.
0.
0.
-0.140879
0.
0.
0.
-0.231643
0.
0.
0.
-0.00896054
0.
0.
0.
-0.0625946
0.
0.
0.
-0.0380413
0.
0.
0.
-0.148837
0.
0.
0.
0.0363358
0.
0.
0.
-0.0956775
0.
0.
0.
0.0114478
0.
0.
0.
0.0712695
0.
0.
0.
-0.0305222
0.
0.
0.
-0.0127066
0.
0.
0.
0.0111571
1.
0.
0.
0.0345914
0.391628
-0.00794608
0.000111998
-0.00136336
0.382236
0.
-0.00457786
-0.00548917
0.265881
0.
-0.00423837
-0.00772074
0.277316
0.
0.023818
0.0361587
0.376593
0.
0.00564598
-0.0098312
0.266463
0.
0.0167028
-0.00311414
0.292444
0.
-0.00422858
0.0376095
0.27315
0.0239865
0.
0.0351905
0.383671
0.0173375
0.
-0.00312945
0.252624
0.017286
0.
-0.011552
0.254512
0.0072744
0.
0.0346995
0.382472
0.0165318
0.
-0.00360244
0.261077
0.018474
0.
-0.00790391
0.251814
0.0262282
-0.0543094
-0.000729526
0.248924
-0.0242845
0.0220024
-0.00565158
0.371939
-0.0211694
-0.0924817
-0.00226114
0.43386
-0.168737
-0.171282
0.0913823
0.361836
0.159642
-0.178197
0.0563167
0.335068
-0.0547242
0.0233846
0.0154701
0.369036
0.134513
0.118856
0.0657916
0.295588
-0.0160239
-0.03098
-0.00736336
0.412013
0.00213382
-0.0579561
0.000473321
0.254393
0.0192596
0.0332577
0.0135744
0.401513
0.0208853
0.06453
0.000430284
0.329164
-0.137416
0.153483
0.0710369
0.423995
-0.0111656
-0.000883023
0.00832827
0.313315
0.0517954
0.0873927
-0.0809067
0.357353
0.0480235
0.154483
0.0576237
