Vec Object: 1 MPI process
  type: seq
0.
0.
0.
-0.122591
0.
0.
0.
0.0931779
0.154766
-0.167971
0.
-0.106399
0.168101
-0.17758
0.
-0.0906942
0.192502
0.200405
0.
-0.0688461
0.169484
0.169618
0.
-0.108858
0.384732
0.0127427
0.
0.013551
0.374217
0.0111143
0.
0.00659093
0.38858
-0.0189044
0.
0.00626026
0.392066
-0.0225131
0.
0.0218695
0.
0.
0.
-0.0502371
0.
0.
0.
-0.124552
0.298057
-0.0535365
0.
-0.0175944
0.322688
0.0851774
0.
-0.000966896
0.303735
-0.0494836
0.
0.000706325
0.325344
0.116815
0.
0.0184168
0.328799
0.0645051
0.
0.0131014
0.324674
-0.104026
0.
0.0122936
0.29945
0.0454884
0.
-0.0282824
0.321786
-0.0619322
0.
-0.00746407
0.
0.
0.
-0.118348
0.
0.
0.
-0.0528689
0.
0.
0.
0.0646568
0.
0.
0.
0.0565815
0.
0.
0.
-0.105419
0.
0.
0.
-0.121561
0.
0.
0.
-0.0989002
0.
0.
0.
0.150582
0.
0.
0.
0.109698
0.
0.
0.
0.0572856
0.
0.
0.
-0.104912
0.
0.
0.
0.045015
0.
0.
0.
0.00573543
0.
0.
0.
-0.0125934
0.
0.
0.
0.289966
0.
0.
0.
0.183221
0.
0.
0.
0.0869485
0.
0.
0.
-0.00326601
1.
0.
0.
0.0516755
0.402415
-0.00856748
-0.00114714
-0.000119307
0.375669
0.
-0.00189063
-0.00278461
0.277159
0.
-0.000218702
-0.0272735
0.339327
0.
0.0126165
0.071738
0.379942
0.
0.00250979
-0.0111238
0.27972
0.
0.00935127
-0.0324663
0.343202
0.
-0.00783897
0.0951292
0.348088
0.0121905
0.
0.101891
0.378696
0.0205738
0.
-0.000553203
0.264827
0.0247737
0.
-0.0325354
0.322829
-0.00289935
0.
0.0932502
0.383715
0.0110661
0.
-0.00327807
0.271572
0.0120973
0.
-0.0381356
0.243357
0.0125884
-0.0469568
-0.0277131
0.248081
-0.0200597
0.020606
-0.0518246
0.34508
-0.0316109
-0.037592
0.0285772
0.42648
-0.0940907
-0.11854
0.178021
0.36377
0.0896784
-0.119087
0.132478
0.311929
0.0179122
0.0262444
0.0624561
0.351164
0.0886028
0.0698527
0.155889
0.250749
-0.00911354
-0.0265211
-0.0108469
0.368475
0.00076483
-0.0272554
0.0309564
0.257687
0.013473
0.0266364
-0.0284447
0.329898
-0.0111703
0.0242549
0.0378575
0.309616
-0.079118
0.112063
0.138721
0.359376
-0.00211285
-0.0124706
0.0553016
0.28112
-0.0468193
0.040995
-0.0165103
0.334113
0.0198224
0.114954
0.145966
