Vec Object: 1 MPI process
  type: seq
0.
0.
0.
-0.120619
0.
0.
0.
0.0604586
0.158644
-0.16749
0.
-0.0915099
0.170281
-0.17762
0.
-0.0804087
0.190953
0.202143
0.
-0.0645981
0.173054
0.167891
0.
-0.0919019
0.386274
0.0110423
0.
0.00788567
0.374846
0.0100963
0.
0.00517838
0.38925
-0.0193669
0.
0.00589058
0.394114
-0.0204565
0.
0.0153608
0.
0.
0.
-0.0426358
0.
0.
0.
-0.10428
0.304099
-0.0551149
0.
-0.018042
0.321571
0.0869399
0.
0.00244768
0.309366
-0.0505699
0.
-0.00438331
0.324361
0.11648
0.
0.0208686
0.334909
0.0677669
0.
0.00724634
0.323906
-0.104705
0.
0.0154248
0.305397
0.0436863
0.
-0.0250953
0.321078
-0.0627528
0.
-0.00328391
0.
0.
0.
-0.13276
0.
0.
0.
-0.0347072
0.
0.
0.
0.0290356
0.
0.
0.
0.0795368
0.
0.
0.
-0.0877777
0.
0.
0.
-0.144017
0.
0.
0.
-0.153089
0.
0.
0.
0.0946317
0.
0.
0.
0.0491316
0.
0.
0.
0.016811
0.
0.
0.
-0.142553
0.
0.
0.
0.0335412
0.
0.
0.
-0.0392188
0.
0.
0.
-0.0105468
0.
0.
0.
0.225233
0.
0.
0.
0.113861
0.
0.
0.
0.0416199
0.
0.
0.
0.00101115
1.
0.
0.
0.0492023
0.400872
-0.00849263
-0.000880898
-0.00319919
0.376614
0.
-0.00257351
-0.00265291
0.274479
0.
-0.00108803
-0.0204916
0.324565
0.
0.0151206
0.0614619
0.379174
0.
0.00342768
-0.0103579
0.277064
0.
0.0110416
-0.0235983
0.331866
0.
-0.00723785
0.0796455
0.331048
0.0150671
0.
0.0831602
0.37919
0.0199185
0.
-0.000382517
0.261727
0.0237129
0.
-0.0253121
0.307637
-0.00144751
0.
0.0753
0.383289
0.0126407
0.
-0.00271169
0.268992
0.0140859
0.
-0.0284536
0.245101
0.0165445
-0.0510485
-0.0190118
0.248352
-0.0226876
0.022488
-0.0381126
0.355121
-0.0287992
-0.0490893
0.0190701
0.424497
-0.11347
-0.131647
0.154212
0.358695
0.107761
-0.1335
0.11053
0.327314
0.0031525
0.0276666
0.0478552
0.353903
0.102896
0.0806835
0.128858
0.261007
-0.0123999
-0.0279226
-0.00963995
0.38503
0.00129124
-0.0354583
0.0211609
0.258146
0.0180351
0.0292291
-0.0171012
0.347222
-0.00474986
0.0315938
0.0250014
0.3104
-0.0943402
0.123411
0.118127
0.377238
-0.00489125
-0.0107193
0.0399404
0.301033
-0.0308615
0.0525708
-0.0481849
0.337029
0.0274729
0.127356
0.11809
