Vec Object: 1 MPI process
  type: seq
0.
0.
0.
-0.101211
0.
0.
0.
0.189922
0.146942
-0.168224
0.
-0.130791
0.162794
-0.17748
0.
-0.108883
0.198489
0.194728
0.
-0.0633003
0.162344
0.172669
0.
-0.137662
0.378193
0.0196153
0.
0.0447085
0.370133
0.0163088
0.
0.0276901
0.384021
-0.021107
0.
0.0284754
0.384711
-0.0297343
0.
0.0532808
0.
0.
0.
-0.0651504
0.
0.
0.
-0.169612
0.285038
-0.0498715
0.
-0.0215902
0.324913
0.0777212
0.
-0.0241481
0.291806
-0.0472257
0.
0.00360019
0.327586
0.111659
0.
-0.00560727
0.315997
0.0584124
0.
0.0167085
0.326473
-0.0969654
0.
-0.0129558
0.285857
0.0485397
0.
-0.0366336
0.323308
-0.0568286
0.
-0.0345367
0.
0.
0.
-0.0483176
0.
0.
0.
-0.0814323
0.
0.
0.
0.171593
0.
0.
0.
0.0251557
0.
0.
0.
-0.137103
0.
0.
0.
-0.0338915
0.
0.
0.
0.0583363
0.
0.
0.
0.29958
0.
0.
0.
0.269752
0.
0.
0.
0.174188
0.
0.
0.
0.0288937
0.
0.
0.
0.0892426
0.
0.
0.
0.136999
0.
0.
0.
-0.008434
0.
0.
0.
0.447066
0.
0.
0.
0.359463
0.
0.
0.
0.223229
0.
0.
0.
-0.0139871
1.
0.
0.
0.064012
0.402712
-0.00852071
-0.00158286
0.0301396
0.37658
0.
-0.00049683
-0.0069224
0.281988
0.
0.00132513
-0.0588206
0.370137
0.
0.00786646
0.0986343
0.384299
0.
0.000621919
-0.0135109
0.283933
0.
0.00619041
-0.0670256
0.3649
0.
-0.00846101
0.132759
0.382007
0.00639651
0.
0.14498
0.38094
0.0208996
0.
-0.00482652
0.270692
0.0251859
0.
-0.0648418
0.352647
-0.00391912
0.
0.141717
0.38816
0.00778605
0.
-0.00525444
0.276334
0.00811095
0.
-0.0748352
0.239185
0.00370986
-0.0354745
-0.0560758
0.246603
-0.0133285
0.0147734
-0.0949292
0.31837
-0.0357447
-0.0187696
0.0473565
0.437008
-0.0528124
-0.0896394
0.235669
0.379756
0.0509757
-0.0888391
0.18441
0.266906
0.0371566
0.0196809
0.0965404
0.347869
0.0543285
0.0504367
0.22391
0.229548
-0.000286887
-0.0226798
-0.0179565
0.324524
-0.000535486
-0.0124188
0.0542349
0.254172
0.000686539
0.0196319
-0.0619232
0.292593
-0.0211444
0.0137286
0.0683157
0.313378
-0.0458733
0.085809
0.191023
0.319731
0.00348314
-0.0125447
0.0898805
0.221342
-0.0590256
0.020998
0.0817467
0.331108
0.00358638
0.0852869
0.218435
