Vec Object: 1 MPI process
  type: seq
0.
0.
0.
-0.0926108
0.
0.
0.
0.218448
0.145857
-0.167365
0.
-0.129857
0.162017
-0.176759
0.
-0.107515
0.201441
0.192
0.
-0.0527832
0.161391
0.172641
0.
-0.138049
0.374884
0.0229675
0.
0.0631647
0.367762
0.0191248
0.
0.042497
0.381038
-0.0234154
0.
0.0464157
0.381292
-0.0330645
0.
0.0713307
0.
0.
0.
-0.0725818
0.
0.
0.
-0.185321
0.28145
-0.0499919
0.
-0.0305837
0.325568
0.0743791
0.
-0.0371214
0.288526
-0.0479689
0.
-0.00461525
0.328324
0.108247
0.
-0.0198016
0.312533
0.0581073
0.
0.00941333
0.327078
-0.0931009
0.
-0.0273131
0.281936
0.0500944
0.
-0.0444519
0.323679
-0.0543159
0.
-0.0491152
0.
0.
0.
-0.0239673
0.
0.
0.
-0.0897465
0.
0.
0.
0.203682
0.
0.
0.
0.0186284
0.
0.
0.
-0.147054
0.
0.
0.
-0.00470481
0.
0.
0.
0.106698
0.
0.
0.
0.343438
0.
0.
0.
0.316342
0.
0.
0.
0.208744
0.
0.
0.
0.0730536
0.
0.
0.
0.101892
0.
0.
0.
0.176224
0.
0.
0.
-0.00901313
0.
0.
0.
0.492554
0.
0.
0.
0.410689
0.
0.
0.
0.265791
0.
0.
0.
-0.0213874
1.
0.
0.
0.0755621
0.401649
-0.0083736
-0.00162105
0.050385
0.377906
0.
-0.000132605
-0.00868065
0.283109
0.
0.00165731
-0.0764412
0.377468
0.
0.00674489
0.10724
0.386759
0.
0.0001981
-0.0131663
0.284773
0.
0.00548704
-0.0850088
0.369472
0.
-0.00842363
0.144572
0.389809
0.00499223
0.
0.157415
0.382798
0.0206312
0.
-0.00657677
0.272109
0.0247591
0.
-0.082364
0.359318
-0.00367262
0.
0.157851
0.390982
0.00703537
0.
-0.00474812
0.277421
0.00726589
0.
-0.0933011
0.237828
0.0015149
-0.0320361
-0.0716141
0.245906
-0.0114813
0.0129905
-0.115027
0.310111
-0.0357523
-0.0150501
0.0470384
0.440666
-0.0419479
-0.081721
0.254322
0.384436
0.0407597
-0.0808829
0.199703
0.252824
0.0392193
0.0173563
0.102617
0.347046
0.0446973
0.0461171
0.244203
0.223923
0.00179484
-0.0214475
-0.0261128
0.311177
-0.000824518
-0.00931153
0.057373
0.252666
-0.0025609
0.0175548
-0.079306
0.282451
-0.0227619
0.0120116
0.0723385
0.314962
-0.0368858
0.078477
0.206217
0.308891
0.00478342
-0.0116811
0.0956171
0.202434
-0.0577609
0.0169483
0.110894
0.330435
-0.000613191
0.0769433
0.240295
