Vec Object: 1 MPI process
  type: seq
0.
0.
0.
-0.0829636
0.
0.
0.
0.0191606
0.168575
-0.167666
0.
-0.0529157
0.175132
-0.179518
0.
-0.0549507
0.189508
0.206868
0.
-0.0460969
0.18205
0.1639
0.
-0.0446705
0.389414
0.00846652
0.
-0.00012128
0.376254
0.00778968
0.
0.00922605
0.391915
-0.0216553
0.
0.00930451
0.398764
-0.0164318
0.
0.00413688
0.
0.
0.
-0.0195584
0.
0.
0.
-0.0576391
0.322712
-0.0576941
0.
-0.0124999
0.317169
0.089751
0.
0.00314561
0.327755
-0.0506354
0.
-0.0145735
0.321445
0.110414
0.
0.0163877
0.35464
0.0751631
0.
-0.0045012
0.321833
-0.102167
0.
0.012906
0.322008
0.0366613
0.
-0.0112685
0.320243
-0.0621717
0.
-0.00289181
0.
0.
0.
-0.111518
0.
0.
0.
0.0217361
0.
0.
0.
-0.0132945
0.
0.
0.
0.149824
0.
0.
0.
-0.0414165
0.
0.
0.
-0.142005
0.
0.
0.
-0.231142
0.
0.
0.
-0.00750389
0.
0.
0.
-0.0610812
0.
0.
0.
-0.0378538
0.
0.
0.
-0.150585
0.
0.
0.
0.035797
0.
0.
0.
-0.0957178
0.
0.
0.
0.0107476
0.
0.
0.
0.0744864
0.
0.
0.
-0.0280616
0.
0.
0.
-0.0127817
0.
0.
0.
0.0111695
1.
0.
0.
0.0351459
0.392004
-0.00797905
7.37034e-05
-0.00148364
0.382045
0.
-0.00452978
-0.00541399
0.266102
0.
-0.00413965
-0.00799589
0.278749
0.
0.0235576
0.0367714
0.376732
0.
0.00560692
-0.00987067
0.266812
0.
0.0165341
-0.0035956
0.293681
0.
-0.0043566
0.0386404
0.274951
0.0237585
0.
0.0362528
0.383507
0.0174031
0.
-0.00305721
0.252818
0.0175551
0.
-0.0118291
0.256238
0.00692263
0.
0.0355393
0.382547
0.016458
0.
-0.00357758
0.261281
0.0184296
0.
-0.00834035
0.251595
0.0260079
-0.0544689
-0.000966957
0.248926
-0.0244709
0.0221837
-0.00630145
0.371837
-0.021312
-0.0911911
-0.00178947
0.433249
-0.167401
-0.170157
0.0928702
0.361186
0.15836
-0.176975
0.0574752
0.335925
-0.0532083
0.0236651
0.0161489
0.36847
0.133947
0.117784
0.0671106
0.294555
-0.0160435
-0.0309062
-0.00729565
0.411848
0.0021256
-0.0575587
0.000927268
0.254645
0.0195928
0.0332169
0.0129379
0.399926
0.0200785
0.0633938
0.000884542
0.328195
-0.136343
0.152749
0.0720319
0.422982
-0.0110977
-0.00118031
0.00889814
0.314119
0.049251
0.0867129
-0.0810964
0.356444
0.0475905
0.154042
0.0587897
