Vec Object: 1 MPI process
  type: seq
0.
0.
0.
-0.116099
0.
0.
0.
0.135783
0.150706
-0.168436
0.
-0.120899
0.165484
-0.177713
0.
-0.101402
0.194709
0.198246
0.
-0.0702612
0.165775
0.171361
0.
-0.125315
0.382412
0.0152454
0.
0.0234998
0.372935
0.0128557
0.
0.0121194
0.387264
-0.0191132
0.
0.0111006
0.389291
-0.0252634
0.
0.032262
0.
0.
0.
-0.0567054
0.
0.
0.
-0.145118
0.291886
-0.0515406
0.
-0.0168658
0.323748
0.082419
0.
-0.00834867
0.298064
-0.0480579
0.
0.00530176
0.326361
0.115588
0.
0.011237
0.322679
0.0611368
0.
0.0180681
0.325483
-0.101849
0.
0.00446508
0.293136
0.0468695
0.
-0.0307172
0.32253
-0.0601962
0.
-0.0162956
0.
0.
0.
-0.0907403
0.
0.
0.
-0.0676806
0.
0.
0.
0.11148
0.
0.
0.
0.038859
0.
0.
0.
-0.121049
0.
0.
0.
-0.0855698
0.
0.
0.
-0.0299259
0.
0.
0.
0.217544
0.
0.
0.
0.181895
0.
0.
0.
0.108993
0.
0.
0.
-0.0489494
0.
0.
0.
0.0637316
0.
0.
0.
0.0635925
0.
0.
0.
-0.0111776
0.
0.
0.
0.362086
0.
0.
0.
0.263351
0.
0.
0.
0.146214
0.
0.
0.
-0.00712292
1.
0.
0.
0.054603
0.403195
-0.00860587
-0.00139285
0.00830898
0.375475
0.
-0.00121451
-0.00410946
0.279625
0.
0.000574282
-0.037907
0.354336
0.
0.0102414
0.0836403
0.381341
0.
0.00157218
-0.0124205
0.281977
0.
0.00774975
-0.0448173
0.354143
0.
-0.0082698
0.112118
0.36486
0.00934988
0.
0.12196
0.379049
0.0209544
0.
-0.00194405
0.267766
0.0253234
0.
-0.0436169
0.337674
-0.00374759
0.
0.114404
0.38497
0.00944783
0.
-0.00440016
0.273997
0.0100918
0.
-0.0515181
0.241508
0.00833638
-0.0418349
-0.0381676
0.247578
-0.0169484
0.0180502
-0.0685809
0.333151
-0.0341028
-0.0276186
0.0390705
0.430621
-0.0742917
-0.104897
0.203987
0.370791
0.0711503
-0.104554
0.156422
0.292139
0.0292962
0.0236138
0.0791799
0.349303
0.072716
0.05994
0.18668
0.240559
-0.00500183
-0.0248361
-0.0121906
0.348762
0.000143857
-0.0195965
0.0425567
0.256443
0.00761219
0.0234876
-0.0412209
0.312166
-0.0166177
0.0183834
0.0531231
0.310704
-0.0633262
0.0998163
0.162439
0.340627
0.000671844
-0.0131551
0.0725908
0.255046
-0.0562231
0.0305341
0.0263261
0.332317
0.0119938
0.1012
0.17849
