Vec Object: 1 MPI process
  type: seq
0.
0.
0.
-0.106677
0.
0.
0.
0.0315638
0.163435
-0.16718
0.
-0.0726625
0.1726
-0.178142
0.
-0.0681541
0.189625
0.204304
0.
-0.05693
0.177524
0.165761
0.
-0.0694212
0.387818
0.00946136
0.
0.00324772
0.375301
0.009175
0.
0.00640638
0.39006
-0.0203697
0.
0.00765531
0.396365
-0.0182741
0.
0.00926554
0.
0.
0.
-0.0308896
0.
0.
0.
-0.0784895
0.312389
-0.0565064
0.
-0.0163897
0.31983
0.0884474
0.
0.00373605
0.317317
-0.051214
0.
-0.0100803
0.323009
0.114402
0.
0.0200565
0.343523
0.0716457
0.
0.000480804
0.322892
-0.10414
0.
0.0155623
0.313141
0.0405992
0.
-0.0189508
0.320311
-0.0629148
0.
-0.0017819
0.
0.
0.
-0.132932
0.
0.
0.
-0.00679994
0.
0.
0.
-0.00173925
0.
0.
0.
0.115411
0.
0.
0.
-0.0627917
0.
0.
0.
-0.15426
0.
0.
0.
-0.203885
0.
0.
0.
0.0357815
0.
0.
0.
-0.0146783
0.
0.
0.
-0.0202446
0.
0.
0.
-0.16472
0.
0.
0.
0.0290221
0.
0.
0.
-0.079429
0.
0.
0.
-0.00258232
0.
0.
0.
0.148032
0.
0.
0.
0.0363614
0.
0.
0.
0.00206714
0.
0.
0.
0.00727868
1.
0.
0.
0.044139
0.397706
-0.0083524
-0.000498651
-0.0034588
0.378722
0.
-0.00350609
-0.00369321
0.270614
0.
-0.00239711
-0.0139538
0.304353
0.
0.0187871
0.049292
0.37839
0.
0.00457333
-0.0100876
0.272824
0.
0.0134667
-0.0137478
0.315474
0.
-0.00618387
0.0599956
0.3068
0.0190781
0.
0.0597747
0.380756
0.0187814
0.
-0.00138788
0.257399
0.0215269
0.
-0.0182051
0.285805
0.00154072
0.
0.0547074
0.383168
0.0146147
0.
-0.00287108
0.265386
0.0165465
0.
-0.0180879
0.247718
0.0213394
-0.0545594
-0.00879929
0.24863
-0.0250449
0.023656
-0.0218085
0.36556
-0.0249659
-0.0671375
0.00841456
0.425578
-0.13921
-0.149146
0.12427
0.355782
0.131774
-0.153307
0.0836849
0.339529
-0.0215302
0.027404
0.0314735
0.359307
0.11953
0.0969851
0.0971491
0.275644
-0.0152443
-0.0294602
-0.00772934
0.401988
0.00181118
-0.0467344
0.010679
0.25758
0.02147
0.0317594
-0.00216199
0.370823
0.00558569
0.0441828
0.0117747
0.315159
-0.114305
0.137633
0.0943569
0.399998
-0.00837049
-0.00690736
0.0230509
0.316632
0.00103785
0.0692985
-0.0738478
0.34344
0.0374375
0.14183
0.0866458
