Vec Object: 1 MPI process
  type: seq
0.
0.
0.
-0.121844
0.
0.
0.
0.102253
0.153823
-0.168094
0.
-0.109909
0.167523
-0.177604
0.
-0.093223
0.192945
0.199955
0.
-0.0695333
0.168621
0.170032
0.
-0.112815
0.384281
0.0132366
0.
0.015363
0.373994
0.0114369
0.
0.00740235
0.388357
-0.0188702
0.
0.00683113
0.391502
-0.023076
0.
0.0238284
0.
0.
0.
-0.0518161
0.
0.
0.
-0.129309
0.296633
-0.0530955
0.
-0.0173529
0.322938
0.0846411
0.
-0.00224761
0.302422
-0.0491655
0.
0.00192151
0.325576
0.116692
0.
0.0172624
0.327378
0.0637116
0.
0.0144451
0.324858
-0.103677
0.
0.0109841
0.298015
0.0458411
0.
-0.0288594
0.321959
-0.0616229
0.
-0.00901648
0.
0.
0.
-0.113092
0.
0.
0.
-0.0566285
0.
0.
0.
0.074597
0.
0.
0.
0.0519448
0.
0.
0.
-0.109249
0.
0.
0.
-0.114376
0.
0.
0.
-0.0841274
0.
0.
0.
0.165227
0.
0.
0.
0.125518
0.
0.
0.
0.0683678
0.
0.
0.
-0.0934805
0.
0.
0.
0.0487564
0.
0.
0.
0.0181073
0.
0.
0.
-0.0125457
0.
0.
0.
0.306114
0.
0.
0.
0.200955
0.
0.
0.
0.0995386
0.
0.
0.
-0.00416436
1.
0.
0.
0.0522151
0.402674
-0.00858134
-0.00120729
0.00121781
0.375545
0.
-0.00173233
-0.00297583
0.277755
0.
-2.67568e-05
-0.0292953
0.342807
0.
0.012051
0.0743515
0.380193
0.
0.00229102
-0.0113888
0.280283
0.
0.00896859
-0.0349247
0.345792
0.
-0.00795682
0.0989332
0.352023
0.0115249
0.
0.106451
0.378689
0.0206918
0.
-0.000757329
0.265529
0.0249515
0.
-0.0346627
0.326324
-0.00315222
0.
0.0978634
0.38391
0.0106898
0.
-0.00350257
0.272155
0.0116264
0.
-0.0408218
0.242943
0.0116187
-0.0458474
-0.0299194
0.247991
-0.01937
0.0200644
-0.0553617
0.342465
-0.0322351
-0.0351266
0.0309941
0.42726
-0.0895093
-0.115413
0.183852
0.36525
0.0853971
-0.115713
0.13788
0.307681
0.0208858
0.0257332
0.0662027
0.350659
0.0850328
0.0674583
0.162718
0.248375
-0.00821751
-0.0261551
-0.01109
0.364151
0.000626727
-0.025407
0.0335322
0.25747
0.0122058
0.0259487
-0.0312037
0.325808
-0.012531
0.0227555
0.041254
0.309715
-0.0754867
0.109289
0.143964
0.35508
-0.00145848
-0.0127314
0.0592151
0.275561
-0.0496031
0.038442
-0.00749338
0.333606
0.0180085
0.111861
0.15312
