Vec Object: 1 MPI process
  type: seq
0.
0.
0.
-0.0817877
0.
0.
0.
0.0190888
0.16885
-0.167732
0.
-0.0519207
0.175293
-0.179623
0.
-0.0542157
0.189565
0.207014
0.
-0.0454563
0.182265
0.163837
0.
-0.0434304
0.389502
0.00844519
0.
-0.000263023
0.376349
0.00767717
0.
0.00935016
0.392068
-0.0217273
0.
0.00932494
0.398895
-0.0163579
0.
0.0039018
0.
0.
0.
-0.0191598
0.
0.
0.
-0.0569902
0.323308
-0.0577663
0.
-0.0122878
0.316994
0.0898259
0.
0.00309459
0.328379
-0.0505536
0.
-0.0147288
0.321366
0.110157
0.
0.016158
0.355293
0.0753151
0.
-0.00465705
0.321784
-0.102029
0.
0.012722
0.322492
0.0364536
0.
-0.0109028
0.320288
-0.0621064
0.
-0.00298759
0.
0.
0.
-0.109968
0.
0.
0.
0.02287
0.
0.
0.
-0.0132324
0.
0.
0.
0.150917
0.
0.
0.
-0.0408059
0.
0.
0.
-0.140823
0.
0.
0.
-0.231665
0.
0.
0.
-0.00902988
0.
0.
0.
-0.0626664
0.
0.
0.
-0.0380488
0.
0.
0.
-0.148749
0.
0.
0.
0.0363624
0.
0.
0.
-0.0956734
0.
0.
0.
0.011482
0.
0.
0.
0.0711136
0.
0.
0.
-0.0306404
0.
0.
0.
-0.0127011
0.
0.
0.
0.0111558
1.
0.
0.
0.034564
0.391609
-0.00794442
0.000113907
-0.00135747
0.382246
0.
-0.0045802
-0.00549277
0.26587
0.
-0.00424324
-0.00770735
0.277246
0.
0.0238308
0.0361287
0.376586
0.
0.00564785
-0.00982915
0.266446
0.
0.0167111
-0.00309073
0.292383
0.
-0.00422219
0.0375593
0.273062
0.0239976
0.
0.0351389
0.383679
0.0173343
0.
-0.00313291
0.252615
0.0172726
0.
-0.0115386
0.254426
0.00729186
0.
0.0346588
0.382468
0.0165354
0.
-0.00360359
0.261067
0.0184759
0.
-0.00788274
0.251825
0.0262389
-0.0543012
-0.000718353
0.248924
-0.0242748
0.0219932
-0.00562023
0.371943
-0.0211625
-0.092545
-0.00228408
0.43389
-0.168802
-0.171337
0.0913098
0.361868
0.159704
-0.178257
0.0562606
0.335024
-0.0547976
0.0233707
0.0154372
0.369064
0.13454
0.118908
0.0657277
0.295639
-0.0160229
-0.0309836
-0.00736689
0.41202
0.0021342
-0.057975
0.000451217
0.25438
0.0192425
0.0332596
0.0136051
0.401591
0.0209249
0.064586
0.000408312
0.329212
-0.137469
0.153519
0.0709886
0.424045
-0.0111686
-0.000868539
0.00830077
0.313274
0.0519194
0.0874251
-0.0808962
0.357399
0.0480443
0.154504
0.0575674
