Vec Object: 1 MPI process
  type: seq
0.
0.
0.
-0.083978
0.
0.
0.
0.0192644
0.168344
-0.167615
0.
-0.0537587
0.175
-0.179434
0.
-0.0555643
0.189466
0.206747
0.
-0.0466311
0.181867
0.163957
0.
-0.0457247
0.38934
0.00848767
0.
8.90827e-07
0.376179
0.00787988
0.
0.00911643
0.391792
-0.0215952
0.
0.00928004
0.398654
-0.0164964
0.
0.00433755
0.
0.
0.
-0.0199163
0.
0.
0.
-0.0582295
0.322215
-0.057635
0.
-0.0126807
0.317314
0.0896893
0.
0.0031885
0.327237
-0.0506995
0.
-0.0144344
0.321512
0.110627
0.
0.0165797
0.354097
0.0750319
0.
-0.00435995
0.321875
-0.10228
0.
0.0130586
0.321602
0.0368368
0.
-0.0115826
0.32021
-0.0622244
0.
-0.0028126
0.
0.
0.
-0.112805
0.
0.
0.
0.0207378
0.
0.
0.
-0.0132971
0.
0.
0.
0.148816
0.
0.
0.
-0.0419866
0.
0.
0.
-0.142972
0.
0.
0.
-0.230629
0.
0.
0.
-0.00615512
0.
0.
0.
-0.0596725
0.
0.
0.
-0.0376329
0.
0.
0.
-0.152056
0.
0.
0.
0.0353275
0.
0.
0.
-0.0956848
0.
0.
0.
0.0101266
0.
0.
0.
0.077376
0.
0.
0.
-0.0258161
0.
0.
0.
-0.0127867
0.
0.
0.
0.011159
1.
0.
0.
0.0356275
0.392327
-0.00800654
4.09742e-05
-0.00158975
0.381878
0.
-0.00448686
-0.00534537
0.266299
0.
-0.00405359
-0.00824124
0.280001
0.
0.023329
0.0373136
0.376849
0.
0.00557103
-0.00990165
0.267116
0.
0.0163866
-0.00402511
0.294761
0.
-0.00446553
0.0395574
0.276524
0.0235554
0.
0.0372042
0.383364
0.0174616
0.
-0.00299118
0.252994
0.0177854
0.
-0.0120786
0.257738
0.00661973
0.
0.0362925
0.382608
0.0163908
0.
-0.0035534
0.261461
0.0183849
0.
-0.00873148
0.251402
0.025813
-0.0545958
-0.00119101
0.248925
-0.0246192
0.0223341
-0.00688951
0.371727
-0.0214423
-0.0900545
-0.00136848
0.432729
-0.166209
-0.169169
0.0941947
0.36065
0.157219
-0.175897
0.0585149
0.336619
-0.0518485
0.0239069
0.0167584
0.367979
0.133432
0.116835
0.0682943
0.293648
-0.0160576
-0.0308418
-0.00724318
0.411672
0.00211771
-0.0571903
0.00133159
0.254858
0.0198641
0.0331792
0.0123614
0.398535
0.0193705
0.062404
0.00129392
0.32737
-0.13539
0.152097
0.072922
0.42207
-0.01103
-0.0014446
0.00941383
0.314773
0.0469922
0.0860864
-0.0812242
0.355666
0.0471977
0.153634
0.0598406
