Vec Object: 1 MPI process
  type: seq
0.
0.
0.
-0.121856
0.
0.
0.
0.0676535
0.15771
-0.167596
0.
-0.0951447
0.169784
-0.177585
0.
-0.0828574
0.191291
0.201732
0.
-0.0657996
0.17219
0.16831
0.
-0.0960863
0.385938
0.0114121
0.
0.00904525
0.374728
0.0103061
0.
0.00527943
0.38911
-0.0192174
0.
0.00575855
0.39365
-0.0209228
0.
0.0167563
0.
0.
0.
-0.0446473
0.
0.
0.
-0.10928
0.302603
-0.0547725
0.
-0.0180561
0.321857
0.0865706
0.
0.00185857
0.307961
-0.0503473
0.
-0.00317508
0.324604
0.116677
0.
0.0205747
0.333384
0.0669851
0.
0.00866571
0.324095
-0.104644
0.
0.0149601
0.303947
0.0441775
0.
-0.0260084
0.321247
-0.062616
0.
-0.00400741
0.
0.
0.
-0.130382
0.
0.
0.
-0.0394962
0.
0.
0.
0.0368307
0.
0.
0.
0.0734245
0.
0.
0.
-0.0923123
0.
0.
0.
-0.13968
0.
0.
0.
-0.140998
0.
0.
0.
0.107504
0.
0.
0.
0.0630814
0.
0.
0.
0.0258009
0.
0.
0.
-0.134916
0.
0.
0.
0.0357066
0.
0.
0.
-0.0292788
0.
0.
0.
-0.0113924
0.
0.
0.
0.240651
0.
0.
0.
0.13009
0.
0.
0.
0.0515765
0.
0.
0.
-0.000116614
1.
0.
0.
0.0498863
0.401317
-0.00851294
-0.000947896
-0.00274961
0.376324
0.
-0.00240331
-0.00259364
0.275161
0.
-0.000865046
-0.0219555
0.328215
0.
0.0144858
0.0638882
0.379332
0.
0.00320392
-0.0104926
0.277759
0.
0.0106147
-0.0256108
0.334721
0.
-0.00740057
0.083385
0.335315
0.0143482
0.
0.0876901
0.379006
0.0201005
0.
-0.000330915
0.262508
0.0240195
0.
-0.026884
0.31145
-0.00186395
0.
0.0795069
0.383348
0.0122571
0.
-0.00279078
0.269642
0.0136
0.
-0.0306391
0.244665
0.0155942
-0.0501387
-0.0210834
0.248297
-0.0220911
0.0220919
-0.0413478
0.352807
-0.0295095
-0.0460939
0.0212877
0.424779
-0.108695
-0.128429
0.159964
0.359751
0.103308
-0.129921
0.115803
0.323944
0.00711089
0.0274341
0.0512576
0.353131
0.0995024
0.077906
0.135251
0.258437
-0.0116729
-0.0275983
-0.00997676
0.381225
0.00117127
-0.0333901
0.0234045
0.258101
0.0170442
0.0286407
-0.019882
0.342941
-0.0064336
0.0296298
0.027927
0.310012
-0.0906084
0.120672
0.122971
0.372886
-0.00420972
-0.0112454
0.0435236
0.296704
-0.03543
0.0496116
-0.0413663
0.336183
0.025594
0.124408
0.12461
