Vec Object: 1 MPI process
  type: seq
0.
0.
0.
-0.0841629
0.
0.
0.
0.0192874
0.168303
-0.167606
0.
-0.0539111
0.174977
-0.179419
0.
-0.0556744
0.18946
0.206725
0.
-0.0467268
0.181834
0.163968
0.
-0.0459156
0.389327
0.00849178
0.
2.31785e-05
0.376166
0.00789572
0.
0.00909621
0.391771
-0.0215844
0.
0.00927494
0.398634
-0.0165083
0.
0.00437398
0.
0.
0.
-0.0199829
0.
0.
0.
-0.0583401
0.322126
-0.0576245
0.
-0.0127135
0.317339
0.0896783
0.
0.00319621
0.327144
-0.0507106
0.
-0.0144085
0.321524
0.110665
0.
0.0166142
0.354
0.075008
0.
-0.00433354
0.321882
-0.1023
0.
0.0130859
0.321529
0.0368685
0.
-0.0116398
0.320204
-0.0622337
0.
-0.00279848
0.
0.
0.
-0.113035
0.
0.
0.
0.0205538
0.
0.
0.
-0.0132927
0.
0.
0.
0.148626
0.
0.
0.
-0.0420946
0.
0.
0.
-0.143143
0.
0.
0.
-0.23053
0.
0.
0.
-0.00590588
0.
0.
0.
-0.0594115
0.
0.
0.
-0.0375875
0.
0.
0.
-0.152314
0.
0.
0.
0.0352437
0.
0.
0.
-0.095672
0.
0.
0.
0.0100145
0.
0.
0.
0.0779014
0.
0.
0.
-0.0254043
0.
0.
0.
-0.0127814
0.
0.
0.
0.011155
1.
0.
0.
0.0357135
0.392385
-0.00801134
3.51805e-05
-0.00160884
0.381848
0.
-0.00447908
-0.0053328
0.266335
0.
-0.00403819
-0.00828567
0.280225
0.
0.023288
0.0374115
0.376869
0.
0.00556443
-0.00990686
0.267171
0.
0.0163601
-0.0041029
0.294954
0.
-0.00448476
0.0397233
0.276805
0.0235187
0.
0.0373769
0.383338
0.0174723
0.
-0.00297907
0.253027
0.0178262
0.
-0.012124
0.258007
0.00656591
0.
0.0364293
0.382618
0.0163785
0.
-0.00354884
0.261494
0.0183763
0.
-0.00880251
0.251368
0.0257778
-0.0546173
-0.00123281
0.248925
-0.0246443
0.0223602
-0.00699685
0.371705
-0.0214662
-0.08985
-0.00129219
0.432637
-0.165993
-0.168991
0.0944344
0.360557
0.157013
-0.175703
0.0587039
0.336739
-0.0516016
0.0239498
0.0168692
0.367892
0.133337
0.116664
0.0685095
0.293485
-0.0160598
-0.0308302
-0.00723448
0.411638
0.00211622
-0.0571222
0.00140478
0.254895
0.0199107
0.0331723
0.0122562
0.398285
0.0192434
0.062227
0.00136849
0.327224
-0.135218
0.15198
0.0730836
0.421904
-0.011017
-0.00149237
0.00950798
0.314885
0.0465843
0.085971
-0.0812432
0.355529
0.047126
0.153559
0.0600321
