Vec Object: 1 MPI process
  type: seq
0.
0.
0.
-0.0738796
0.
0.
0.
0.0204453
0.171175
-0.16851
0.
-0.0440372
0.176848
-0.180664
0.
-0.0478385
0.190391
0.208276
0.
-0.0399384
0.183889
0.163583
0.
-0.0338834
0.390246
0.00845877
0.
-0.0012794
0.37744
0.00647826
0.
0.0100243
0.393626
-0.0223621
0.
0.00908158
0.400004
-0.0158828
0.
0.00210332
0.
0.
0.
-0.0171229
0.
0.
0.
-0.0539243
0.328524
-0.0584684
0.
-0.0107227
0.315341
0.0905414
0.
0.00271752
0.333906
-0.049617
0.
-0.01553
0.320785
0.107823
0.
0.0142219
0.361013
0.0763998
0.
-0.00540779
0.321436
-0.10076
0.
0.0111167
0.326607
0.0347896
0.
-0.00828591
0.320981
-0.0614512
0.
-0.00381306
0.
0.
0.
-0.0968896
0.
0.
0.
0.0297059
0.
0.
0.
-0.0105095
0.
0.
0.
0.154703
0.
0.
0.
-0.0389
0.
0.
0.
-0.130106
0.
0.
0.
-0.232392
0.
0.
0.
-0.0183981
0.
0.
0.
-0.0719804
0.
0.
0.
-0.0370258
0.
0.
0.
-0.130509
0.
0.
0.
0.0409446
0.
0.
0.
-0.0920302
0.
0.
0.
0.0172537
0.
0.
0.
0.0461076
0.
0.
0.
-0.0479568
0.
0.
0.
-0.00930836
0.
0.
0.
0.00989473
1.
0.
0.
0.0293986
0.387869
-0.00755848
0.000513321
-0.000354655
0.383973
0.
-0.00496856
-0.00598771
0.264044
0.
-0.00516964
-0.00547682
0.264063
0.
0.0261375
0.0308859
0.374981
0.
0.00590241
-0.0092353
0.263215
0.
0.0182563
0.000748939
0.280957
0.
-0.00284709
0.0291071
0.256493
0.0258332
0.
0.0267365
0.385204
0.0168049
0.
-0.00360034
0.251279
0.0144908
0.
-0.00943799
0.238125
0.0107807
0.
0.028024
0.381508
0.0170521
0.
-0.00365909
0.25934
0.0185267
0.
-0.00446653
0.253661
0.0281971
-0.0522076
0.000607806
0.248628
-0.0217012
0.0199045
-0.000836794
0.371636
-0.020169
-0.103722
-0.0060605
0.440205
-0.179508
-0.181361
0.0790897
0.369608
0.170159
-0.188733
0.0472009
0.324416
-0.0662103
0.0207431
0.0102277
0.374409
0.138614
0.127765
0.0553871
0.30478
-0.0158026
-0.0316959
-0.00824388
0.411897
0.00217009
-0.0603497
-0.00323896
0.251513
0.0150929
0.033591
0.0182559
0.415924
0.0280321
0.0750627
-0.0030382
0.339259
-0.146323
0.159629
0.0629999
0.431782
-0.0112808
0.00150332
0.00402681
0.303658
0.0723097
0.0916209
-0.0775027
0.366743
0.0510721
0.157304
0.0486163
