Vec Object: 1 MPI process
  type: seq
0.
0.
0.
-0.050306
0.
0.
0.
0.346756
0.160221
-0.148566
0.
0.0709508
0.176432
-0.158418
0.
0.0922986
0.229893
0.165588
0.
0.184407
0.176645
0.156075
0.
0.0626962
0.352383
0.0450296
0.
0.136318
0.351101
0.0383895
0.
0.0937486
0.357435
-0.0439001
0.
0.134306
0.358934
-0.0546062
0.
0.141242
0.
0.
0.
-0.128315
0.
0.
0.
-0.276486
0.266358
-0.067382
0.
-0.147738
0.329018
0.0516712
0.
-0.189624
0.274691
-0.0707115
0.
-0.12983
0.332594
0.0807814
0.
-0.18447
0.298122
0.0728911
0.
-0.092996
0.330632
-0.064278
0.
-0.190036
0.264898
0.0697301
0.
-0.133563
0.325085
-0.0366096
0.
-0.209906
0.
0.
0.
0.0922125
0.
0.
0.
-0.13349
0.
0.
0.
0.348739
0.
0.
0.
0.00280204
0.
0.
0.
-0.200304
0.
0.
0.
0.133042
0.
0.
0.
0.332043
0.
0.
0.
0.553454
0.
0.
0.
0.528066
0.
0.
0.
0.361454
0.
0.
0.
0.279601
0.
0.
0.
0.151482
0.
0.
0.
0.347276
0.
0.
0.
-0.0245672
0.
0.
0.
0.739725
0.
0.
0.
0.657888
0.
0.
0.
0.480273
0.
0.
0.
-0.0857121
1.
0.
0.
0.33492
0.390934
-0.00650577
-0.00110748
0.14431
0.389573
0.
0.00129477
-0.0811548
0.287588
0.
0.00249412
-0.259624
0.389417
0.
0.00298976
0.227401
0.405013
0.
-0.000705776
-0.064991
0.287628
0.
0.00350172
-0.262827
0.371169
0.
-0.00747726
0.280385
0.402136
0.0012407
0.
0.291485
0.397657
0.0173227
0.
-0.0781476
0.277532
0.020016
0.
-0.259644
0.367807
-0.00035561
0.
0.313995
0.412679
0.00544029
0.
-0.0561132
0.281333
0.00609847
0.
-0.273226
0.23124
-0.00347501
-0.0192342
-0.214773
0.241819
-0.00522173
0.00641321
-0.288866
0.273831
-0.0254878
-0.00531116
0.00827168
0.450602
-0.00356388
-0.0518477
0.444731
0.39573
0.00534545
-0.0518898
0.344496
0.193942
0.0340914
0.00777838
0.113958
0.337045
0.010054
0.0329476
0.395429
0.202417
0.00214954
-0.0160728
-0.114236
0.255551
-0.000615759
-0.00120876
0.0529446
0.24514
-0.00634395
0.00959765
-0.239324
0.2427
-0.0227948
0.0087541
0.0555818
0.315809
-0.0037689
0.05078
0.327925
0.266262
0.00865906
-0.00558933
0.108744
0.124087
-0.0408064
0.00677131
0.231154
0.321086
-0.014402
0.0458397
0.393453
