Vec Object: 1 MPI process
  type: seq
0.
0.
0.
-0.0762751
0.
0.
0.
0.0195877
0.170324
-0.168177
0.
-0.046792
0.176236
-0.180248
0.
-0.0501993
0.190013
0.207809
0.
-0.0419655
0.183336
0.163612
0.
-0.0371465
0.389976
0.00841039
0.
-0.000947835
0.376978
0.00697089
0.
0.00986628
0.393001
-0.0221234
0.
0.00926022
0.3996
-0.0160232
0.
0.00271966
0.
0.
0.
-0.0175806
0.
0.
0.
-0.0545482
0.326582
-0.0581913
0.
-0.0112372
0.315981
0.0902595
0.
0.00283759
0.331836
-0.0500104
0.
-0.0153487
0.320976
0.108709
0.
0.0149229
0.358883
0.0760458
0.
-0.00525225
0.32155
-0.101243
0.
0.0117084
0.325098
0.0353756
0.
-0.00913167
0.32066
-0.0617121
0.
-0.00351373
0.
0.
0.
-0.101568
0.
0.
0.
0.0278108
0.
0.
0.
-0.0119028
0.
0.
0.
0.154536
0.
0.
0.
-0.0389006
0.
0.
0.
-0.134083
0.
0.
0.
-0.232866
0.
0.
0.
-0.0156999
0.
0.
0.
-0.0694197
0.
0.
0.
-0.0379063
0.
0.
0.
-0.137606
0.
0.
0.
0.0393713
0.
0.
0.
-0.0939785
0.
0.
0.
0.0152589
0.
0.
0.
0.0544609
0.
0.
0.
-0.0425867
0.
0.
0.
-0.0110307
0.
0.
0.
0.0105873
1.
0.
0.
0.0313225
0.389319
-0.0077201
0.000354264
-0.00070151
0.383339
0.
-0.00483533
-0.00584736
0.264677
0.
-0.00481986
-0.00624257
0.268967
0.
0.0253007
0.0327568
0.375649
0.
0.00582961
-0.00950743
0.264419
0.
0.0176813
-0.000547836
0.285217
0.
-0.0034039
0.0320288
0.262653
0.0252085
0.
0.0295774
0.384635
0.0169865
0.
-0.00347054
0.251677
0.0155943
0.
-0.0101235
0.244282
0.00942972
0.
0.0302724
0.381924
0.0168936
0.
-0.00367795
0.259951
0.018583
0.
-0.00560974
0.253027
0.0274719
-0.053104
0.000277369
0.248807
-0.0228382
0.0207635
-0.0023677
0.372007
-0.0204745
-0.0997282
-0.00477848
0.437725
-0.175872
-0.177705
0.0833288
0.366368
0.16656
-0.185005
0.0502423
0.328881
-0.0625471
0.0217133
0.0119399
0.372399
0.137326
0.124706
0.0588677
0.301469
-0.0158743
-0.03142
-0.00788383
0.412262
0.00216505
-0.0597371
-0.00197275
0.252697
0.0168535
0.0334667
0.0167772
0.410653
0.0254707
0.0711764
-0.00190985
0.335289
-0.14325
0.157495
0.0657373
0.429241
-0.0113486
0.000708546
0.00542465
0.307622
0.065467
0.090505
-0.079041
0.363061
0.0501603
0.156522
0.0515923
