Vec Object: 1 MPI process
  type: seq
0.
0.
0.
-0.111402
0.
0.
0.
0.154744
0.149192
-0.168504
0.
-0.125642
0.164428
-0.177728
0.
-0.105035
0.195855
0.19717
0.
-0.0692036
0.164392
0.171961
0.
-0.130898
0.38115
0.0165708
0.
0.0294856
0.372139
0.0138631
0.
0.0162195
0.386388
-0.0195463
0.
0.0153866
0.387878
-0.0266472
0.
0.0382686
0.
0.
0.
-0.0592954
0.
0.
0.
-0.153475
0.289425
-0.0507825
0.
-0.0173781
0.324162
0.0809586
0.
-0.0129003
0.295814
-0.047565
0.
0.00605545
0.326782
0.114529
0.
0.00648404
0.320267
0.0599478
0.
0.018878
0.325822
-0.100434
0.
-0.000521231
0.290552
0.0473813
0.
-0.0320529
0.322818
-0.0591827
0.
-0.0216251
0.
0.
0.
-0.0765864
0.
0.
0.
-0.0727006
0.
0.
0.
0.132446
0.
0.
0.
0.0334059
0.
0.
0.
-0.126745
0.
0.
0.
-0.06808
0.
0.
0.
0.000724
0.
0.
0.
0.246388
0.
0.
0.
0.212872
0.
0.
0.
0.131836
0.
0.
0.
-0.0224774
0.
0.
0.
0.0726525
0.
0.
0.
0.0892476
0.
0.
0.
-0.0100362
0.
0.
0.
0.392172
0.
0.
0.
0.297295
0.
0.
0.
0.172846
0.
0.
0.
-0.0089546
1.
0.
0.
0.0567477
0.403217
-0.00859725
-0.00147484
0.0141712
0.375685
0.
-0.000952768
-0.00498656
0.280517
0.
0.000860645
-0.0439531
0.360188
0.
0.00935407
0.0888109
0.382189
0.
0.00121447
-0.012949
0.282743
0.
0.00715937
-0.0514102
0.358234
0.
-0.00837673
0.119289
0.371266
0.0082576
0.
0.130147
0.379514
0.0209991
0.
-0.00285117
0.268857
0.0253711
0.
-0.0498173
0.343302
-0.0039041
0.
0.123723
0.385843
0.00882541
0.
-0.00485259
0.274881
0.00933766
0.
-0.0585283
0.240713
0.00663813
-0.039606
-0.0434193
0.247282
-0.01565
0.0169086
-0.07673
0.328005
-0.0348781
-0.0241694
0.0428465
0.432754
-0.0664873
-0.0994136
0.214929
0.373937
0.0638276
-0.0988442
0.166316
0.283389
0.0327107
0.0223
0.0858685
0.348753
0.0661548
0.0563384
0.199749
0.236566
-0.00326844
-0.0240942
-0.0133466
0.340287
-0.000109551
-0.016839
0.0471925
0.25573
0.0051024
0.022132
-0.0474078
0.305111
-0.0184431
0.016492
0.0591823
0.311543
-0.057027
0.094809
0.172523
0.333106
0.00172546
-0.0131002
0.0793506
0.243401
-0.0580979
0.0268408
0.0456788
0.331834
0.00892449
0.0955233
0.192461
