Vec Object: 1 MPI process
  type: seq
0.
0.
0.
0.603772
0.
0.
0.
1.19264
0.259876
-0.0562655
0.
2.01251
0.276944
-0.061976
0.
2.02356
0.324988
0.0765696
0.
2.0729
0.277973
0.0594369
0.
1.99326
0.380195
0.0106999
0.
-1.20053
0.379918
0.00402306
0.
-1.22968
0.384585
-0.00965556
0.
-1.19436
0.386384
-0.0184068
0.
-1.19964
0.
0.
0.
0.317862
0.
0.
0.
0.0763387
0.247965
-0.0750959
0.
0.0709954
0.329829
0.00419502
0.
-1.1533
0.257953
-0.0790129
0.
0.0822059
0.333719
0.0172453
0.
-1.18124
0.281126
0.0785659
0.
0.115482
0.33151
-0.000611842
0.
-1.17954
0.245481
0.0741648
0.
0.157001
0.32887
0.00170768
0.
-1.18306
0.
0.
0.
0.868883
0.
0.
0.
0.371462
0.
0.
0.
1.22041
0.
0.
0.
0.607578
0.
0.
0.
0.259057
0.
0.
0.
0.937644
0.
0.
0.
1.30098
0.
0.
0.
1.59243
0.
0.
0.
1.51
0.
0.
0.
1.21829
0.
0.
0.
1.17079
0.
0.
0.
0.831875
0.
0.
0.
1.20405
0.
0.
0.
0.544757
0.
0.
0.
2.01157
0.
0.
0.
1.77775
0.
0.
0.
1.56938
0.
0.
0.
0.34794
1.
0.
0.
2.34771
0.412123
-0.00393689
-0.000450849
-1.19827
0.389656
0.
0.00187084
-1.23722
0.284917
0.
0.00269115
-0.922868
0.339477
0.
0.00112665
1.61322
0.403838
0.
-0.000666108
-1.22542
0.282758
0.
0.00321081
-0.858977
0.320381
0.
-0.00657747
1.6248
0.350175
0.000686551
0.
1.62717
0.395471
0.00698482
0.
-1.23609
0.275459
0.00818144
0.
-0.909027
0.315606
0.000949865
0.
1.66572
0.408136
0.00572909
0.
-1.22375
0.277513
0.00715341
0.
-0.88396
0.217694
-0.00518829
-0.0121654
-0.149174
0.23052
0.000148907
0.00332433
-0.594841
0.247327
-0.0180371
-0.00155161
0.60556
0.437251
-0.00561018
-0.0349274
1.98867
0.377791
0.0116361
-0.0361997
1.6549
0.157221
0.0218662
0.00383734
0.781863
0.304863
0.0110814
0.026115
1.63193
0.185746
0.00437504
-0.0116056
0.248016
0.221419
0.0022427
0.00265388
0.662951
0.230827
-0.00797314
0.00534565
-0.259619
0.219318
-0.0189931
0.00801116
0.639917
0.293937
-0.00739115
0.0348699
1.53251
0.236597
0.00931467
-0.00248533
0.824771
0.0765528
-0.0191078
0.00488201
1.02554
0.289026
0.00137509
0.0300082
1.59165
