Vec Object: 1 MPI process
  type: seq
0.
0.
0.
-0.108838
0.
0.
0.
0.0340681
0.162894
-0.167189
0.
-0.0747923
0.172351
-0.178051
0.
-0.0695185
0.189733
0.204052
0.
-0.0579168
0.17702
0.165996
0.
-0.0720345
0.387652
0.00961366
0.
0.00368452
0.37525
0.00927753
0.
0.00615174
0.389945
-0.0202428
0.
0.0074141
0.396117
-0.018503
0.
0.00988206
0.
0.
0.
-0.0322786
0.
0.
0.
-0.0812992
0.311395
-0.0563753
0.
-0.0167053
0.320054
0.088302
0.
0.00370999
0.316345
-0.0511888
0.
-0.00948959
0.32317
0.114721
0.
0.0203124
0.342474
0.0712254
0.
0.0011748
0.323009
-0.104272
0.
0.0157063
0.312239
0.0409894
0.
-0.0197451
0.320381
-0.0629395
0.
-0.00179415
0.
0.
0.
-0.13396
0.
0.
0.
-0.0101233
0.
0.
0.
0.000861919
0.
0.
0.
0.111147
0.
0.
0.
-0.0656294
0.
0.
0.
-0.154174
0.
0.
0.
-0.199228
0.
0.
0.
0.0417034
0.
0.
0.
-0.0082636
0.
0.
0.
-0.0169356
0.
0.
0.
-0.163815
0.
0.
0.
0.0289606
0.
0.
0.
-0.075939
0.
0.
0.
-0.00376628
0.
0.
0.
0.156507
0.
0.
0.
0.0444951
0.
0.
0.
0.00542261
0.
0.
0.
0.00658952
1.
0.
0.
0.0448612
0.398149
-0.00837314
-0.000546094
-0.00356746
0.378433
0.
-0.00339681
-0.00352682
0.271077
0.
-0.00223467
-0.0146328
0.306784
0.
0.0183356
0.050645
0.378491
0.
0.00444713
-0.0100929
0.273364
0.
0.0131724
-0.0148411
0.317493
0.
-0.00632473
0.0622544
0.309768
0.0185986
0.
0.0624024
0.380528
0.0189234
0.
-0.00122575
0.257906
0.0218323
0.
-0.0189477
0.288496
0.00112096
0.
0.0569365
0.383181
0.0143956
0.
-0.00281177
0.265811
0.0162816
0.
-0.0192005
0.24738
0.0208116
-0.0542913
-0.00987857
0.248595
-0.0248658
0.0236176
-0.0236124
0.36454
-0.0254017
-0.0648665
0.00956115
0.425207
-0.136216
-0.147076
0.12767
0.355836
0.128976
-0.150944
0.0866675
0.338708
-0.0183916
0.0275764
0.0332335
0.358559
0.11775
0.0949666
0.100613
0.273853
-0.015013
-0.0292976
-0.00792432
0.400354
0.00176213
-0.0454394
0.0117854
0.257723
0.0212635
0.0315239
-0.00387931
0.368003
0.00426434
0.0425246
0.0131179
0.314339
-0.11199
0.136018
0.0969333
0.397421
-0.00799337
-0.00742989
0.0248097
0.315567
-0.00330194
0.0673183
-0.0718123
0.342503
0.0362984
0.140283
0.0899953
