Vec Object: 1 MPI process
  type: seq
0.
0.
0.
0.420403
0.
0.
0.
0.964245
0.23534
-0.0787427
0.
1.50393
0.252142
-0.0855552
0.
1.51805
0.302795
0.0973795
0.
1.58258
0.253178
0.0831288
0.
1.48906
0.368952
0.0236999
0.
-0.812306
0.369213
0.0166733
0.
-0.848355
0.373126
-0.0227925
0.
-0.80502
0.375308
-0.0318653
0.
-0.810662
0.
0.
0.
0.180769
0.
0.
0.
-0.0379775
0.251618
-0.0770166
0.
-0.0143007
0.33006
0.0145009
0.
-0.905655
0.26127
-0.0817301
0.
-0.00360855
0.333998
0.0312001
0.
-0.92616
0.28446
0.0805553
0.
0.0361597
0.331763
-0.0145239
0.
-0.925972
0.249189
0.0768526
0.
0.0567722
0.327931
-0.00667083
0.
-0.933658
0.
0.
0.
0.658858
0.
0.
0.
0.220188
0.
0.
0.
0.986464
0.
0.
0.
0.432973
0.
0.
0.
0.119699
0.
0.
0.
0.722168
0.
0.
0.
1.04894
0.
0.
0.
1.31979
0.
0.
0.
1.25257
0.
0.
0.
0.989145
0.
0.
0.
0.93824
0.
0.
0.
0.641042
0.
0.
0.
0.976536
0.
0.
0.
0.377905
0.
0.
0.
1.68081
0.
0.
0.
1.48691
0.
0.
0.
1.2837
0.
0.
0.
0.212524
1.
0.
0.
1.82717
0.404282
-0.00433091
-0.000511713
-0.804801
0.391473
0.
0.00184954
-0.92253
0.286221
0.
0.00266508
-0.765935
0.352572
0.
0.00133454
1.24039
0.40693
0.
-0.000679112
-0.905982
0.284478
0.
0.00316689
-0.719812
0.33288
0.
-0.00669526
1.2659
0.363745
0.00072204
0.
1.27033
0.398378
0.00938747
0.
-0.920633
0.276636
0.0107979
0.
-0.754642
0.32899
0.00113247
0.
1.30673
0.412751
0.00565356
0.
-0.902253
0.279031
0.00700166
0.
-0.740948
0.22084
-0.00466891
-0.0131189
-0.193252
0.233266
-0.000917382
0.0036631
-0.536836
0.250996
-0.0178416
-0.00203592
0.425513
0.441122
-0.00179746
-0.0370688
1.58196
0.382841
0.00699784
-0.038146
1.30616
0.161801
0.0236969
0.0040733
0.589951
0.312008
0.00792416
0.0270971
1.30256
0.188494
0.00261677
-0.0123369
0.127882
0.225552
0.00163938
0.00199052
0.485327
0.234123
-0.00651601
0.00584191
-0.282
0.222122
-0.01939
0.00812062
0.466281
0.299291
-0.00338446
0.0369233
1.20802
0.240887
0.00940079
-0.00262084
0.61998
0.0824424
-0.0230637
0.0048989
0.80934
0.296195
-0.00417662
0.0317981
1.27266
