Vec Object: 1 MPI process
  type: seq
0.
0.
0.
-0.0746791
0.
0.
0.
0.0200921
0.170864
-0.168382
0.
-0.0450239
0.176618
-0.180507
0.
-0.0487037
0.190243
0.208105
0.
-0.0406784
0.183693
0.163584
0.
-0.0350405
0.390148
0.00843486
0.
-0.00116394
0.377263
0.00666578
0.
0.00997969
0.39339
-0.0222738
0.
0.00915906
0.399857
-0.0159294
0.
0.00232272
0.
0.
0.
-0.0172514
0.
0.
0.
-0.0540891
0.32781
-0.0583644
0.
-0.0109017
0.31558
0.0904352
0.
0.00275803
0.333144
-0.0497674
0.
-0.0154791
0.320851
0.108151
0.
0.0144764
0.36023
0.0762762
0.
-0.0053666
0.321476
-0.100939
0.
0.0113326
0.326055
0.0350003
0.
-0.00857848
0.320855
-0.0615494
0.
-0.00370487
0.
0.
0.
-0.0985707
0.
0.
0.
0.029097
0.
0.
0.
-0.0110611
0.
0.
0.
0.154813
0.
0.
0.
-0.0388071
0.
0.
0.
-0.131553
0.
0.
0.
-0.232659
0.
0.
0.
-0.0175067
0.
0.
0.
-0.071155
0.
0.
0.
-0.037406
0.
0.
0.
-0.133136
0.
0.
0.
0.0403927
0.
0.
0.
-0.0928125
0.
0.
0.
0.0165438
0.
0.
0.
0.0490455
0.
0.
0.
-0.0461259
0.
0.
0.
-0.0099877
0.
0.
0.
0.0101764
1.
0.
0.
0.0301033
0.388409
-0.00762039
0.000453406
-0.000477809
0.383742
0.
-0.00492117
-0.00594252
0.26427
0.
-0.00504028
-0.00574895
0.265863
0.
0.0258337
0.0315622
0.375236
0.
0.00587867
-0.00934263
0.263657
0.
0.0180449
0.000292259
0.282523
0.
-0.00305839
0.0301482
0.258754
0.0256124
0.
0.0277408
0.384995
0.0168695
0.
-0.00355912
0.251411
0.0149062
0.
-0.00967625
0.240399
0.0102774
0.
0.0288206
0.381669
0.0169985
0.
-0.00367187
0.25956
0.0185577
0.
-0.00486831
0.253437
0.0279294
-0.0525505
0.000505992
0.248705
-0.0221431
0.0202301
-0.00136512
0.371807
-0.0202728
-0.102281
-0.00560766
0.439278
-0.178223
-0.18003
0.0806039
0.368371
0.16888
-0.187389
0.0482734
0.326117
-0.0649531
0.0210956
0.0108236
0.373669
0.138171
0.126679
0.0566162
0.303579
-0.0158244
-0.0315925
-0.00811042
0.412071
0.00216942
-0.0601621
-0.00278977
0.251965
0.0157672
0.0335436
0.0177472
0.413998
0.0271059
0.0736402
-0.00264536
0.337771
-0.145226
0.158866
0.063974
0.430896
-0.0113211
0.0012254
0.00451529
0.305153
0.0699169
0.0912737
-0.078095
0.365362
0.0507693
0.157052
0.0496631
