Vec Object: 1 MPI process
  type: seq
0.
0.
0.
-0.114149
0.
0.
0.
0.0421652
0.161381
-0.167254
0.
-0.0807603
0.171643
-0.177842
0.
-0.0733546
0.1901
0.203359
0.
-0.0605162
0.175606
0.166665
0.
-0.079257
0.387182
0.0100761
0.
0.00501049
0.375117
0.00955715
0.
0.00557261
0.389667
-0.0199021
0.
0.00676142
0.395417
-0.0191681
0.
0.0116947
0.
0.
0.
-0.0361337
0.
0.
0.
-0.0894008
0.308696
-0.055978
0.
-0.0174231
0.320641
0.0878672
0.
0.00349419
0.313735
-0.0510495
0.
-0.00775838
0.32361
0.115504
0.
0.0208289
0.339649
0.0700201
0.
0.0032299
0.323335
-0.104553
0.
0.0159143
0.309754
0.0420309
0.
-0.0218538
0.320607
-0.062952
0.
-0.00202069
0.
0.
0.
-0.135407
0.
0.
0.
-0.0192902
0.
0.
0.
0.0093974
0.
0.
0.
0.0993483
0.
0.
0.
-0.0736638
0.
0.
0.
-0.15245
0.
0.
0.
-0.184633
0.
0.
0.
0.0593505
0.
0.
0.
0.0108696
0.
0.
0.
-0.00640507
0.
0.
0.
-0.159
0.
0.
0.
0.0295668
0.
0.
0.
-0.0646408
0.
0.
0.
-0.00671727
0.
0.
0.
0.180627
0.
0.
0.
0.0682038
0.
0.
0.
0.0164221
0.
0.
0.
0.00458296
1.
0.
0.
0.0466673
0.399263
-0.00842269
-0.000672014
-0.00370785
0.377692
0.
-0.00309534
-0.00311667
0.272341
0.
-0.00180033
-0.0165996
0.313366
0.
0.0171248
0.0544593
0.378745
0.
0.00408715
-0.0101325
0.274788
0.
0.0123769
-0.0179152
0.322899
0.
-0.00668607
0.0685245
0.317738
0.0172913
0.
0.0697964
0.379958
0.0193054
0.
-0.000826647
0.259309
0.0226015
0.
-0.0210958
0.295694
6.63115e-05
0.
0.0633181
0.383207
0.0137737
0.
-0.00269526
0.266981
0.0155138
0.
-0.0223864
0.246499
0.0193105
-0.0533419
-0.013034
0.248504
-0.0242228
0.0233668
-0.0287274
0.361439
-0.0266284
-0.0588288
0.012842
0.424534
-0.127938
-0.141419
0.137177
0.356413
0.12125
-0.144503
0.0951081
0.335547
-0.0100601
0.027851
0.0382798
0.356665
0.112608
0.0895586
0.110488
0.269038
-0.0142327
-0.0288275
-0.00852952
0.395348
0.00161068
-0.0418133
0.0149778
0.258005
0.0204049
0.0307901
-0.00867194
0.360334
0.000782811
0.0382232
0.0170783
0.312467
-0.105584
0.131506
0.104304
0.390191
-0.00690413
-0.00877061
0.0299489
0.311533
-0.0144432
0.0618621
-0.0648937
0.340201
0.0331168
0.135807
0.09967
