Vec Object: 1 MPI process
  type: seq
0.
0.
0.
-0.0781138
0.
0.
0.
0.0192434
0.169784
-0.167996
0.
-0.0486223
0.175874
-0.180005
0.
-0.0516822
0.18982
0.207516
0.
-0.0432502
0.18296
0.163671
0.
-0.0393638
0.389802
0.00840661
0.
-0.000712739
0.376724
0.00725031
0.
0.00971002
0.392637
-0.0219763
0.
0.0093192
0.399343
-0.0161328
0.
0.00313608
0.
0.
0.
-0.0180448
0.
0.
0.
-0.0552372
0.32537
-0.0580279
0.
-0.0116012
0.316366
0.0900937
0.
0.0029265
0.33055
-0.0502298
0.
-0.0151655
0.321112
0.109252
0.
0.0153736
0.357553
0.0757955
0.
-0.00508245
0.32163
-0.101539
0.
0.0120828
0.324143
0.0357618
0.
-0.00973847
0.320498
-0.061865
0.
-0.00332049
0.
0.
0.
-0.10463
0.
0.
0.
0.0262384
0.
0.
0.
-0.0125698
0.
0.
0.
0.153679
0.
0.
0.
-0.0393207
0.
0.
0.
-0.136601
0.
0.
0.
-0.232735
0.
0.
0.
-0.0135566
0.
0.
0.
-0.0672929
0.
0.
0.
-0.0381796
0.
0.
0.
-0.1419
0.
0.
0.
0.0382921
0.
0.
0.
-0.0948688
0.
0.
0.
0.0139163
0.
0.
0.
0.0602531
0.
0.
0.
-0.0385961
0.
0.
0.
-0.0118636
0.
0.
0.
0.0108919
1.
0.
0.
0.032528
0.390191
-0.00781008
0.000261283
-0.000935496
0.382937
0.
-0.00474528
-0.00573249
0.265101
0.
-0.00460468
-0.0067604
0.272034
0.
0.0247636
0.0339739
0.376023
0.
0.00577091
-0.00964592
0.265172
0.
0.0173223
-0.00144073
0.287875
0.
-0.00372355
0.033992
0.266509
0.0247818
0.
0.0315249
0.38428
0.0171093
0.
-0.00336198
0.251987
0.0162416
0.
-0.0106105
0.248075
0.00861694
0.
0.0318082
0.382148
0.0167743
0.
-0.00366501
0.260352
0.0185729
0.
-0.00640234
0.252597
0.0270201
-0.0535983
-2.18151e-05
0.248874
-0.0234413
0.0212533
-0.00347412
0.372085
-0.0207033
-0.0971259
-0.00390097
0.436248
-0.173385
-0.175373
0.0861645
0.364556
0.164131
-0.182569
0.0523405
0.331379
-0.0598894
0.0223299
0.0131497
0.371153
0.136387
0.122642
0.0612619
0.29934
-0.0159314
-0.0312553
-0.00767252
0.412306
0.00215686
-0.0591905
-0.00111487
0.253365
0.0178274
0.0333928
0.0157015
0.407318
0.0238137
0.068734
-0.00111119
0.332944
-0.141193
0.156075
0.0675875
0.427447
-0.0113243
0.000155089
0.00641116
0.309893
0.0607052
0.0895355
-0.0798582
0.360882
0.0494561
0.155878
0.0536609
