Vec Object: 1 MPI process
  type: seq
0.
0.
0.
-0.0836135
0.
0.
0.
0.0192227
0.168427
-0.167633
0.
-0.0534572
0.175047
-0.179464
0.
-0.0553458
0.189481
0.20679
0.
-0.0464409
0.181933
0.163936
0.
-0.0453474
0.389366
0.00847979
0.
-4.30195e-05
0.376206
0.00784814
0.
0.00915607
0.391836
-0.0216166
0.
0.00928952
0.398693
-0.0164731
0.
0.00426562
0.
0.
0.
-0.0197863
0.
0.
0.
-0.0580141
0.322392
-0.0576559
0.
-0.012616
0.317263
0.0897112
0.
0.00317321
0.327421
-0.0506771
0.
-0.0144849
0.321488
0.110551
0.
0.0165113
0.35429
0.0750791
0.
-0.00441142
0.32186
-0.10224
0.
0.0130044
0.321747
0.0367741
0.
-0.0114699
0.320221
-0.0622058
0.
-0.00284072
0.
0.
0.
-0.112347
0.
0.
0.
0.0210986
0.
0.
0.
-0.0133015
0.
0.
0.
0.149184
0.
0.
0.
-0.0417773
0.
0.
0.
-0.14263
0.
0.
0.
-0.23082
0.
0.
0.
-0.00664332
0.
0.
0.
-0.0601831
0.
0.
0.
-0.0377177
0.
0.
0.
-0.151539
0.
0.
0.
0.0354943
0.
0.
0.
-0.095704
0.
0.
0.
0.0103486
0.
0.
0.
0.0763393
0.
0.
0.
-0.0266255
0.
0.
0.
-0.0127916
0.
0.
0.
0.011165
1.
0.
0.
0.0354564
0.392213
-0.00799689
5.25452e-05
-0.00155189
0.381938
0.
-0.00450223
-0.0053701
0.266229
0.
-0.0040842
-0.0081534
0.279556
0.
0.0234105
0.0371199
0.376808
0.
0.00558399
-0.00989099
0.267008
0.
0.0164391
-0.00387133
0.294377
0.
-0.00442707
0.0392294
0.275964
0.0236281
0.
0.0368632
0.383415
0.0174407
0.
-0.00301498
0.252931
0.0177039
0.
-0.0119891
0.257205
0.00672705
0.
0.0360224
0.382586
0.016415
0.
-0.00356226
0.261397
0.0184014
0.
-0.00859124
0.251471
0.0258826
-0.054552
-0.00110948
0.248926
-0.024568
0.0222815
-0.00667808
0.371768
-0.0213953
-0.0904599
-0.00151924
0.432912
-0.166636
-0.169521
0.0937207
0.360837
0.157627
-0.176282
0.058142
0.336378
-0.0523361
0.0238212
0.0165398
0.368154
0.133617
0.117174
0.0678697
0.293971
-0.0160529
-0.0308647
-0.00726111
0.411738
0.00212059
-0.0573236
0.00118689
0.254783
0.0197696
0.0331929
0.0125687
0.39903
0.0196228
0.0627559
0.0011469
0.327662
-0.135731
0.15233
0.072603
0.422397
-0.011055
-0.00135009
0.0092284
0.314546
0.0477996
0.0863127
-0.0811829
0.355941
0.047339
0.153782
0.0594632
