Vec Object: 1 MPI process
  type: seq
0.
0.
0.
-0.0960924
0.
0.
0.
0.206756
0.1462
-0.167809
0.
-0.130964
0.162253
-0.177135
0.
-0.10874
0.200111
0.193229
0.
-0.057916
0.161681
0.17274
0.
-0.138623
0.37637
0.021467
0.
0.0547326
0.368838
0.0178531
0.
0.0356575
0.38241
-0.0223247
0.
0.0380371
0.382816
-0.031579
0.
0.0630917
0.
0.
0.
-0.0690954
0.
0.
0.
-0.178422
0.282939
-0.0498126
0.
-0.0260612
0.32529
0.0758474
0.
-0.0312674
0.289888
-0.047509
0.
-0.000327239
0.328006
0.109787
0.
-0.0133782
0.313968
0.0581001
0.
0.0131998
0.326817
-0.0948244
0.
-0.0208391
0.283571
0.049353
0.
-0.0406085
0.323528
-0.0554268
0.
-0.0425703
0.
0.
0.
-0.0340763
0.
0.
0.
-0.0860575
0.
0.
0.
0.190482
0.
0.
0.
0.0214095
0.
0.
0.
-0.14266
0.
0.
0.
-0.0168227
0.
0.
0.
0.0866143
0.
0.
0.
0.325299
0.
0.
0.
0.297114
0.
0.
0.
0.194537
0.
0.
0.
0.0546346
0.
0.
0.
0.0968647
0.
0.
0.
0.160061
0.
0.
0.
-0.00845172
0.
0.
0.
0.473656
0.
0.
0.
0.389478
0.
0.
0.
0.248087
0.
0.
0.
-0.0178334
1.
0.
0.
0.0699697
0.402171
-0.00844575
-0.00161163
0.0410634
0.377284
0.
-0.000282923
-0.00794364
0.28265
0.
0.00152498
-0.0684148
0.374541
0.
0.00719971
0.103603
0.385647
0.
0.00036614
-0.0134276
0.284436
0.
0.00576867
-0.076862
0.367694
0.
-0.00845075
0.139568
0.386705
0.00555917
0.
0.152208
0.381943
0.0207638
0.
-0.00584973
0.271528
0.0249672
0.
-0.0744129
0.356681
-0.00380367
0.
0.150991
0.389696
0.00733377
0.
-0.00508019
0.276979
0.00759602
0.
-0.0849644
0.238402
0.00239589
-0.0334628
-0.0644399
0.24621
-0.0122382
0.0137303
-0.105987
0.313575
-0.0358415
-0.0165194
0.047754
0.439148
-0.0464147
-0.0849926
0.246351
0.382523
0.044959
-0.0841548
0.193292
0.258717
0.0385346
0.0183352
0.100497
0.347414
0.0486776
0.0478536
0.235744
0.226243
0.00098924
-0.021966
-0.0220969
0.316754
-0.000713691
-0.0105439
0.0564704
0.253313
-0.00127646
0.018417
-0.0713217
0.286646
-0.0221601
0.0126679
0.0711887
0.314314
-0.0405963
0.081509
0.199937
0.313374
0.00426
-0.0120815
0.093657
0.210349
-0.0584845
0.0185486
0.0989793
0.330739
0.00110891
0.0803925
0.231185
