Vec Object: 1 MPI process
  type: seq
0.
0.
0.
-0.0852449
0.
0.
0.
0.0194462
0.168063
-0.167557
0.
-0.0547961
0.174844
-0.179334
0.
-0.056309
0.189423
0.206599
0.
-0.0472782
0.18164
0.164032
0.
-0.0470256
0.38925
0.0085173
0.
0.000153816
0.376094
0.00798495
0.
0.00897661
0.391648
-0.0215222
0.
0.00924145
0.39852
-0.0165782
0.
0.00458647
0.
0.
0.
-0.0203806
0.
0.
0.
-0.0590051
0.321613
-0.0575645
0.
-0.0129041
0.317486
0.0896152
0.
0.00324059
0.326611
-0.0507721
0.
-0.0142541
0.321595
0.110882
0.
0.0168127
0.35344
0.0748676
0.
-0.004175
0.321927
-0.102416
0.
0.0132423
0.321107
0.0370524
0.
-0.0119741
0.320176
-0.0622863
0.
-0.00271774
0.
0.
0.
-0.114354
0.
0.
0.
0.0194652
0.
0.
0.
-0.0132373
0.
0.
0.
0.147481
0.
0.
0.
-0.0427506
0.
0.
0.
-0.144114
0.
0.
0.
-0.229911
0.
0.
0.
-0.00442622
0.
0.
0.
-0.0578583
0.
0.
0.
-0.0372916
0.
0.
0.
-0.153759
0.
0.
0.
0.0347637
0.
0.
0.
-0.0955563
0.
0.
0.
0.00936452
0.
0.
0.
0.0809708
0.
0.
0.
-0.0229786
0.
0.
0.
-0.012713
0.
0.
0.
0.0111195
1.
0.
0.
0.0362066
0.392712
-0.00803822
2.24201e-06
-0.00171913
0.381676
0.
-0.00443381
-0.00525889
0.266541
0.
-0.00394966
-0.00854422
0.281515
0.
0.0230512
0.0379786
0.376984
0.
0.00552541
-0.00993495
0.267483
0.
0.0162078
-0.00455548
0.296066
0.
-0.00459386
0.0406869
0.278424
0.023305
0.
0.0383842
0.383192
0.017534
0.
-0.00290783
0.253216
0.0180583
0.
-0.0123895
0.259545
0.00625874
0.
0.0372283
0.382676
0.0163061
0.
-0.00352129
0.261683
0.0183234
0.
-0.00921686
0.251168
0.0255738
-0.0547336
-0.00148326
0.24892
-0.0247805
0.0225058
-0.00762616
0.371566
-0.021607
-0.0886689
-0.000848132
0.432117
-0.164736
-0.167968
0.0958279
0.36004
0.155813
-0.174578
0.0598073
0.337392
-0.0501618
0.0241946
0.0175161
0.36739
0.132783
0.115672
0.0697659
0.292546
-0.0160701
-0.0307638
-0.00718862
0.41142
0.00210726
-0.0567186
0.00183034
0.255104
0.0201675
0.0331307
0.0116389
0.396848
0.0185108
0.0612105
0.0018049
0.326397
-0.134217
0.151297
0.0740255
0.420934
-0.0109378
-0.00176951
0.0100603
0.315502
0.0442197
0.0852891
-0.0813285
0.354746
0.0467053
0.153114
0.061153
