Vec Object: 1 MPI process
  type: seq
0.
0.
0.
-0.0754595
0.
0.
0.
0.0198168
0.170589
-0.168275
0.
-0.0459155
0.176421
-0.180373
0.
-0.0494663
0.190121
0.207954
0.
-0.0413335
0.183514
0.163595
0.
-0.0360977
0.39006
0.00841975
0.
-0.00105638
0.377114
0.00682432
0.
0.00992754
0.393189
-0.0221968
0.
0.00921585
0.399727
-0.0159751
0.
0.00252227
0.
0.
0.
-0.0174021
0.
0.
0.
-0.0542947
0.327183
-0.058275
0.
-0.0110686
0.315786
0.0903444
0.
0.00279719
0.332476
-0.049894
0.
-0.0154194
0.320914
0.108437
0.
0.014703
0.359543
0.0761614
0.
-0.00531527
0.321512
-0.101095
0.
0.0115239
0.325568
0.0351899
0.
-0.00885307
0.320752
-0.0616334
0.
-0.00360799
0.
0.
0.
-0.100086
0.
0.
0.
0.0284785
0.
0.
0.
-0.0115094
0.
0.
0.
0.154746
0.
0.
0.
-0.0388139
0.
0.
0.
-0.132839
0.
0.
0.
-0.232806
0.
0.
0.
-0.0166286
0.
0.
0.
-0.0703202
0.
0.
0.
-0.0376874
0.
0.
0.
-0.135428
0.
0.
0.
0.0398816
0.
0.
0.
-0.0934383
0.
0.
0.
0.0158976
0.
0.
0.
0.0517532
0.
0.
0.
-0.0443814
0.
0.
0.
-0.0105422
0.
0.
0.
0.0103984
1.
0.
0.
0.030725
0.388877
-0.00767237
0.000402166
-0.000590221
0.383537
0.
-0.00487803
-0.00589667
0.264475
0.
-0.00492743
-0.00599699
0.267447
0.
0.0255631
0.0321672
0.375451
0.
0.00585492
-0.00942989
0.264046
0.
0.0178593
-0.000128235
0.283898
0.
-0.00323758
0.0310944
0.260743
0.0254099
0.
0.0286613
0.384811
0.0169283
0.
-0.00351665
0.251541
0.0152616
0.
-0.00989872
0.242386
0.00984165
0.
0.0295488
0.381803
0.016947
0.
-0.00367745
0.259757
0.0185751
0.
-0.00523897
0.253232
0.0276955
-0.0528392
0.000398128
0.248762
-0.0225084
0.0205069
-0.00186211
0.371924
-0.020372
-0.100989
-0.00519209
0.438478
-0.177044
-0.178848
0.0819762
0.367327
0.167714
-0.186183
0.0492589
0.327555
-0.0637622
0.0214095
0.0113794
0.37302
0.137753
0.125688
0.0577439
0.302508
-0.0158484
-0.0315037
-0.00799379
0.412186
0.00216769
-0.0599613
-0.00237946
0.252345
0.0163339
0.0335038
0.017267
0.412295
0.0262772
0.0723844
-0.00227922
0.336491
-0.144231
0.158175
0.0648603
0.430072
-0.0113417
0.000967397
0.00496846
0.306432
0.0676954
0.0909083
-0.0785909
0.364175
0.050472
0.156797
0.0506274
