Vec Object: 1 MPI process
  type: seq
0.
0.
0.
-0.0981697
0.
0.
0.
0.199911
0.14647
-0.168006
0.
-0.131118
0.162448
-0.1773
0.
-0.109
0.199415
0.193873
0.
-0.0603582
0.16192
0.172738
0.
-0.138457
0.377152
0.0206749
0.
0.0503865
0.369397
0.0171886
0.
0.0321768
0.383112
-0.0217843
0.
0.0338286
0.383624
-0.0307918
0.
0.0588414
0.
0.
0.
-0.0673608
0.
0.
0.
-0.174706
0.283796
-0.0497972
0.
-0.0239885
0.325134
0.0766403
0.
-0.0282054
0.290672
-0.0473469
0.
0.0015511
0.327831
0.110593
0.
-0.0100291
0.314796
0.058186
0.
0.0148725
0.326674
-0.0957394
0.
-0.0174493
0.284508
0.0489918
0.
-0.0388001
0.323439
-0.0560224
0.
-0.0391259
0.
0.
0.
-0.0399144
0.
0.
0.
-0.0841005
0.
0.
0.
0.182787
0.
0.
0.
0.0229524
0.
0.
0.
-0.140312
0.
0.
0.
-0.0238167
0.
0.
0.
0.0750378
0.
0.
0.
0.314797
0.
0.
0.
0.285954
0.
0.
0.
0.186251
0.
0.
0.
0.0440654
0.
0.
0.
0.0938098
0.
0.
0.
0.150658
0.
0.
0.
-0.00834983
0.
0.
0.
0.462778
0.
0.
0.
0.377217
0.
0.
0.
0.237901
0.
0.
0.
-0.016113
1.
0.
0.
0.0672881
0.402419
-0.00847993
-0.00160195
0.0363019
0.376972
0.
-0.000370041
-0.00752281
0.282382
0.
0.00144515
-0.0642659
0.372777
0.
0.00746858
0.101552
0.385066
0.
0.00046814
-0.0134986
0.284235
0.
0.00593758
-0.072624
0.366589
0.
-0.00845893
0.136754
0.384827
0.00589637
0.
0.149241
0.381506
0.0208265
0.
-0.00543006
0.271189
0.025067
0.
-0.0702839
0.355074
-0.00386059
0.
0.147147
0.389031
0.00751441
0.
-0.00518965
0.276719
0.00779985
0.
-0.0806102
0.238726
0.00292372
-0.0342857
-0.0607952
0.246376
-0.012681
0.0141571
-0.101247
0.315548
-0.0358314
-0.0174134
0.0477716
0.438271
-0.0490158
-0.0868875
0.241914
0.3814
0.0474052
-0.0860597
0.189642
0.262082
0.03803
0.0188907
0.0990025
0.347607
0.0509828
0.0488902
0.230893
0.227589
0.000485094
-0.0222603
-0.0202095
0.319944
-0.00064363
-0.0112908
0.0556784
0.253672
-0.000492759
0.018914
-0.0672401
0.289072
-0.0217681
0.0130818
0.0701733
0.313933
-0.0427469
0.0832636
0.196299
0.315967
0.00394792
-0.0122855
0.0922437
0.214868
-0.0587763
0.0195222
0.0919802
0.330896
0.00211462
0.0823894
0.225959
