Vec Object: 1 MPI process
  type: seq
0.
0.
0.
-0.0943271
0.
0.
0.
0.0223585
0.166152
-0.167284
0.
-0.062044
0.173863
-0.178744
0.
-0.0612712
0.18932
0.20562
0.
-0.0515119
0.180006
0.164657
0.
-0.0561645
0.38865
0.00881576
0.
0.00130005
0.375654
0.00857578
0.
0.00791208
0.390832
-0.0210353
0.
0.00875957
0.39762
-0.0172095
0.
0.00638975
0.
0.
0.
-0.0242149
0.
0.
0.
-0.0657324
0.317646
-0.0571203
0.
-0.0144446
0.318558
0.0891337
0.
0.00355854
0.322548
-0.0511142
0.
-0.0127662
0.322177
0.112498
0.
0.0183256
0.349135
0.0736391
0.
-0.00258278
0.322309
-0.103249
0.
0.0143913
0.317771
0.038537
0.
-0.0148036
0.320099
-0.0626352
0.
-0.00215448
0.
0.
0.
-0.123896
0.
0.
0.
0.00951289
0.
0.
0.
-0.0109044
0.
0.
0.
0.13594
0.
0.
0.
-0.0496534
0.
0.
0.
-0.150501
0.
0.
0.
-0.222341
0.
0.
0.
0.00964821
0.
0.
0.
-0.0428785
0.
0.
0.
-0.0328318
0.
0.
0.
-0.162346
0.
0.
0.
0.0314119
0.
0.
0.
-0.0920538
0.
0.
0.
0.00417669
0.
0.
0.
0.107138
0.
0.
0.
-0.00108512
0.
0.
0.
-0.0097393
0.
0.
0.
0.010152
1.
0.
0.
0.0398611
0.395063
-0.00820729
-0.000230946
-0.00256271
0.38036
0.
-0.00405827
-0.00461724
0.268224
0.
-0.00327302
-0.0106914
0.291415
0.
0.0212099
0.0425798
0.377721
0.
0.00517016
-0.0100589
0.269849
0.
0.0150286
-0.00828688
0.304557
0.
-0.00535255
0.0485774
0.290811
0.0215577
0.
0.0468644
0.382087
0.0180448
0.
-0.00228683
0.254862
0.0197022
0.
-0.0146567
0.271151
0.00404458
0.
0.0440283
0.382998
0.015663
0.
-0.00325401
0.263211
0.0177341
0.
-0.0127114
0.24963
0.0238949
-0.0551856
-0.00398859
0.248821
-0.0253686
0.0233419
-0.0131023
0.369779
-0.0228738
-0.0793988
0.00284303
0.428633
-0.154356
-0.159961
0.107317
0.357083
0.145981
-0.165627
0.069179
0.34054
-0.0382433
0.0258934
0.0229958
0.363677
0.127833
0.107741
0.0804564
0.285245
-0.0159819
-0.0302383
-0.0071042
0.408652
0.00201294
-0.0529826
0.00535096
0.256446
0.0214783
0.0327051
0.00626981
0.385687
0.0128501
0.0535594
0.00558303
0.320733
-0.126054
0.145726
0.0819795
0.412676
-0.0100743
-0.00398854
0.0149259
0.318391
0.0254225
0.0791309
-0.0804042
0.349267
0.0430644
0.148991
0.0708764
