Vec Object: 1 MPI process
  type: seq
0.
0.
0.
-0.121074
0.
0.
0.
0.0627438
0.158341
-0.167524
0.
-0.092692
0.170121
-0.177607
0.
-0.081201
0.191061
0.20201
0.
-0.0649992
0.172774
0.168027
0.
-0.0932671
0.386167
0.0111599
0.
0.00825048
0.374809
0.0101625
0.
0.00519664
0.389205
-0.0193162
0.
0.00583598
0.393965
-0.0206062
0.
0.0158042
0.
0.
0.
-0.0433013
0.
0.
0.
-0.10591
0.30361
-0.0550065
0.
-0.0180569
0.321665
0.0868234
0.
0.00227076
0.308906
-0.0505007
0.
-0.00399373
0.32444
0.116551
0.
0.0207918
0.334409
0.0675137
0.
0.00770562
0.323968
-0.104692
0.
0.015292
0.304925
0.0438499
0.
-0.0254026
0.321133
-0.0627124
0.
-0.00350103
0.
0.
0.
-0.132067
0.
0.
0.
-0.03629
0.
0.
0.
0.0315083
0.
0.
0.
0.0775134
0.
0.
0.
-0.0892682
0.
0.
0.
-0.142688
0.
0.
0.
-0.149234
0.
0.
0.
0.0987662
0.
0.
0.
0.0536132
0.
0.
0.
0.0196732
0.
0.
0.
-0.14018
0.
0.
0.
0.0342005
0.
0.
0.
-0.036058
0.
0.
0.
-0.0108468
0.
0.
0.
0.230227
0.
0.
0.
0.119095
0.
0.
0.
0.0447809
0.
0.
0.
0.000638597
1.
0.
0.
0.0494329
0.401022
-0.00849939
-0.000902854
-0.00307057
0.376516
0.
-0.00251783
-0.00262772
0.274703
0.
-0.00101462
-0.0209576
0.325758
0.
0.0149121
0.0622469
0.379224
0.
0.00335491
-0.0103982
0.277294
0.
0.0109015
-0.0242457
0.332802
0.
-0.00729198
0.0808614
0.332446
0.0148317
0.
0.0846323
0.379126
0.0199791
0.
-0.000359728
0.261983
0.0238162
0.
-0.0258133
0.308887
-0.00158777
0.
0.0766585
0.383306
0.0125159
0.
-0.0027332
0.269205
0.0139279
0.
-0.0291552
0.244957
0.0162362
-0.0507593
-0.0196831
0.248335
-0.0224971
0.022364
-0.0391601
0.354378
-0.0290317
-0.0480999
0.0197845
0.424574
-0.111912
-0.130597
0.156082
0.359024
0.106307
-0.132329
0.112241
0.326247
0.00446699
0.0275997
0.0489517
0.353644
0.101798
0.079769
0.130926
0.260165
-0.012169
-0.0278182
-0.00975254
0.383809
0.00125284
-0.0347808
0.0218812
0.258136
0.0177222
0.0290409
-0.0180089
0.345823
-0.00530687
0.0309412
0.0259387
0.310259
-0.0931235
0.122521
0.119692
0.375822
-0.00466939
-0.0108976
0.0410945
0.299664
-0.0323987
0.0515981
-0.0460308
0.336743
0.0268604
0.126402
0.120194
