Vec Object: 1 MPI process
  type: seq
0.
0.
0.
-0.0802496
0.
0.
0.
0.0190789
0.169224
-0.16783
0.
-0.0505818
0.175519
-0.179771
0.
-0.0532065
0.189655
0.207214
0.
-0.0445767
0.18255
0.163761
0.
-0.0417705
0.389622
0.00842321
0.
-0.000449404
0.376489
0.00751455
0.
0.00950671
0.392287
-0.0218262
0.
0.00933693
0.399074
-0.0162626
0.
0.00358852
0.
0.
0.
-0.0186671
0.
0.
0.
-0.0562026
0.324129
-0.057868
0.
-0.0120054
0.316748
0.0899306
0.
0.0030258
0.32924
-0.0504324
0.
-0.0149212
0.321262
0.1098
0.
0.0158438
0.356191
0.0755145
0.
-0.00484722
0.32172
-0.101836
0.
0.012468
0.323153
0.0361734
0.
-0.0104205
0.320362
-0.0620133
0.
-0.00312005
0.
0.
0.
-0.107835
0.
0.
0.
0.0243136
0.
0.
0.
-0.0130478
0.
0.
0.
0.152209
0.
0.
0.
-0.0400984
0.
0.
0.
-0.139162
0.
0.
0.
-0.232225
0.
0.
0.
-0.0109676
0.
0.
0.
-0.0646633
0.
0.
0.
-0.0381979
0.
0.
0.
-0.146109
0.
0.
0.
0.0371382
0.
0.
0.
-0.0954695
0.
0.
0.
0.012471
0.
0.
0.
0.0666436
0.
0.
0.
-0.0339827
0.
0.
0.
-0.012466
0.
0.
0.
0.0110906
1.
0.
0.
0.0337579
0.391055
-0.00789374
0.000170939
-0.0011866
0.382521
0.
-0.00464761
-0.00559444
0.265557
0.
-0.00438637
-0.00732108
0.275175
0.
0.0242043
0.0352591
0.376372
0.
0.00570026
-0.00976385
0.265941
0.
0.0169543
-0.00241592
0.290593
0.
-0.00403034
0.0361077
0.270458
0.0243178
0.
0.0336567
0.383918
0.0172424
0.
-0.00323034
0.252351
0.0168728
0.
-0.0111549
0.251916
0.00781002
0.
0.0334889
0.38235
0.0166357
0.
-0.00363358
0.260778
0.0185264
0.
-0.0072746
0.252136
0.0265525
-0.0540438
-0.00041163
0.248912
-0.0239723
0.0217137
-0.00472729
0.372041
-0.0209692
-0.0943874
-0.00294503
0.434803
-0.170675
-0.172951
0.089216
0.362877
0.161507
-0.179995
0.0546489
0.333671
-0.0569021
0.0229599
0.0144942
0.369889
0.135312
0.120423
0.0638924
0.297121
-0.0159892
-0.0310907
-0.0074784
0.41219
0.00214453
-0.0585008
-0.000186975
0.253994
0.0187172
0.0333147
0.0144786
0.403876
0.0220823
0.0662324
-0.00021992
0.330657
-0.138982
0.154556
0.0695975
0.42545
-0.0112475
-0.000450434
0.00751673
0.31201
0.0555039
0.0883317
-0.0805436
0.35875
0.0486362
0.155092
0.0559544
