Vec Object: 1 MPI process
  type: seq
0.
0.
0.
-0.0796793
0.
0.
0.
0.0191013
0.169368
-0.167871
0.
-0.0500717
0.175608
-0.17983
0.
-0.0528154
0.189694
0.207292
0.
-0.044236
0.182658
0.163735
0.
-0.0411411
0.389669
0.00841702
0.
-0.000519056
0.376547
0.00744892
0.
0.0095628
0.392374
-0.0218646
0.
0.00933651
0.399143
-0.0162277
0.
0.00347006
0.
0.
0.
-0.0184934
0.
0.
0.
-0.0559294
0.324447
-0.0579083
0.
-0.011899
0.316651
0.0899718
0.
0.00299971
0.329575
-0.0503826
0.
-0.0149893
0.321222
0.109661
0.
0.0157226
0.35654
0.075589
0.
-0.00491352
0.321697
-0.101761
0.
0.0123693
0.323408
0.0360664
0.
-0.0102401
0.320394
-0.0619761
0.
-0.00317151
0.
0.
0.
-0.107009
0.
0.
0.
0.024837
0.
0.
0.
-0.0129471
0.
0.
0.
0.152642
0.
0.
0.
-0.0398654
0.
0.
0.
-0.13851
0.
0.
0.
-0.232393
0.
0.
0.
-0.0116702
0.
0.
0.
-0.0653818
0.
0.
0.
-0.0382203
0.
0.
0.
-0.145053
0.
0.
0.
0.0374371
0.
0.
0.
-0.0953479
0.
0.
0.
0.0128476
0.
0.
0.
0.0649622
0.
0.
0.
-0.0352162
0.
0.
0.
-0.0123385
0.
0.
0.
0.011051
1.
0.
0.
0.0334436
0.390836
-0.00787311
0.000193627
-0.00112129
0.382628
0.
-0.00467315
-0.0056317
0.265439
0.
-0.00444213
-0.00717457
0.27437
0.
0.0243484
0.0349261
0.376286
0.
0.00571937
-0.00973587
0.265744
0.
0.0170486
-0.00216049
0.289897
0.
-0.00395364
0.0355558
0.269447
0.0244391
0.
0.0330974
0.38401
0.0172076
0.
-0.00326596
0.252254
0.016714
0.
-0.0110111
0.250937
0.00801427
0.
0.0330478
0.382301
0.0166728
0.
-0.00364329
0.260667
0.0185418
0.
-0.0070454
0.252256
0.026673
-0.0539358
-0.000303331
0.248905
-0.0238446
0.0215999
-0.0043947
0.372065
-0.020898
-0.0950955
-0.00319528
0.435166
-0.171385
-0.173575
0.0884202
0.36329
0.162192
-0.180662
0.0540421
0.33311
-0.0576915
0.0227991
0.0141399
0.370211
0.135598
0.121001
0.0632012
0.297693
-0.0159749
-0.0311326
-0.00752549
0.412236
0.00214807
-0.0586899
-0.000429283
0.253838
0.0184999
0.0333352
0.0148035
0.40476
0.0225287
0.0668728
-0.000455264
0.331232
-0.139558
0.154951
0.0690713
0.425977
-0.0112721
-0.000291898
0.0072241
0.31149
0.0568646
0.08866
-0.0803844
0.359287
0.0488553
0.155306
0.0553496
