Vec Object: 1 MPI process
  type: seq
0.
0.
0.
-0.107126
0.
0.
0.
0.170068
0.148113
-0.16846
0.
-0.128548
0.163651
-0.177678
0.
-0.107261
0.196904
0.196195
0.
-0.0673617
0.163407
0.172344
0.
-0.134498
0.379978
0.0177859
0.
0.0353406
0.371362
0.0148213
0.
0.0205025
0.385494
-0.0200885
0.
0.020138
0.386604
-0.0278907
0.
0.0440706
0.
0.
0.
-0.0615807
0.
0.
0.
-0.160284
0.287499
-0.0502856
0.
-0.0185565
0.324488
0.079644
0.
-0.0172919
0.294055
-0.0472999
0.
0.00573716
0.327124
0.113433
0.
0.00180341
0.318388
0.0591568
0.
0.0186276
0.326099
-0.0990699
0.
-0.00536686
0.288505
0.0478286
0.
-0.0335954
0.323038
-0.0582404
0.
-0.0267043
0.
0.
0.
-0.0645532
0.
0.
0.
-0.0764859
0.
0.
0.
0.149454
0.
0.
0.
0.0296209
0.
0.
0.
-0.131184
0.
0.
0.
-0.0534443
0.
0.
0.
0.0256475
0.
0.
0.
0.269545
0.
0.
0.
0.237677
0.
0.
0.
0.150274
0.
0.
0.
-0.000469042
0.
0.
0.
0.079925
0.
0.
0.
0.110003
0.
0.
0.
-0.00917366
0.
0.
0.
0.416112
0.
0.
0.
0.324403
0.
0.
0.
0.194596
0.
0.
0.
-0.0107866
1.
0.
0.
0.0592511
0.40309
-0.00857503
-0.00152922
0.0201837
0.375989
0.
-0.000751005
-0.00578895
0.28118
0.
0.00107206
-0.0497349
0.364653
0.
0.00868567
0.093029
0.38301
0.
0.000945971
-0.0132842
0.283291
0.
0.00672006
-0.0575581
0.361276
0.
-0.00843108
0.125087
0.376109
0.00742483
0.
0.13662
0.380037
0.020985
0.
-0.00367468
0.269679
0.0253339
0.
-0.0556933
0.347532
-0.00395283
0.
0.131399
0.386727
0.00835584
0.
-0.00512208
0.275538
0.00877745
0.
-0.0649909
0.24006
0.00533023
-0.0378111
-0.0483296
0.247009
-0.0146279
0.0159829
-0.0840321
0.323844
-0.0353534
-0.0216813
0.0452939
0.434566
-0.06044
-0.0951179
0.22381
0.376476
0.0581469
-0.0944207
0.174187
0.276275
0.034923
0.0211884
0.0908419
0.348361
0.0609724
0.0536645
0.210239
0.233469
-0.00192636
-0.0234871
-0.0148476
0.333458
-0.000302824
-0.0148173
0.0505666
0.255089
0.00313496
0.0210444
-0.053094
0.299604
-0.0197204
0.0151849
0.0635706
0.312311
-0.052114
0.0908631
0.180589
0.327224
0.00251793
-0.0129273
0.084304
0.233896
-0.0588694
0.0241565
0.0613804
0.331507
0.00655702
0.0910384
0.203721
