Vec Object: 1 MPI process
  type: seq
0.
0.
0.
-0.0846014
0.
0.
0.
0.0193467
0.168205
-0.167586
0.
-0.054271
0.174922
-0.179384
0.
-0.0559335
0.189444
0.206674
0.
-0.0469521
0.181755
0.163993
0.
-0.0463667
0.389295
0.00850182
0.
7.60645e-05
0.376136
0.00793256
0.
0.009048
0.39172
-0.021559
0.
0.00926211
0.398588
-0.0165365
0.
0.00446021
0.
0.
0.
-0.0201425
0.
0.
0.
-0.0586059
0.321916
-0.0575999
0.
-0.012791
0.317399
0.0896525
0.
0.00321434
0.326926
-0.0507362
0.
-0.0143466
0.321553
0.110754
0.
0.0166953
0.353771
0.0749511
0.
-0.00427011
0.3219
-0.102347
0.
0.0131499
0.321357
0.0369434
0.
-0.0117753
0.320192
-0.0622554
0.
-0.00276538
0.
0.
0.
-0.113575
0.
0.
0.
0.0201151
0.
0.
0.
-0.0132763
0.
0.
0.
0.148169
0.
0.
0.
-0.0423555
0.
0.
0.
-0.143542
0.
0.
0.
-0.230286
0.
0.
0.
-0.00531068
0.
0.
0.
-0.0587875
0.
0.
0.
-0.0374739
0.
0.
0.
-0.152912
0.
0.
0.
0.035047
0.
0.
0.
-0.0956334
0.
0.
0.
0.00974989
0.
0.
0.
0.0791461
0.
0.
0.
-0.0244248
0.
0.
0.
-0.0127613
0.
0.
0.
0.0111431
1.
0.
0.
0.0359154
0.392519
-0.00802247
2.16401e-05
-0.00165383
0.381778
0.
-0.00446069
-0.00530293
0.266419
0.
-0.004002
-0.00839073
0.280752
0.
0.0231914
0.0376424
0.376917
0.
0.00554869
-0.00991873
0.267298
0.
0.0162979
-0.00428682
0.295408
0.
-0.00452967
0.0401152
0.277467
0.0234318
0.
0.0377858
0.383278
0.0174973
0.
-0.00295028
0.253103
0.0179216
0.
-0.0122316
0.258636
0.00643987
0.
0.0367534
0.382642
0.0163492
0.
-0.00353784
0.261571
0.0183554
0.
-0.00897066
0.251286
0.0256948
-0.0546664
-0.0013331
0.248923
-0.0247017
0.0224207
-0.00725159
0.371651
-0.0215231
-0.0893684
-0.00111179
0.432423
-0.165482
-0.168574
0.0950009
0.360342
0.156525
-0.175244
0.0591515
0.337012
-0.0510171
0.0240503
0.0171316
0.367686
0.133113
0.11626
0.0690191
0.293102
-0.0160645
-0.0308031
-0.00721486
0.411553
0.00211265
-0.0569597
0.00157775
0.254981
0.020018
0.0331556
0.0120064
0.397698
0.0189443
0.0618112
0.0015453
0.326884
-0.134811
0.151702
0.0734659
0.42151
-0.0109856
-0.00160514
0.0097315
0.315144
0.0456216
0.0856961
-0.081283
0.355207
0.0469557
0.15338
0.0604862
