Vec Object: 1 MPI process
  type: seq
0.
0.
0.
-0.119902
0.
0.
0.
0.0573775
0.159063
-0.167447
0.
-0.0898707
0.170498
-0.177643
0.
-0.0793162
0.190809
0.202328
0.
-0.0640259
0.173444
0.167703
0.
-0.0900015
0.38642
0.0108833
0.
0.0073979
0.374893
0.0100074
0.
0.00517513
0.389312
-0.0194403
0.
0.00598289
0.394319
-0.0202518
0.
0.0147609
0.
0.
0.
-0.0416952
0.
0.
0.
-0.102015
0.304782
-0.0552605
0.
-0.0180043
0.321437
0.0870961
0.
0.00267086
0.31001
-0.0506607
0.
-0.00491784
0.324249
0.116368
0.
0.0209464
0.335608
0.0681164
0.
0.00661402
0.32382
-0.104714
0.
0.015581
0.306054
0.0434533
0.
-0.0246526
0.321003
-0.0628026
0.
-0.0030105
0.
0.
0.
-0.133591
0.
0.
0.
-0.0324727
0.
0.
0.
0.0257071
0.
0.
0.
0.0823979
0.
0.
0.
-0.085687
0.
0.
0.
-0.145732
0.
0.
0.
-0.158311
0.
0.
0.
0.0889807
0.
0.
0.
0.0430052
0.
0.
0.
0.0129408
0.
0.
0.
-0.145665
0.
0.
0.
0.0326991
0.
0.
0.
-0.0434857
0.
0.
0.
-0.0100908
0.
0.
0.
0.218339
0.
0.
0.
0.106672
0.
0.
0.
0.0373607
0.
0.
0.
0.00153631
1.
0.
0.
0.0488684
0.400656
-0.00848302
-0.000850166
-0.00335124
0.376758
0.
-0.00265125
-0.00269693
0.274165
0.
-0.00119134
-0.0198601
0.322901
0.
0.0154133
0.0603794
0.379107
0.
0.00352857
-0.0103076
0.276739
0.
0.0112379
-0.0227102
0.330552
0.
-0.00716079
0.0779586
0.32909
0.0153962
0.
0.0811202
0.379285
0.019832
0.
-0.000423335
0.261368
0.0235639
0.
-0.0246317
0.305885
-0.00124502
0.
0.0734307
0.383269
0.0128138
0.
-0.00268851
0.268694
0.014305
0.
-0.0274939
0.245302
0.0169705
-0.0514386
-0.0180848
0.248376
-0.0229455
0.0226517
-0.0366663
0.356137
-0.0284743
-0.0504865
0.0180898
0.424416
-0.115641
-0.13311
0.151619
0.358261
0.109785
-0.135134
0.108162
0.328745
0.00128554
0.0277451
0.04635
0.354276
0.104409
0.0819705
0.126008
0.262187
-0.012711
-0.0280656
-0.00947939
0.386697
0.00134347
-0.0364055
0.0201764
0.258152
0.0184535
0.029485
-0.0158366
0.349174
-0.00396177
0.032522
0.0237241
0.310622
-0.0960328
0.124645
0.115972
0.379205
-0.00519911
-0.0104605
0.0383582
0.302866
-0.0286457
0.0539359
-0.0510699
0.337445
0.0283249
0.128671
0.1152
