Vec Object: 1 MPI process
  type: seq
0.
0.
0.
-0.0989647
0.
0.
0.
0.0249875
0.165177
-0.167214
0.
-0.0658254
0.173402
-0.178499
0.
-0.0637512
0.189378
0.205139
0.
-0.0535407
0.17913
0.165034
0.
-0.0609208
0.38835
0.00902187
0.
0.00195385
0.375502
0.00881334
0.
0.00734568
0.390511
-0.0207925
0.
0.00840041
0.397168
-0.0175726
0.
0.00737909
0.
0.
0.
-0.0265056
0.
0.
0.
-0.0699719
0.315711
-0.0569045
0.
-0.0151972
0.319044
0.0888929
0.
0.00367191
0.320602
-0.051197
0.
-0.0118655
0.322478
0.113236
0.
0.0190191
0.347055
0.0729514
0.
-0.00157675
0.322515
-0.103611
0.
0.0148867
0.316093
0.0392906
0.
-0.0163016
0.320142
-0.0627649
0.
-0.00194862
0.
0.
0.
-0.127839
0.
0.
0.
0.00382611
0.
0.
0.
-0.00839464
0.
0.
0.
0.128901
0.
0.
0.
-0.0540534
0.
0.
0.
-0.152632
0.
0.
0.
-0.21672
0.
0.
0.
0.0182628
0.
0.
0.
-0.0336126
0.
0.
0.
-0.0291319
0.
0.
0.
-0.164548
0.
0.
0.
0.0301793
0.
0.
0.
-0.088519
0.
0.
0.
0.00162551
0.
0.
0.
0.121406
0.
0.
0.
0.0116007
0.
0.
0.
-0.0065137
0.
0.
0.
0.0092734
1.
0.
0.
0.0415206
0.396097
-0.00826905
-0.000333658
-0.00293994
0.379739
0.
-0.00386089
-0.00427658
0.269088
0.
-0.00294754
-0.011834
0.2962
0.
0.0203124
0.0449673
0.377999
0.
0.00496542
-0.0100773
0.270967
0.
0.0144529
-0.0102351
0.308624
0.
-0.00567774
0.0526707
0.296758
0.0206595
0.
0.0514138
0.381575
0.0183109
0.
-0.00195587
0.25576
0.0204171
0.
-0.015892
0.276635
0.00306637
0.
0.0477422
0.383086
0.0153004
0.
-0.00310686
0.263994
0.0173436
0.
-0.0145939
0.248904
0.023
-0.0551146
-0.00557253
0.248752
-0.0253816
0.0235614
-0.0161335
0.368462
-0.0235964
-0.0748518
0.00480301
0.427295
-0.148932
-0.156004
0.113347
0.356277
0.14088
-0.161134
0.0742608
0.34084
-0.0321208
0.0265611
0.0259586
0.361989
0.124999
0.103782
0.0862789
0.281689
-0.0158019
-0.0299659
-0.00724347
0.406592
0.00194951
-0.0508221
0.00721873
0.256942
0.0216963
0.0324133
0.0033126
0.380222
0.0101288
0.0499935
0.00769566
0.318432
-0.121835
0.142835
0.0862935
0.408212
-0.00951095
-0.00508321
0.0176911
0.318503
0.0162386
0.0756736
-0.0787696
0.346942
0.0410807
0.146565
0.0763018
