Vec Object: 1 MPI process
  type: seq
0.
0.
0.
-0.0849851
0.
0.
0.
0.0194043
0.16812
-0.167568
0.
-0.0545845
0.174875
-0.179354
0.
-0.056158
0.189431
0.206629
0.
-0.0471471
0.181686
0.164016
0.
-0.04676
0.389268
0.00851094
0.
0.000122399
0.376111
0.00796403
0.
0.00900553
0.391677
-0.021537
0.
0.00925005
0.398547
-0.0165613
0.
0.00453553
0.
0.
0.
-0.0202839
0.
0.
0.
-0.0588426
0.321735
-0.0575787
0.
-0.0128585
0.317451
0.0896302
0.
0.00323005
0.326738
-0.0507579
0.
-0.0142917
0.321578
0.110831
0.
0.0167655
0.353573
0.0749013
0.
-0.00421369
0.321916
-0.102388
0.
0.0132052
0.321208
0.0370085
0.
-0.0118938
0.320182
-0.0622739
0.
-0.00273685
0.
0.
0.
-0.114041
0.
0.
0.
0.0197285
0.
0.
0.
-0.0132551
0.
0.
0.
0.147761
0.
0.
0.
-0.0425894
0.
0.
0.
-0.143885
0.
0.
0.
-0.230065
0.
0.
0.
-0.00478493
0.
0.
0.
-0.0582354
0.
0.
0.
-0.0373674
0.
0.
0.
-0.153421
0.
0.
0.
0.0348773
0.
0.
0.
-0.0955903
0.
0.
0.
0.00951971
0.
0.
0.
0.0802342
0.
0.
0.
-0.0235638
0.
0.
0.
-0.0127352
0.
0.
0.
0.0111299
1.
0.
0.
0.0360897
0.392635
-0.00803194
1.00091e-05
-0.00169286
0.381717
0.
-0.00444465
-0.0052767
0.266492
0.
-0.00397069
-0.00848234
0.281209
0.
0.0231076
0.0378432
0.376957
0.
0.00553484
-0.00992857
0.267409
0.
0.016244
-0.00444717
0.295802
0.
-0.00456817
0.0404565
0.27804
0.0233561
0.
0.0381428
0.383226
0.0175192
0.
-0.002925
0.25317
0.0180036
0.
-0.0123258
0.25918
0.00633134
0.
0.0370367
0.382663
0.0163235
0.
-0.00352803
0.261638
0.0183365
0.
-0.00911752
0.251216
0.0256226
-0.0547071
-0.0014222
0.248922
-0.0247494
0.022472
-0.0074748
0.371601
-0.0215731
-0.0889503
-0.000954444
0.432239
-0.165037
-0.168211
0.0954945
0.36016
0.1561
-0.174846
0.0595426
0.337242
-0.0505068
0.0241368
0.0173609
0.367509
0.132917
0.115908
0.0694645
0.29277
-0.016068
-0.0307796
-0.00719885
0.411475
0.00210946
-0.0568163
0.00172852
0.255055
0.0201083
0.0331408
0.0117874
0.39719
0.0186851
0.0614517
0.00170005
0.326592
-0.134456
0.15146
0.0737997
0.421167
-0.0109574
-0.0017033
0.00992744
0.31536
0.0447842
0.0854539
-0.081312
0.35493
0.0468065
0.153222
0.0608837
