Vec Object: 1 MPI process
  type: seq
0.
0.
0.
0.0103369
0.
0.
0.
0.436605
0.173428
-0.135923
0.
0.292224
0.189674
-0.145357
0.
0.312738
0.244216
0.152224
0.
0.405516
0.190249
0.143103
0.
0.284341
0.350506
0.0462223
0.
0.031633
0.350375
0.0391092
0.
-0.01376
0.355019
-0.0452475
0.
0.0345578
0.357104
-0.0555395
0.
0.0356748
0.
0.
0.
-0.102434
0.
0.
0.
-0.263716
0.262647
-0.0730481
0.
-0.157406
0.329685
0.0434312
0.
-0.306139
0.271303
-0.0776249
0.
-0.142952
0.333462
0.0700005
0.
-0.306357
0.294638
0.0777628
0.
-0.0998417
0.331354
-0.0533648
0.
-0.31063
0.260786
0.0749717
0.
-0.130178
0.325598
-0.0300407
0.
-0.328497
0.
0.
0.
0.174409
0.
0.
0.
-0.0993442
0.
0.
0.
0.443226
0.
0.
0.
0.0519241
0.
0.
0.
-0.171519
0.
0.
0.
0.220938
0.
0.
0.
0.447554
0.
0.
0.
0.673846
0.
0.
0.
0.642434
0.
0.
0.
0.455476
0.
0.
0.
0.385079
0.
0.
0.
0.214535
0.
0.
0.
0.443545
0.
0.
0.
0.0188148
0.
0.
0.
0.890125
0.
0.
0.
0.791496
0.
0.
0.
0.6065
0.
0.
0.
-0.0632374
1.
0.
0.
0.57296
0.390467
-0.00586107
-0.000896141
0.0436932
0.391933
0.
0.00153722
-0.198542
0.288061
0.
0.00256338
-0.356777
0.384149
0.
0.00238559
0.373822
0.408448
0.
-0.000723427
-0.178322
0.287638
0.
0.0032926
-0.352585
0.364643
0.
-0.00721552
0.425982
0.396586
0.00096684
0.
0.435776
0.400396
0.0157422
0.
-0.195419
0.27813
0.0180316
0.
-0.353912
0.361856
0.000462638
0.
0.462978
0.416541
0.00543784
0.
-0.170043
0.281568
0.0063312
0.
-0.364617
0.229114
-0.00370673
-0.0171325
-0.240888
0.240213
-0.00409514
0.00538535
-0.351899
0.266346
-0.0220058
-0.00413196
0.0476302
0.449795
0.000768942
-0.0466897
0.618835
0.394408
0.00187099
-0.0470383
0.487881
0.1828
0.0310112
0.00621472
0.169779
0.331798
0.00611723
0.0309925
0.530804
0.19824
0.00109902
-0.0149518
-0.104112
0.245038
-0.000130493
-0.000218608
0.100978
0.242843
-0.00547453
0.00824392
-0.276328
0.235444
-0.0216857
0.00852477
0.0973955
0.312993
2.11379e-05
0.0459847
0.455167
0.25806
0.00910445
-0.00432085
0.169635
0.109561
-0.0359573
0.00581754
0.313657
0.315932
-0.0145464
0.0407008
0.525008
