Vec Object: 1 MPI process
  type: seq
0.
0.
0.
-0.107001
0.
0.
0.
0.0319164
0.163356
-0.16718
0.
-0.0729735
0.172563
-0.178128
0.
-0.0683533
0.18964
0.204267
0.
-0.0570761
0.17745
0.165795
0.
-0.0698039
0.387794
0.00948317
0.
0.00331041
0.375294
0.00919016
0.
0.00636784
0.390042
-0.020351
0.
0.0076201
0.396329
-0.0183072
0.
0.00935464
0.
0.
0.
-0.0310923
0.
0.
0.
-0.0788961
0.312243
-0.0564876
0.
-0.0164376
0.319863
0.0884264
0.
0.00373375
0.317173
-0.0512112
0.
-0.00999497
0.323033
0.11445
0.
0.020096
0.343368
0.0715846
0.
0.000580707
0.322909
-0.104161
0.
0.0155854
0.313009
0.0406567
0.
-0.019068
0.320321
-0.0629191
0.
-0.00178162
0.
0.
0.
-0.133099
0.
0.
0.
-0.00728592
0.
0.
0.
-0.00137459
0.
0.
0.
0.114788
0.
0.
0.
-0.0632039
0.
0.
0.
-0.154265
0.
0.
0.
-0.203224
0.
0.
0.
0.0366331
0.
0.
0.
-0.0137561
0.
0.
0.
-0.0197768
0.
0.
0.
-0.164616
0.
0.
0.
0.0290041
0.
0.
0.
-0.078938
0.
0.
0.
-0.00275924
0.
0.
0.
0.149265
0.
0.
0.
0.0375375
0.
0.
0.
0.00253759
0.
0.
0.
0.00717947
1.
0.
0.
0.0442471
0.397772
-0.00835555
-0.000505676
-0.0034764
0.378679
0.
-0.00349009
-0.00366836
0.270682
0.
-0.00237314
-0.0140523
0.304711
0.
0.0187205
0.0494893
0.378405
0.
0.004555
-0.0100882
0.272904
0.
0.0134234
-0.0139074
0.315772
0.
-0.00620487
0.0603261
0.307238
0.0190076
0.
0.0601579
0.380722
0.0188023
0.
-0.00136366
0.257473
0.0215726
0.
-0.0183128
0.286202
0.0014779
0.
0.0550312
0.38317
0.0145828
0.
-0.00286191
0.265448
0.0165082
0.
-0.0182496
0.247668
0.0212626
-0.0545229
-0.00895502
0.248624
-0.0250206
0.0236523
-0.022071
0.365414
-0.0250294
-0.066802
0.00858127
0.425519
-0.138772
-0.148842
0.124767
0.355784
0.131364
-0.15296
0.0841193
0.339421
-0.0210668
0.0274317
0.0317292
0.359195
0.119272
0.0966874
0.0976528
0.27538
-0.0152122
-0.0294366
-0.00775682
0.401755
0.00180419
-0.0465456
0.0108396
0.257602
0.0214434
0.0317259
-0.0024127
0.370408
0.00539007
0.0439364
0.0119686
0.315034
-0.113966
0.137397
0.0947313
0.399622
-0.00831593
-0.00698506
0.0233052
0.31649
0.000392262
0.0690087
-0.0735652
0.343299
0.0372712
0.141606
0.0871313
