Vec Object: 1 MPI process
  type: seq
0.
0.
0.
-0.0942373
0.
0.
0.
0.0223157
0.16617
-0.167286
0.
-0.0619721
0.173872
-0.178749
0.
-0.0612235
0.18932
0.20563
0.
-0.0514722
0.180023
0.164651
0.
-0.0560738
0.388656
0.00881213
0.
0.00128799
0.375657
0.00857089
0.
0.00792296
0.390839
-0.0210399
0.
0.00876583
0.397629
-0.0172028
0.
0.00637127
0.
0.
0.
-0.0241729
0.
0.
0.
-0.0656559
0.317684
-0.0571245
0.
-0.0144298
0.318548
0.0891383
0.
0.00355596
0.322586
-0.0511121
0.
-0.0127826
0.322172
0.112483
0.
0.0183117
0.349176
0.0736519
0.
-0.00260087
0.322305
-0.103242
0.
0.0143812
0.317803
0.0385225
0.
-0.0147751
0.320099
-0.0626324
0.
-0.00215906
0.
0.
0.
-0.123813
0.
0.
0.
0.00961866
0.
0.
0.
-0.0109438
0.
0.
0.
0.136069
0.
0.
0.
-0.049574
0.
0.
0.
-0.150452
0.
0.
0.
-0.222437
0.
0.
0.
0.00949236
0.
0.
0.
-0.0430457
0.
0.
0.
-0.0328933
0.
0.
0.
-0.162289
0.
0.
0.
0.0314391
0.
0.
0.
-0.0921101
0.
0.
0.
0.00422647
0.
0.
0.
0.10687
0.
0.
0.
-0.00131866
0.
0.
0.
-0.00978972
0.
0.
0.
0.0101666
1.
0.
0.
0.039828
0.395042
-0.00820597
-0.00022889
-0.00255504
0.380373
0.
-0.00406202
-0.00462375
0.268207
0.
-0.00327937
-0.0106698
0.291322
0.
0.0212274
0.0425344
0.377715
0.
0.00517394
-0.0100583
0.269827
0.
0.0150398
-0.00824979
0.304477
0.
-0.00534597
0.0484993
0.290695
0.0215749
0.
0.0467786
0.382097
0.0180397
0.
-0.00229315
0.254845
0.0196878
0.
-0.0146335
0.271043
0.00406424
0.
0.0439587
0.382996
0.0156697
0.
-0.00325684
0.263196
0.0177411
0.
-0.012676
0.249644
0.0239118
-0.0551851
-0.00396012
0.248822
-0.0253667
0.0233364
-0.0130456
0.369802
-0.0228604
-0.0794872
0.00280598
0.428661
-0.154459
-0.160038
0.107202
0.357102
0.146078
-0.165713
0.0690835
0.340526
-0.038361
0.0258793
0.02294
0.36371
0.127885
0.107817
0.0803471
0.285315
-0.0159844
-0.0302434
-0.00710266
0.408687
0.00201405
-0.0530227
0.00531567
0.256435
0.0214714
0.0327102
0.00632527
0.385793
0.0129034
0.0536299
0.00554379
0.320781
-0.126135
0.145781
0.0818985
0.41276
-0.0100844
-0.00396722
0.0148748
0.31838
0.025602
0.0791956
-0.0804276
0.349314
0.0431018
0.149035
0.0707754
