Vec Object: 1 MPI process
  type: seq
0.
0.
0.
-0.122174
0.
0.
0.
0.0702886
0.157382
-0.167635
0.
-0.0964163
0.169605
-0.177577
0.
-0.083723
0.191415
0.201587
0.
-0.0661972
0.171887
0.168457
0.
-0.0975416
0.385815
0.0115474
0.
0.00947911
0.374683
0.0103843
0.
0.00534749
0.389059
-0.0191698
0.
0.00573952
0.393483
-0.0210904
0.
0.0172684
0.
0.
0.
-0.0453265
0.
0.
0.
-0.111021
0.302084
-0.0546463
0.
-0.0180395
0.321955
0.0864333
0.
0.00161959
0.307476
-0.0502626
0.
-0.00274552
0.324689
0.116729
0.
0.0204301
0.332857
0.0667094
0.
0.00916648
0.32416
-0.104607
0.
0.0147566
0.303441
0.0443412
0.
-0.0263058
0.321307
-0.0625592
0.
-0.00430106
0.
0.
0.
-0.129376
0.
0.
0.
-0.0411168
0.
0.
0.
0.0396921
0.
0.
0.
0.0713634
0.
0.
0.
-0.093864
0.
0.
0.
-0.13799
0.
0.
0.
-0.1366
0.
0.
0.
0.11212
0.
0.
0.
0.0680817
0.
0.
0.
0.0290783
0.
0.
0.
-0.132008
0.
0.
0.
0.0365606
0.
0.
0.
-0.0256467
0.
0.
0.
-0.0116347
0.
0.
0.
0.246092
0.
0.
0.
0.135865
0.
0.
0.
0.0552254
0.
0.
0.
-0.00049832
1.
0.
0.
0.0501092
0.401462
-0.00851974
-0.000970992
-0.00255264
0.376232
0.
-0.00234443
-0.00258595
0.275395
0.
-0.000788895
-0.0224911
0.329481
0.
0.014268
0.0647466
0.37939
0.
0.00312564
-0.0105474
0.277995
0.
0.0104679
-0.0263319
0.335703
0.
-0.00745495
0.0846951
0.336786
0.0141
0.
0.0892782
0.378951
0.0201609
0.
-0.000326131
0.262777
0.0241192
0.
-0.0274572
0.312764
-0.00199954
0.
0.0810007
0.383374
0.0121228
0.
-0.00282752
0.269867
0.01343
0.
-0.0314251
0.244515
0.0152599
-0.0498064
-0.0218137
0.248277
-0.021875
0.0219431
-0.0424911
0.351977
-0.0297545
-0.0450777
0.0220784
0.42491
-0.107035
-0.127309
0.16198
0.36015
0.10176
-0.128681
0.117657
0.322704
0.00843838
0.0273345
0.0524702
0.352879
0.0983024
0.0769575
0.137513
0.257551
-0.0114068
-0.0274824
-0.0100878
0.379859
0.00112798
-0.0326771
0.0242101
0.258075
0.0166779
0.0284281
-0.0208487
0.341455
-0.00700305
0.0289716
0.0289816
0.309909
-0.0893085
0.119711
0.124689
0.371366
-0.00397181
-0.0114141
0.0448016
0.295106
-0.0369199
0.0485981
-0.0388441
0.335909
0.0249396
0.123366
0.126929
