Vec Object: 1 MPI process
  type: seq
0.
0.
0.
-0.0737473
0.
0.
0.
0.0205122
0.171231
-0.168533
0.
-0.0438649
0.176889
-0.180693
0.
-0.047685
0.190418
0.208306
0.
-0.0398075
0.183923
0.163584
0.
-0.0336827
0.390263
0.00846378
0.
-0.00129917
0.377473
0.00644411
0.
0.0100306
0.393668
-0.0223779
0.
0.00906639
0.400029
-0.0158752
0.
0.00206513
0.
0.
0.
-0.0171047
0.
0.
0.
-0.0539024
0.328651
-0.0584872
0.
-0.0106922
0.315298
0.0905607
0.
0.00271079
0.334042
-0.0495895
0.
-0.0155372
0.320774
0.107764
0.
0.0141771
0.361153
0.076421
0.
-0.00541325
0.321429
-0.100728
0.
0.0110785
0.326705
0.0347527
0.
-0.00823608
0.321005
-0.0614335
0.
-0.00383205
0.
0.
0.
-0.0965958
0.
0.
0.
0.0298038
0.
0.
0.
-0.0104073
0.
0.
0.
0.154663
0.
0.
0.
-0.0389275
0.
0.
0.
-0.129851
0.
0.
0.
-0.232334
0.
0.
0.
-0.018545
0.
0.
0.
-0.0721138
0.
0.
0.
-0.036952
0.
0.
0.
-0.13004
0.
0.
0.
0.0410391
0.
0.
0.
-0.0918838
0.
0.
0.
0.0173771
0.
0.
0.
0.0456009
0.
0.
0.
-0.0482655
0.
0.
0.
-0.00918277
0.
0.
0.
0.00984158
1.
0.
0.
0.0292737
0.387772
-0.00754716
0.000524158
-0.000333298
0.384014
0.
-0.00497681
-0.00599496
0.264005
0.
-0.00519276
-0.00542955
0.263744
0.
0.0261911
0.030767
0.374934
0.
0.00590627
-0.00921531
0.263137
0.
0.018294
0.000827693
0.280679
0.
-0.00280867
0.0289259
0.256092
0.0258714
0.
0.0265627
0.385241
0.0167936
0.
-0.00360687
0.251257
0.0144157
0.
-0.00939728
0.237719
0.0108711
0.
0.0278858
0.381478
0.0170611
0.
-0.00365609
0.259301
0.01852
0.
-0.00439731
0.2537
0.028245
-0.0521451
0.000623714
0.248613
-0.0216198
0.0198455
-0.000746931
0.371602
-0.0201516
-0.103975
-0.00613877
0.440371
-0.179731
-0.181596
0.0788257
0.369834
0.170381
-0.188968
0.0470156
0.324106
-0.0664227
0.020681
0.0101258
0.37454
0.13869
0.127953
0.0551744
0.304992
-0.0157994
-0.0317146
-0.00826755
0.411861
0.00217006
-0.0603786
-0.00331684
0.251431
0.0149697
0.0335998
0.0183422
0.416265
0.0281949
0.0753148
-0.00310541
0.339527
-0.146514
0.159763
0.0628305
0.431934
-0.0112718
0.00155094
0.00394288
0.303387
0.0727197
0.091675
-0.0773946
0.366992
0.0511219
0.157345
0.0484356
