Vec Object: 1 MPI process
  type: seq
0.
0.
0.
-0.116244
0.
0.
0.
0.0465178
0.160666
-0.167303
0.
-0.0835797
0.171299
-0.177766
0.
-0.0751821
0.190302
0.203038
0.
-0.0616613
0.174937
0.166984
0.
-0.0826172
0.386953
0.0103126
0.
0.00569692
0.375053
0.00969078
0.
0.00538024
0.389552
-0.0197506
0.
0.00648218
0.395083
-0.0194944
0.
0.0126005
0.
0.
0.
-0.0379083
0.
0.
0.
-0.0932947
0.307461
-0.0557717
0.
-0.0176708
0.320898
0.0876444
0.
0.00330912
0.312552
-0.0509509
0.
-0.00690388
0.323812
0.115815
0.
0.0209586
0.338367
0.0694384
0.
0.0042496
0.323487
-0.104639
0.
0.0159016
0.308598
0.0424937
0.
-0.0227788
0.320724
-0.0629281
0.
-0.00223733
0.
0.
0.
-0.135359
0.
0.
0.
-0.0234956
0.
0.
0.
0.0140371
0.
0.
0.
0.0939324
0.
0.
0.
-0.0774416
0.
0.
0.
-0.150889
0.
0.
0.
-0.176989
0.
0.
0.
0.0681892
0.
0.
0.
0.0204566
0.
0.
0.
-0.000822308
0.
0.
0.
-0.155615
0.
0.
0.
0.0302531
0.
0.
0.
-0.0585743
0.
0.
0.
-0.00791157
0.
0.
0.
0.192189
0.
0.
0.
0.0798317
0.
0.
0.
0.0223902
0.
0.
0.
0.0036252
1.
0.
0.
0.0474158
0.399731
-0.00844287
-0.000728662
-0.00367847
0.377378
0.
-0.00295573
-0.00295731
0.27292
0.
-0.00160523
-0.0175697
0.316375
0.
0.0165787
0.0562766
0.378857
0.
0.00391497
-0.0101694
0.275419
0.
0.0120152
-0.0193802
0.325338
0.
-0.00684198
0.0714588
0.321346
0.0166923
0.
0.0732981
0.379725
0.0194762
0.
-0.000672263
0.259958
0.0229249
0.
-0.0221517
0.29894
-0.000375313
0.
0.0663996
0.38322
0.0134773
0.
-0.00266952
0.267521
0.0151426
0.
-0.0239313
0.246112
0.0185919
-0.0528052
-0.0145745
0.248464
-0.0238599
0.023184
-0.0311683
0.359865
-0.0272054
-0.0561382
0.0144321
0.424388
-0.124089
-0.13881
0.141655
0.356873
0.11766
-0.141548
0.0991291
0.33367
-0.00637096
0.0278817
0.0407269
0.355865
0.110111
0.0871275
0.115234
0.266859
-0.0138016
-0.0285976
-0.00882833
0.392789
0.00153238
-0.0401171
0.0165406
0.258084
0.0198749
0.0304086
-0.010913
0.356817
-0.000755181
0.0363544
0.0190549
0.311777
-0.1026
0.12938
0.107861
0.386781
-0.00637924
-0.0093396
0.0324805
0.309146
-0.0191914
0.0593506
-0.0610249
0.33926
0.0316239
0.133632
0.10438
