Vec Object: 1 MPI process
  type: seq
0.
0.
0.
0.248732
0.
0.
0.
0.748085
0.211323
-0.100796
0.
1.01667
0.227879
-0.108669
0.
1.03358
0.280731
0.118056
0.
1.11162
0.228852
0.106342
0.
1.00547
0.359356
0.0349624
0.
-0.451912
0.3599
0.0277044
0.
-0.49358
0.363449
-0.034122
0.
-0.44457
0.36585
-0.0435743
0.
-0.449468
0.
0.
0.
0.0556775
0.
0.
0.
-0.140847
0.255426
-0.0776144
0.
-0.0873691
0.330153
0.0249739
0.
-0.667148
0.26473
-0.0827988
0.
-0.0764356
0.334097
0.0453347
0.
-0.680171
0.287951
0.081367
0.
-0.0322242
0.331863
-0.0286347
0.
-0.681554
0.25311
0.0782317
0.
-0.0317805
0.32702
-0.0151648
0.
-0.693273
0.
0.
0.
0.46021
0.
0.
0.
0.0811562
0.
0.
0.
0.764679
0.
0.
0.
0.270754
0.
0.
0.
-0.00794773
0.
0.
0.
0.517783
0.
0.
0.
0.807772
0.
0.
0.
1.0595
0.
0.
0.
1.00681
0.
0.
0.
0.771702
0.
0.
0.
0.715997
0.
0.
0.
0.462428
0.
0.
0.
0.760234
0.
0.
0.
0.223642
0.
0.
0.
1.36392
0.
0.
0.
1.20834
0.
0.
0.
1.01088
0.
0.
0.
0.0895345
1.
0.
0.
1.3265
0.397462
-0.00479233
-0.000604531
-0.440509
0.39267
0.
0.00179397
-0.624786
0.287292
0.
0.00263666
-0.610631
0.365233
0.
0.00160708
0.886416
0.409071
0.
-0.000696234
-0.604773
0.285993
0.
0.00315401
-0.581476
0.345178
0.
-0.00684029
0.92434
0.376883
0.0007678
0.
0.930799
0.400474
0.011776
0.
-0.622244
0.277582
0.0134424
0.
-0.602123
0.342007
0.00115183
0.
0.964606
0.416158
0.00557086
0.
-0.59912
0.280334
0.00680574
0.
-0.598934
0.223953
-0.00422948
-0.014255
-0.227278
0.235947
-0.00201673
0.00410519
-0.474658
0.255399
-0.0183234
-0.0026167
0.260433
0.444791
0.000994477
-0.039711
1.19329
0.387657
0.00333246
-0.0405649
0.973976
0.16753
0.0258748
0.00450694
0.411518
0.319253
0.00564917
0.0282359
0.989053
0.191546
0.00133899
-0.0131526
0.0205944
0.230796
0.00101045
0.00128162
0.320825
0.237389
-0.00550266
0.00647702
-0.295023
0.225691
-0.0199736
0.0082411
0.30647
0.304578
-0.000366273
0.0394352
0.900205
0.24592
0.00941861
-0.00293655
0.429269
0.0898178
-0.0273137
0.00502048
0.605303
0.303449
-0.00911232
0.0341173
0.969022
