Vec Object: 1 MPI process
  type: seq
0.
0.
0.
-0.0892315
0.
0.
0.
0.0203788
0.167211
-0.167411
0.
-0.0579917
0.17439
-0.179052
0.
-0.0585415
0.189338
0.206157
0.
-0.0492043
0.180928
0.164288
0.
-0.0510501
0.38898
0.00863089
0.
0.00064243
0.37587
0.00827278
0.
0.00852022
0.39125
-0.0213033
0.
0.00907017
0.398116
-0.0168446
0.
0.00536731
0.
0.
0.
-0.0219578
0.
0.
0.
-0.061709
0.319816
-0.0573604
0.
-0.013592
0.317984
0.089397
0.
0.00339304
0.324758
-0.0509562
0.
-0.0136431
0.321852
0.111629
0.
0.017506
0.351484
0.0743422
0.
-0.00353372
0.322092
-0.102807
0.
0.0137788
0.319613
0.0377122
0.
-0.0132063
0.320111
-0.0624573
0.
-0.00244598
0.
0.
0.
-0.118856
0.
0.
0.
0.0152776
0.
0.
0.
-0.0126185
0.
0.
0.
0.142807
0.
0.
0.
-0.0454905
0.
0.
0.
-0.147286
0.
0.
0.
-0.227112
0.
0.
0.
0.00136182
0.
0.
0.
-0.0517335
0.
0.
0.
-0.0357658
0.
0.
0.
-0.158259
0.
0.
0.
0.0331451
0.
0.
0.
-0.094563
0.
0.
0.
0.00704081
0.
0.
0.
0.0922948
0.
0.
0.
-0.0137514
0.
0.
0.
-0.0119303
0.
0.
0.
0.0108301
1.
0.
0.
0.0378992
0.393816
-0.00812279
-0.00010774
-0.00210637
0.381075
0.
-0.00426908
-0.00498166
0.267286
0.
-0.0036416
-0.00948446
0.286015
0.
0.0222187
0.0400146
0.377349
0.
0.00537593
-0.0100095
0.268566
0.
0.015674
-0.00619754
0.299935
0.
-0.0049548
0.044169
0.284065
0.0225326
0.
0.0420768
0.382684
0.0177585
0.
-0.00264
0.253924
0.0188346
0.
-0.0133705
0.264864
0.00522084
0.
0.0401717
0.382848
0.0160325
0.
-0.00341001
0.26236
0.0180946
0.
-0.0107371
0.250467
0.0248374
-0.0550375
-0.00249264
0.248887
-0.0251461
0.0229486
-0.00997613
0.370911
-0.0221427
-0.0844925
0.000768267
0.430419
-0.160172
-0.164361
0.100878
0.358476
0.151476
-0.170576
0.0638707
0.33924
-0.0449114
0.0250116
0.0198957
0.365669
0.130686
0.112126
0.0743956
0.289244
-0.0160712
-0.0305295
-0.00708916
0.410407
0.00207019
-0.0551549
0.00337455
0.25577
0.0209082
0.0329633
0.00933312
0.391801
0.0159411
0.0576952
0.00342669
0.323673
-0.130609
0.148835
0.0774801
0.417354
-0.0105995
-0.00276248
0.0121322
0.317236
0.0357778
0.0826803
-0.081279
0.352141
0.045136
0.151394
0.0653241
