Vec Object: 1 MPI process
  type: seq
0.
0.
0.
-0.0848564
0.
0.
0.
0.0193844
0.168149
-0.167574
0.
-0.0544795
0.174891
-0.179364
0.
-0.0560829
0.189435
0.206644
0.
-0.0470819
0.181709
0.164008
0.
-0.0466282
0.389277
0.00850785
0.
0.00010685
0.376119
0.00795355
0.
0.00901981
0.391691
-0.0215444
0.
0.00925418
0.398561
-0.016553
0.
0.00451028
0.
0.
0.
-0.0202363
0.
0.
0.
-0.0587628
0.321795
-0.0575858
0.
-0.0128359
0.317434
0.0896376
0.
0.0032248
0.326801
-0.0507507
0.
-0.0143101
0.321569
0.110805
0.
0.016742
0.353639
0.0749181
0.
-0.00423271
0.321911
-0.102375
0.
0.0131867
0.321258
0.0369867
0.
-0.0118541
0.320185
-0.0622677
0.
-0.00274637
0.
0.
0.
-0.113885
0.
0.
0.
0.0198585
0.
0.
0.
-0.0132629
0.
0.
0.
0.147899
0.
0.
0.
-0.0425104
0.
0.
0.
-0.143771
0.
0.
0.
-0.23014
0.
0.
0.
-0.0049618
0.
0.
0.
-0.0584213
0.
0.
0.
-0.0374038
0.
0.
0.
-0.153252
0.
0.
0.
0.034934
0.
0.
0.
-0.0956057
0.
0.
0.
0.00959678
0.
0.
0.
0.0798693
0.
0.
0.
-0.023853
0.
0.
0.
-0.0127448
0.
0.
0.
0.0111346
1.
0.
0.
0.0360315
0.392596
-0.00802879
1.38887e-05
-0.0016798
0.381737
0.
-0.00445003
-0.0052855
0.266467
0.
-0.00398115
-0.00845164
0.281056
0.
0.0231356
0.0377759
0.376944
0.
0.0055395
-0.00992532
0.267372
0.
0.016262
-0.00439344
0.29567
0.
-0.00455534
0.0403422
0.277848
0.0233815
0.
0.0380231
0.383244
0.0175119
0.
-0.00293349
0.253148
0.0179762
0.
-0.0122942
0.258999
0.00636757
0.
0.0369417
0.382656
0.0163322
0.
-0.00353134
0.261615
0.0183429
0.
-0.00906828
0.251239
0.0256468
-0.0546937
-0.00139217
0.248922
-0.0247337
0.022455
-0.00739989
0.371618
-0.0215563
-0.0890902
-0.00100717
0.432301
-0.165186
-0.168333
0.0953291
0.36022
0.156242
-0.17498
0.0594115
0.337166
-0.0506779
0.024108
0.017284
0.367568
0.132983
0.116026
0.0693151
0.292881
-0.0160669
-0.0307874
-0.0072041
0.411501
0.00211053
-0.0568646
0.00167801
0.25503
0.0200784
0.0331458
0.0118609
0.39736
0.0187718
0.0615719
0.00164814
0.326689
-0.134575
0.151541
0.0736878
0.421282
-0.0109669
-0.00167043
0.00986167
0.315288
0.0450646
0.0855353
-0.0813029
0.355023
0.0468566
0.153275
0.0607503
