Vec Object: 1 MPI process
  type: seq
0.
0.
0.
-0.102844
0.
0.
0.
0.0278969
0.164329
-0.167184
0.
-0.0691468
0.17301
-0.178312
0.
-0.0658978
0.189477
0.204728
0.
-0.0552304
0.178352
0.165381
0.
-0.0650696
0.388091
0.00922549
0.
0.00256308
0.375395
0.00899712
0.
0.00687009
0.390274
-0.0205844
0.
0.00804829
0.396776
-0.0179067
0.
0.00827881
0.
0.
0.
-0.0286109
0.
0.
0.
-0.0739968
0.314071
-0.0567142
0.
-0.0158079
0.31944
0.0886795
0.
0.0037288
0.318972
-0.051225
0.
-0.0110208
0.322739
0.113829
0.
0.0195613
0.345305
0.072326
0.
-0.000612055
0.322698
-0.103888
0.
0.0152531
0.314647
0.0399361
0.
-0.0176036
0.320212
-0.0628512
0.
-0.00183113
0.
0.
0.
-0.130651
0.
0.
0.
-0.00130874
0.
0.
0.
-0.0054924
0.
0.
0.
0.122418
0.
0.
0.
-0.0582054
0.
0.
0.
-0.153785
0.
0.
0.
-0.2109
0.
0.
0.
0.0264771
0.
0.
0.
-0.024745
0.
0.
0.
-0.0251551
0.
0.
0.
-0.165231
0.
0.
0.
0.0294377
0.
0.
0.
-0.0845195
0.
0.
0.
-0.000491174
0.
0.
0.
0.134221
0.
0.
0.
0.0233572
0.
0.
0.
-0.00277401
0.
0.
0.
0.00835572
1.
0.
0.
0.0428514
0.396916
-0.00831325
-0.000416573
-0.00322167
0.379227
0.
-0.00368794
-0.00398554
0.269836
0.
-0.00267441
-0.0128538
0.300233
0.
0.0195565
0.0470656
0.378204
0.
0.00477785
-0.010083
0.271894
0.
0.0139657
-0.0119429
0.312026
0.
-0.00593496
0.0562427
0.301741
0.0198836
0.
0.0554582
0.38116
0.0185418
0.
-0.00167265
0.256556
0.0209827
0.
-0.0170028
0.281198
0.00228926
0.
0.051088
0.383135
0.0149712
0.
-0.00298517
0.264675
0.0169683
0.
-0.0162768
0.248308
0.0222
-0.0549075
-0.00708915
0.248691
-0.0252683
0.0236518
-0.0188647
0.367128
-0.0242542
-0.071023
0.00654543
0.426355
-0.144191
-0.152629
0.118653
0.355898
0.136435
-0.157285
0.0788066
0.340475
-0.0268853
0.0270274
0.0286124
0.36063
0.122393
0.10042
0.0915091
0.278694
-0.0155674
-0.029723
-0.00744794
0.404486
0.00188603
-0.0488559
0.0088841
0.257289
0.0216762
0.0321156
0.000665746
0.375585
0.00786292
0.0470738
0.00963417
0.316711
-0.11816
0.140304
0.0901699
0.404237
-0.00897275
-0.00599626
0.0202389
0.317906
0.00861699
0.072582
-0.0766904
0.345139
0.0393159
0.144314
0.0812457
