Vec Object: 1 MPI process
  type: seq
0.
0.
0.
-0.122404
0.
0.
0.
0.0726484
0.157093
-0.16767
0.
-0.0975308
0.169447
-0.177571
0.
-0.0844857
0.191525
0.20146
0.
-0.0665355
0.171621
0.168585
0.
-0.0988137
0.385706
0.0116687
0.
0.00987259
0.374641
0.0104551
0.
0.00542204
0.389013
-0.0191303
0.
0.00573592
0.393335
-0.0212394
0.
0.0177286
0.
0.
0.
-0.0459112
0.
0.
0.
-0.112542
0.301631
-0.0545329
0.
-0.0180164
0.32204
0.0863093
0.
0.00139517
0.307054
-0.0501856
0.
-0.00236643
0.324762
0.116767
0.
0.0202845
0.332398
0.0664669
0.
0.00960656
0.324218
-0.104569
0.
0.0145598
0.302998
0.0444812
0.
-0.0265573
0.32136
-0.0625054
0.
-0.00457671
0.
0.
0.
-0.128422
0.
0.
0.
-0.0425135
0.
0.
0.
0.0422573
0.
0.
0.
0.0695904
0.
0.
0.
-0.0952089
0.
0.
0.
-0.136434
0.
0.
0.
-0.132674
0.
0.
0.
0.116214
0.
0.
0.
0.0725161
0.
0.
0.
0.0320073
0.
0.
0.
-0.129359
0.
0.
0.
0.0373502
0.
0.
0.
-0.0223977
0.
0.
0.
-0.0118243
0.
0.
0.
0.250882
0.
0.
0.
0.140969
0.
0.
0.
0.058494
0.
0.
0.
-0.000827194
1.
0.
0.
0.0502985
0.401584
-0.00852558
-0.000991098
-0.00236174
0.376154
0.
-0.00229308
-0.00258498
0.275598
0.
-0.000722897
-0.0229718
0.330587
0.
0.0140788
0.0655038
0.379443
0.
0.00305703
-0.0105989
0.278198
0.
0.0103402
-0.0269725
0.336558
0.
-0.00750155
0.0858449
0.338068
0.0138836
0.
0.0906719
0.378907
0.0202124
0.
-0.00032783
0.263012
0.0242035
0.
-0.0279708
0.313908
-0.00211424
0.
0.0823202
0.3834
0.0120052
0.
-0.0028636
0.270062
0.0132811
0.
-0.0321243
0.244384
0.014966
-0.0495095
-0.0224564
0.248258
-0.0216828
0.0218086
-0.043499
0.351241
-0.0299677
-0.0441999
0.022778
0.425037
-0.105584
-0.12633
0.16375
0.360511
0.100406
-0.1276
0.119286
0.321592
0.00957811
0.0272397
0.053543
0.352664
0.0972449
0.0761354
0.139508
0.25678
-0.0111688
-0.0273798
-0.0101821
0.378646
0.00108949
-0.0320567
0.0249255
0.258048
0.0163489
0.028239
-0.0216942
0.340158
-0.00749422
0.0284065
0.0299194
0.309831
-0.0881709
0.118867
0.126206
0.370033
-0.00376356
-0.0115555
0.0459323
0.293672
-0.038181
0.047719
-0.0365753
0.335679
0.0243671
0.122448
0.128978
