Vec Object: 1 MPI process
  type: seq
0.
0.
0.
-0.0823216
0.
0.
0.
0.259861
0.146534
-0.164058
0.
-0.111481
0.162861
-0.173786
0.
-0.0892854
0.208387
0.185572
0.
-0.0184947
0.162275
0.17059
0.
-0.121114
0.3674
0.030458
0.
0.107092
0.362195
0.0256261
0.
0.0789873
0.373626
-0.0297176
0.
0.0927235
0.373766
-0.0404304
0.
0.114229
0.
0.
0.
-0.0933717
0.
0.
0.
-0.218941
0.275705
-0.0531099
0.
-0.062023
0.326763
0.0675299
0.
-0.0676858
0.283262
-0.0525828
0.
-0.0367201
0.329748
0.100508
0.
-0.0534892
0.307018
0.0605007
0.
-0.0181279
0.328257
-0.0847225
0.
-0.0608772
0.275516
0.0548622
0.
-0.0701631
0.324215
-0.0490508
0.
-0.0826304
0.
0.
0.
0.0129392
0.
0.
0.
-0.109141
0.
0.
0.
0.25121
0.
0.
0.
0.00526634
0.
0.
0.
-0.169378
0.
0.
0.
0.0400756
0.
0.
0.
0.18264
0.
0.
0.
0.411371
0.
0.
0.
0.387596
0.
0.
0.
0.259925
0.
0.
0.
0.143148
0.
0.
0.
0.11638
0.
0.
0.
0.235042
0.
0.
0.
-0.0173711
0.
0.
0.
0.565861
0.
0.
0.
0.490981
0.
0.
0.
0.33331
0.
0.
0.
-0.0437106
1.
0.
0.
0.113021
0.398405
-0.00791336
-0.00155626
0.100002
0.381364
0.
0.000439693
-0.012221
0.284866
0.
0.0020892
-0.119605
0.386645
0.
0.00512605
0.12322
0.392446
0.
-0.000327601
-0.0108568
0.285991
0.
0.00453922
-0.128132
0.374274
0.
-0.00817635
0.166555
0.399431
0.00307551
0.
0.179475
0.38735
0.0198252
0.
-0.00994247
0.274309
0.023534
0.
-0.124557
0.367215
-0.00277918
0.
0.187645
0.397697
0.00609634
0.
-0.00212413
0.279058
0.00632287
0.
-0.137033
0.235491
-0.00133241
-0.0266529
-0.112114
0.244574
-0.00875093
0.0102052
-0.161945
0.296304
-0.0338773
-0.0102987
0.0340187
0.446116
-0.0253822
-0.0693984
0.290265
0.390996
0.0252362
-0.0687393
0.226588
0.229692
0.0396468
0.0134908
0.103732
0.344944
0.0297743
0.0401471
0.27787
0.215199
0.00375135
-0.0193782
-0.0528018
0.289337
-0.00107726
-0.00531114
0.0536832
0.249968
-0.00621856
0.0142777
-0.123732
0.266477
-0.0240771
0.0101404
0.067428
0.316952
-0.0228911
0.0670465
0.230332
0.291842
0.00658115
-0.00965082
0.0960648
0.171417
-0.0528177
0.0118083
0.152148
0.328596
-0.0069433
0.0639807
0.27623
