Vec Object: 1 MPI process
  type: seq
0.
0.
0.
-0.111421
0.
0.
0.
0.0375957
0.162199
-0.167212
0.
-0.0775348
0.172029
-0.177947
0.
-0.0712775
0.189891
0.203731
0.
-0.0591413
0.176371
0.166301
0.
-0.0753721
0.387438
0.00981974
0.
0.00427403
0.375188
0.0094065
0.
0.00585896
0.38981
-0.0200832
0.
0.00710719
0.395796
-0.0188043
0.
0.0106986
0.
0.
0.
-0.0340618
0.
0.
0.
-0.0849891
0.31014
-0.0561988
0.
-0.0170668
0.320331
0.0881077
0.
0.00363853
0.315127
-0.0511369
0.
-0.00870751
0.323374
0.115102
0.
0.0205883
0.341156
0.0706763
0.
0.00210026
0.32316
-0.104418
0.
0.0158393
0.31109
0.041478
0.
-0.0207374
0.32048
-0.0629557
0.
-0.0018613
0.
0.
0.
-0.134888
0.
0.
0.
-0.0143714
0.
0.
0.
0.00456128
0.
0.
0.
0.105683
0.
0.
0.
-0.0693169
0.
0.
0.
-0.153652
0.
0.
0.
-0.192797
0.
0.
0.
0.0496266
0.
0.
0.
0.000324575
0.
0.
0.
-0.0123206
0.
0.
0.
-0.16201
0.
0.
0.
0.0290963
0.
0.
0.
-0.0710169
0.
0.
0.
-0.00519162
0.
0.
0.
0.167527
0.
0.
0.
0.0552296
0.
0.
0.
0.0101926
0.
0.
0.
0.00567626
1.
0.
0.
0.04573
0.398683
-0.00839727
-0.000605106
-0.00366382
0.37808
0.
-0.00325734
-0.00332713
0.271665
0.
-0.00203136
-0.0155237
0.309848
0.
0.0177696
0.052393
0.378612
0.
0.00428267
-0.0101057
0.274034
0.
0.0128016
-0.0162508
0.320021
0.
-0.00649647
0.0651463
0.31349
0.0179912
0.
0.0657959
0.380254
0.0191021
0.
-0.00103127
0.258555
0.0222009
0.
-0.0199217
0.291863
0.000615036
0.
0.0598448
0.383194
0.014111
0.
-0.00274846
0.266353
0.0159327
0.
-0.0206514
0.246963
0.0201255
-0.053889
-0.0113076
0.248552
-0.0245939
0.023527
-0.0259532
0.363157
-0.0259653
-0.0620331
0.0110555
0.424834
-0.132391
-0.144452
0.132043
0.356028
0.125405
-0.147952
0.0905327
0.337403
-0.0144761
0.0277395
0.0355309
0.357654
0.115414
0.0924364
0.105121
0.271604
-0.0146778
-0.0290844
-0.00819455
0.398127
0.00169504
-0.0437699
0.0132344
0.257873
0.0209169
0.0311997
-0.00608765
0.364438
0.00262503
0.0404871
0.014901
0.313405
-0.109031
0.133942
0.100293
0.394098
-0.00749766
-0.00806885
0.0271335
0.313895
-0.00860773
0.0647906
-0.0688518
0.34139
0.0348336
0.138249
0.0943898
