Vec Object: 1 MPI process
  type: seq
0.
0.
0.
-0.080594
0.
0.
0.
0.0190724
0.169139
-0.167807
0.
-0.0508859
0.175466
-0.179736
0.
-0.0534378
0.189633
0.207168
0.
-0.0447783
0.182485
0.163778
0.
-0.0421465
0.389595
0.00842749
0.
-0.000407517
0.376456
0.00755268
0.
0.0094723
0.392235
-0.0218035
0.
0.00933584
0.399033
-0.0162838
0.
0.00365937
0.
0.
0.
-0.0187744
0.
0.
0.
-0.0563727
0.32394
-0.0578444
0.
-0.0120692
0.316805
0.0899064
0.
0.0030414
0.329042
-0.0504611
0.
-0.0148793
0.321286
0.109882
0.
0.0159157
0.355985
0.0754698
0.
-0.00480605
0.321735
-0.101881
0.
0.0125264
0.323002
0.0362371
0.
-0.010529
0.320344
-0.062035
0.
-0.00308962
0.
0.
0.
-0.108324
0.
0.
0.
0.0239943
0.
0.
0.
-0.0130999
0.
0.
0.
0.151935
0.
0.
0.
-0.0402471
0.
0.
0.
-0.139546
0.
0.
0.
-0.232112
0.
0.
0.
-0.0105393
0.
0.
0.
-0.0642237
0.
0.
0.
-0.0381755
0.
0.
0.
-0.146726
0.
0.
0.
0.0369607
0.
0.
0.
-0.0955304
0.
0.
0.
0.0122464
0.
0.
0.
0.0676517
0.
0.
0.
-0.0332367
0.
0.
0.
-0.0125321
0.
0.
0.
0.0111103
1.
0.
0.
0.0339434
0.391183
-0.00790569
0.000157672
-0.00122549
0.382458
0.
-0.00463235
-0.00557183
0.265628
0.
-0.00435346
-0.0074086
0.27565
0.
0.0241188
0.0354572
0.376423
0.
0.00568863
-0.00977969
0.266057
0.
0.0168985
-0.00256867
0.291004
0.
-0.00407509
0.036437
0.271056
0.0242452
0.
0.0339917
0.383863
0.0172632
0.
-0.0032087
0.25241
0.0169657
0.
-0.0112412
0.252494
0.00769008
0.
0.0337531
0.382378
0.0166133
0.
-0.00362732
0.260844
0.0185162
0.
-0.00741192
0.252065
0.0264809
-0.0541055
-0.000478459
0.248916
-0.0240451
0.0217796
-0.00492761
0.372024
-0.0210123
-0.0939669
-0.00279541
0.434591
-0.170251
-0.172582
0.089691
0.362638
0.161098
-0.179599
0.0550126
0.333993
-0.056428
0.0230547
0.0147068
0.369699
0.135139
0.120079
0.0643066
0.296782
-0.0159974
-0.0310661
-0.00745153
0.412158
0.00214231
-0.058385
-4.22823e-05
0.254085
0.0188422
0.0333024
0.0142828
0.403352
0.0218175
0.0658541
-7.85375e-05
0.33032
-0.138638
0.15432
0.0699122
0.425133
-0.0112313
-0.000545183
0.00769279
0.31231
0.054691
0.0881314
-0.080632
0.358436
0.0485038
0.154962
0.0563175
