Vec Object: 1 MPI process
  type: seq
0.
0.
0.
-0.074627
0.
0.
0.
0.0201127
0.170883
-0.168389
0.
-0.0449622
0.176632
-0.180517
0.
-0.0486502
0.190251
0.208115
0.
-0.0406326
0.183705
0.163584
0.
-0.0349677
0.390154
0.00843613
0.
-0.00117128
0.377273
0.00665443
0.
0.00998289
0.393405
-0.0222792
0.
0.00915467
0.399866
-0.0159263
0.
0.00230896
0.
0.
0.
-0.0172422
0.
0.
0.
-0.0540768
0.327854
-0.0583707
0.
-0.0108903
0.315565
0.0904417
0.
0.00275541
0.333191
-0.0497583
0.
-0.0154828
0.320847
0.108131
0.
0.0144606
0.360279
0.076284
0.
-0.00536967
0.321473
-0.100928
0.
0.0113193
0.326089
0.0349872
0.
-0.00855983
0.320862
-0.0615434
0.
-0.00371161
0.
0.
0.
-0.0984656
0.
0.
0.
0.0291375
0.
0.
0.
-0.0110283
0.
0.
0.
0.154812
0.
0.
0.
-0.0388097
0.
0.
0.
-0.131463
0.
0.
0.
-0.232646
0.
0.
0.
-0.0175649
0.
0.
0.
-0.0712097
0.
0.
0.
-0.0373843
0.
0.
0.
-0.132974
0.
0.
0.
0.0404277
0.
0.
0.
-0.0927663
0.
0.
0.
0.0165884
0.
0.
0.
0.0488599
0.
0.
0.
-0.0462436
0.
0.
0.
-0.00994721
0.
0.
0.
0.0101599
1.
0.
0.
0.0300598
0.388376
-0.00761666
0.000457052
-0.000470063
0.383756
0.
-0.00492414
-0.00594553
0.264256
0.
-0.00504823
-0.00573185
0.265752
0.
0.0258525
0.0315201
0.375221
0.
0.00588023
-0.00933626
0.26363
0.
0.0180579
0.000321105
0.282426
0.
-0.00304559
0.0300829
0.258614
0.0256263
0.
0.0276775
0.385008
0.0168655
0.
-0.00356189
0.251402
0.0148809
0.
-0.0096611
0.240259
0.0103082
0.
0.0287705
0.381659
0.0170019
0.
-0.00367128
0.259546
0.0185561
0.
-0.00484291
0.253451
0.0279458
-0.0525298
0.0005129
0.248701
-0.0221167
0.0202104
-0.00133139
0.371798
-0.0202661
-0.102371
-0.00563621
0.439335
-0.178304
-0.180113
0.080509
0.368445
0.16896
-0.187473
0.0482057
0.326014
-0.0650337
0.0210737
0.0107858
0.373714
0.138199
0.126747
0.0565387
0.303653
-0.0158229
-0.0315988
-0.00811865
0.412061
0.0021695
-0.0601749
-0.00281803
0.251937
0.0157265
0.0335464
0.0177797
0.414117
0.0271635
0.0737282
-0.00267033
0.337862
-0.145295
0.158914
0.0639129
0.430952
-0.0113191
0.00124303
0.00448433
0.305062
0.0700687
0.0912973
-0.0780593
0.365447
0.0507891
0.157069
0.049597
