Vec Object: 1 MPI process
  type: seq
0.
0.
0.
-0.117783
0.
0.
0.
0.127947
0.151385
-0.168377
0.
-0.118613
0.165944
-0.177691
0.
-0.0996702
0.194272
0.19866
0.
-0.070364
0.166395
0.17108
0.
-0.122685
0.382884
0.0147434
0.
0.0213551
0.373219
0.0124872
0.
0.0107527
0.387565
-0.0190009
0.
0.00976158
0.389834
-0.024729
0.
0.0300794
0.
0.
0.
-0.0556397
0.
0.
0.
-0.141596
0.29294
-0.0518863
0.
-0.0168674
0.32357
0.0829761
0.
-0.00671574
0.29903
-0.0482981
0.
0.00470643
0.326184
0.115934
0.
0.0129031
0.323718
0.0616874
0.
0.0174407
0.325342
-0.102351
0.
0.00623678
0.294231
0.0466536
0.
-0.0302686
0.322405
-0.0605701
0.
-0.0143643
0.
0.
0.
-0.0963081
0.
0.
0.
-0.0654063
0.
0.
0.
0.102839
0.
0.
0.
0.041456
0.
0.
0.
-0.118543
0.
0.
0.
-0.0925705
0.
0.
0.
-0.0425706
0.
0.
0.
0.205506
0.
0.
0.
0.168943
0.
0.
0.
0.0995326
0.
0.
0.
-0.0596356
0.
0.
0.
0.0601123
0.
0.
0.
0.0529839
0.
0.
0.
-0.0116102
0.
0.
0.
0.349398
0.
0.
0.
0.249103
0.
0.
0.
0.13527
0.
0.
0.
-0.0064367
1.
0.
0.
0.053932
0.40313
-0.00860426
-0.00135425
0.00631371
0.37544
0.
-0.00132808
-0.0037918
0.279226
0.
0.000446175
-0.0356926
0.351794
0.
0.0106326
0.0814995
0.381037
0.
0.00172934
-0.0121819
0.281626
0.
0.00801197
-0.0423431
0.352334
0.
-0.00821182
0.109118
0.362055
0.00982612
0.
0.11848
0.378912
0.0209151
0.
-0.00161358
0.267284
0.0252716
0.
-0.0413295
0.335201
-0.00364853
0.
0.110571
0.38467
0.00972028
0.
-0.00419221
0.273603
0.0104254
0.
-0.0488629
0.241837
0.00906797
-0.0427625
-0.0361694
0.247686
-0.0174985
0.0185216
-0.0654058
0.335293
-0.033724
-0.0291897
0.0373209
0.429781
-0.0776576
-0.107242
0.199414
0.369491
0.0743051
-0.107018
0.152238
0.295756
0.0276331
0.0241352
0.0762699
0.349566
0.0754972
0.0615462
0.181208
0.242282
-0.00573796
-0.025142
-0.0118632
0.352297
0.000252837
-0.0208345
0.0405276
0.256712
0.00867009
0.0240538
-0.0388319
0.315194
-0.0157723
0.0192715
0.0504614
0.310406
-0.0660295
0.101945
0.158214
0.343848
0.000208173
-0.0131212
0.069619
0.259842
-0.0551009
0.0322045
0.0183665
0.332557
0.0133215
0.103607
0.172665
