Vec Object: 1 MPI process
  type: seq
0.
0.
0.
-0.084089
0.
0.
0.
0.251175
0.146051
-0.165061
0.
-0.118119
0.162369
-0.174711
0.
-0.0958346
0.206541
0.187281
0.
-0.0287105
0.161739
0.171332
0.
-0.127558
0.369327
0.0285365
0.
0.0957884
0.363644
0.0239419
0.
0.0695401
0.375594
-0.0280012
0.
0.0804981
0.375689
-0.0385449
0.
0.10319
0.
0.
0.
-0.087604
0.
0.
0.
-0.210345
0.276991
-0.05202
0.
-0.0528164
0.326476
0.069234
0.
-0.0595178
0.284441
-0.0510914
0.
-0.0271122
0.329399
0.102499
0.
-0.044486
0.30825
0.0595925
0.
-0.00999396
0.327967
-0.0868464
0.
-0.0519545
0.276967
0.0534813
0.
-0.0627137
0.324101
-0.0503698
0.
-0.0737675
0.
0.
0.
0.00508414
0.
0.
0.
-0.103986
0.
0.
0.
0.241123
0.
0.
0.
0.00869103
0.
0.
0.
-0.163547
0.
0.
0.
0.0304329
0.
0.
0.
0.165931
0.
0.
0.
0.396467
0.
0.
0.
0.372103
0.
0.
0.
0.249055
0.
0.
0.
0.127718
0.
0.
0.
0.113909
0.
0.
0.
0.222468
0.
0.
0.
-0.0145557
0.
0.
0.
0.549281
0.
0.
0.
0.473212
0.
0.
0.
0.318331
0.
0.
0.
-0.0374081
1.
0.
0.
0.101804
0.399307
-0.00804404
-0.00158584
0.0870957
0.380439
0.
0.000312583
-0.0111537
0.284469
0.
0.00200395
-0.107996
0.384941
0.
0.00546995
0.119136
0.390971
0.
-0.000228356
-0.011395
0.285724
0.
0.00473202
-0.116619
0.373531
0.
-0.0082497
0.161014
0.397659
0.00346124
0.
0.174007
0.386152
0.0200472
0.
-0.0089369
0.273819
0.023867
0.
-0.11328
0.365815
-0.00303226
0.
0.180287
0.395941
0.00627402
0.
-0.00273657
0.278696
0.00648346
0.
-0.125396
0.236028
-0.000784986
-0.0278293
-0.101051
0.244891
-0.00933035
0.0108127
-0.149555
0.299446
-0.0345318
-0.0112415
0.0384774
0.444992
-0.028981
-0.0721016
0.28117
0.389682
0.0285972
-0.07138
0.220028
0.234896
0.0398485
0.0143585
0.104522
0.34554
0.0330299
0.0413833
0.270027
0.217115
0.00350371
-0.0198479
-0.0451101
0.294248
-0.00104963
-0.00610325
0.0555806
0.250592
-0.00561805
0.0149991
-0.111657
0.270015
-0.0239283
0.010476
0.0699465
0.316613
-0.0259671
0.0695539
0.224809
0.295616
0.00620994
-0.0101639
0.0969846
0.17838
-0.0541748
0.0128189
0.14369
0.329132
-0.00557711
0.0668163
0.267938
