Vec Object: 1 MPI process
  type: seq
0.
0.
0.
-0.122752
0.
0.
0.
0.0781
0.156445
-0.167751
0.
-0.100024
0.169083
-0.177565
0.
-0.0862056
0.191782
0.201171
0.
-0.0672564
0.171024
0.168874
0.
-0.10165
0.385451
0.0119499
0.
0.0108017
0.374539
0.010622
0.
0.00564224
0.388905
-0.0190499
0.
0.00577673
0.392995
-0.0215805
0.
0.0188002
0.
0.
0.
-0.0471844
0.
0.
0.
-0.115933
0.300623
-0.0542697
0.
-0.0179372
0.322226
0.0860185
0.
0.000839491
0.306114
-0.0500039
0.
-0.00151064
0.324926
0.116828
0.
0.019892
0.331379
0.0659211
0.
0.0105932
0.324346
-0.104461
0.
0.0140538
0.302006
0.0447831
0.
-0.0270898
0.321479
-0.0623711
0.
-0.00525852
0.
0.
0.
-0.126037
0.
0.
0.
-0.045559
0.
0.
0.
0.0481918
0.
0.
0.
0.0657372
0.
0.
0.
-0.0981659
0.
0.
0.
-0.132705
0.
0.
0.
-0.123644
0.
0.
0.
0.125544
0.
0.
0.
0.0826174
0.
0.
0.
0.0387534
0.
0.
0.
-0.123096
0.
0.
0.
0.0392555
0.
0.
0.
-0.0149046
0.
0.
0.
-0.0121724
0.
0.
0.
0.261682
0.
0.
0.
0.152539
0.
0.
0.
0.0660471
0.
0.
0.
-0.0015438
1.
0.
0.
0.0507042
0.401843
-0.0085382
-0.00103564
-0.00186846
0.375994
0.
-0.002179
-0.00260301
0.276046
0.
-0.000577616
-0.0240889
0.33305
0.
0.0136605
0.0672155
0.379568
0.
0.00290351
-0.0107256
0.278642
0.
0.0100577
-0.0284388
0.33845
0.
-0.00760233
0.0884259
0.340912
0.0134033
0.
0.0937987
0.378822
0.0203229
0.
-0.00035222
0.26353
0.0243816
0.
-0.0291616
0.316443
-0.00235734
0.
0.0853101
0.383467
0.0117419
0.
-0.00295738
0.270493
0.0129483
0.
-0.0337272
0.244095
0.0143052
-0.048826
-0.023905
0.248214
-0.021243
0.0214941
-0.045778
0.349565
-0.0304393
-0.0422776
0.0243659
0.425367
-0.102347
-0.124143
0.167721
0.361359
0.0973869
-0.125194
0.122949
0.319023
0.0120498
0.0270027
0.0559785
0.352206
0.0948587
0.0743257
0.144014
0.255068
-0.01062
-0.0271463
-0.0103832
0.375883
0.00100154
-0.0306835
0.0265583
0.257972
0.0155864
0.0278062
-0.0235823
0.337267
-0.0085676
0.0271797
0.032064
0.3097
-0.0856296
0.116974
0.12964
0.36705
-0.00329857
-0.0118502
0.048498
0.290348
-0.0408549
0.0457817
-0.0313006
0.335192
0.0230889
0.120377
0.133625
