Vec Object: 1 MPI process
  type: seq
0.
0.
0.
-0.0844751
0.
0.
0.
0.0193289
0.168233
-0.167591
0.
-0.0541676
0.174938
-0.179394
0.
-0.0558592
0.189448
0.206688
0.
-0.0468874
0.181778
0.163986
0.
-0.046237
0.389304
0.00849888
0.
6.08269e-05
0.376145
0.00792205
0.
0.00906192
0.391734
-0.0215663
0.
0.00926591
0.398601
-0.0165283
0.
0.0044354
0.
0.
0.
-0.0200963
0.
0.
0.
-0.0585288
0.321976
-0.0576069
0.
-0.0127687
0.317382
0.0896599
0.
0.00320914
0.326989
-0.0507289
0.
-0.0143645
0.321545
0.110728
0.
0.016672
0.353836
0.0749675
0.
-0.00428849
0.321895
-0.102334
0.
0.0131315
0.321406
0.0369219
0.
-0.0117363
0.320196
-0.0622492
0.
-0.00277486
0.
0.
0.
-0.11342
0.
0.
0.
0.0202418
0.
0.
0.
-0.0132818
0.
0.
0.
0.148302
0.
0.
0.
-0.0422797
0.
0.
0.
-0.143428
0.
0.
0.
-0.230357
0.
0.
0.
-0.00548271
0.
0.
0.
-0.058968
0.
0.
0.
-0.0375075
0.
0.
0.
-0.152741
0.
0.
0.
0.0351033
0.
0.
0.
-0.0956457
0.
0.
0.
0.00982592
0.
0.
0.
0.0787878
0.
0.
0.
-0.0247073
0.
0.
0.
-0.0127682
0.
0.
0.
0.0111468
1.
0.
0.
0.0358575
0.392481
-0.0080193
2.55119e-05
-0.00164091
0.381798
0.
-0.00446598
-0.00531154
0.266394
0.
-0.00401238
-0.00836052
0.280601
0.
0.0232191
0.037576
0.376903
0.
0.00555323
-0.00991538
0.267262
0.
0.0163158
-0.00423393
0.295278
0.
-0.00451683
0.0400025
0.277277
0.0234568
0.
0.0376681
0.383296
0.0174901
0.
-0.00295859
0.253081
0.0178943
0.
-0.0122007
0.258456
0.00647594
0.
0.0366602
0.382636
0.0163577
0.
-0.00354103
0.261549
0.0183615
0.
-0.00892227
0.25131
0.0257187
-0.0546525
-0.00130404
0.248924
-0.0246855
0.0224035
-0.00717819
0.371666
-0.0215067
-0.0895067
-0.00116367
0.432484
-0.165629
-0.168694
0.094838
0.360403
0.156665
-0.175376
0.0590226
0.336935
-0.0511853
0.0240216
0.0170561
0.367745
0.133178
0.116376
0.0688724
0.293212
-0.0160632
-0.0308109
-0.00722036
0.411578
0.00211368
-0.0570067
0.00152801
0.254957
0.0199876
0.0331604
0.0120783
0.397867
0.0190302
0.0619304
0.00149438
0.326981
-0.134928
0.151782
0.0733559
0.421624
-0.0109948
-0.00157273
0.00966709
0.31507
0.0458983
0.0857754
-0.0812723
0.355299
0.0470048
0.153432
0.0603554
