Vec Object: 1 MPI process
  type: seq
0.
0.
0.
0.0756773
0.
0.
0.
0.524818
0.184884
-0.125217
0.
0.501982
0.201206
-0.134208
0.
0.521553
0.255651
0.141534
0.
0.611371
0.201964
0.131955
0.
0.493583
0.351813
0.0442327
0.
-0.0963804
0.352133
0.0369628
0.
-0.141773
0.356083
-0.0433424
0.
-0.0911556
0.358404
-0.0533351
0.
-0.0929013
0.
0.
0.
-0.0629917
0.
0.
0.
-0.235037
0.260176
-0.0755985
0.
-0.145907
0.329962
0.037401
0.
-0.412237
0.269051
-0.0806495
0.
-0.133174
0.333829
0.0619954
0.
-0.416556
0.292337
0.0798904
0.
-0.0880208
0.331655
-0.0453151
0.
-0.41987
0.258114
0.0771202
0.
-0.109242
0.326027
-0.0251994
0.
-0.435922
0.
0.
0.
0.25526
0.
0.
0.
-0.0530302
0.
0.
0.
0.534723
0.
0.
0.
0.110231
0.
0.
0.
-0.130127
0.
0.
0.
0.305589
0.
0.
0.
0.552662
0.
0.
0.
0.785583
0.
0.
0.
0.748106
0.
0.
0.
0.545754
0.
0.
0.
0.481423
0.
0.
0.
0.282455
0.
0.
0.
0.534487
0.
0.
0.
0.0726005
0.
0.
0.
1.02828
0.
0.
0.
0.913227
0.
0.
0.
0.72369
0.
0.
0.
-0.0258441
1.
0.
0.
0.793271
0.391769
-0.00546345
-0.00077686
-0.0833272
0.39273
0.
0.00165363
-0.318262
0.28803
0.
0.0025939
-0.435619
0.378712
0.
0.00206859
0.519214
0.409513
0.
-0.000717926
-0.296962
0.287302
0.
0.00321259
-0.424261
0.358777
0.
-0.00706846
0.568225
0.390905
0.000868252
0.
0.576978
0.40116
0.0144956
0.
-0.315222
0.278174
0.0165474
0.
-0.430784
0.356049
0.000828754
0.
0.606768
0.417518
0.00547343
0.
-0.289389
0.281375
0.00650419
0.
-0.437855
0.227485
-0.00384673
-0.0160014
-0.245411
0.238906
-0.00337853
0.00485898
-0.394457
0.262113
-0.0202678
-0.00352582
0.101887
0.448486
0.00190617
-0.0439161
0.784532
0.392589
0.00131358
-0.0444519
0.626975
0.176734
0.0290925
0.00545904
0.234513
0.327764
0.005034
0.0299264
0.661876
0.19577
0.000812984
-0.014287
-0.0759161
0.239347
0.000243667
0.000334631
0.159089
0.241112
-0.00517884
0.00752951
-0.290466
0.231536
-0.0210072
0.00841339
0.151537
0.310452
0.000904266
0.0433934
0.581306
0.253409
0.00928049
-0.00370014
0.239456
0.1017
-0.0328887
0.00542516
0.395734
0.311934
-0.013434
0.0380189
0.652077
