Vec Object: 1 MPI process
  type: seq
0.
0.
0.
-0.0833152
0.
0.
0.
0.0191923
0.168494
-0.167648
0.
-0.0532093
0.175086
-0.179488
0.
-0.0551653
0.189493
0.206826
0.
-0.0462838
0.181987
0.16392
0.
-0.0450373
0.389388
0.00847358
0.
-7.89466e-05
0.376228
0.0078216
0.
0.00918831
0.391872
-0.0216342
0.
0.00929671
0.398726
-0.0164541
0.
0.00420661
0.
0.
0.
-0.019681
0.
0.
0.
-0.0578406
0.322538
-0.0576733
0.
-0.0125628
0.31722
0.0897294
0.
0.00316059
0.327574
-0.0506583
0.
-0.0145258
0.321468
0.110489
0.
0.0164548
0.35445
0.0751177
0.
-0.00445295
0.321847
-0.102206
0.
0.0129595
0.321866
0.0367225
0.
-0.0113775
0.320231
-0.0621903
0.
-0.00286402
0.
0.
0.
-0.111969
0.
0.
0.
0.0213922
0.
0.
0.
-0.0133007
0.
0.
0.
0.149481
0.
0.
0.
-0.0416097
0.
0.
0.
-0.142346
0.
0.
0.
-0.230971
0.
0.
0.
-0.00703993
0.
0.
0.
-0.0605973
0.
0.
0.
-0.0377826
0.
0.
0.
-0.151106
0.
0.
0.
0.0356324
0.
0.
0.
-0.0957136
0.
0.
0.
0.0105312
0.
0.
0.
0.0754895
0.
0.
0.
-0.0272858
0.
0.
0.
-0.01279
0.
0.
0.
0.0111681
1.
0.
0.
0.0353148
0.392118
-0.00798881
6.21713e-05
-0.00152068
0.381987
0.
-0.00451485
-0.00539027
0.266171
0.
-0.00410951
-0.00808125
0.279188
0.
0.0234777
0.0369604
0.376773
0.
0.00559455
-0.00988188
0.266919
0.
0.0164825
-0.00374502
0.294059
0.
-0.00439503
0.0389597
0.275502
0.0236878
0.
0.0365834
0.383457
0.0174235
0.
-0.0030344
0.252879
0.0176362
0.
-0.0119157
0.256764
0.00681614
0.
0.0358009
0.382568
0.0164348
0.
-0.00356937
0.261344
0.0184146
0.
-0.00847622
0.251528
0.0259399
-0.0545147
-0.0010436
0.248926
-0.0245243
0.0222372
-0.00650514
0.371801
-0.021357
-0.0907942
-0.00164305
0.433065
-0.166987
-0.169811
0.0933312
0.360995
0.157963
-0.176599
0.0578362
0.336173
-0.052736
0.0237501
0.0163605
0.368298
0.133768
0.117453
0.0675216
0.294238
-0.0160488
-0.0308836
-0.00727655
0.41179
0.00212291
-0.0574319
0.00106798
0.254721
0.0196898
0.0332039
0.0127382
0.399439
0.019831
0.063047
0.00102651
0.327904
-0.136011
0.152522
0.0723412
0.422665
-0.0110749
-0.00127236
0.00907675
0.314353
0.048464
0.086497
-0.0811452
0.35617
0.0474545
0.153901
0.0591541
