Vec Object: 1 MPI process
  type: seq
0.
0.
0.
-0.107414
0.
0.
0.
0.169072
0.148179
-0.168466
0.
-0.128388
0.163699
-0.177684
0.
-0.10714
0.196832
0.196262
0.
-0.0675122
0.163467
0.172323
0.
-0.134292
0.380059
0.0177023
0.
0.0349276
0.371417
0.0147545
0.
0.020194
0.385558
-0.0200474
0.
0.019789
0.386691
-0.0278057
0.
0.0436629
0.
0.
0.
-0.0614228
0.
0.
0.
-0.159834
0.287623
-0.0503138
0.
-0.0184535
0.324467
0.0797335
0.
-0.0169848
0.294168
-0.0473124
0.
0.0057886
0.327102
0.113511
0.
0.00213289
0.318509
0.059203
0.
0.0186729
0.326081
-0.099165
0.
-0.00502733
0.288638
0.0477976
0.
-0.0334777
0.323024
-0.0583053
0.
-0.0263508
0.
0.
0.
-0.0653493
0.
0.
0.
-0.0762424
0.
0.
0.
0.148346
0.
0.
0.
0.0298549
0.
0.
0.
-0.130895
0.
0.
0.
-0.0544078
0.
0.
0.
0.0240215
0.
0.
0.
0.268042
0.
0.
0.
0.236068
0.
0.
0.
0.149076
0.
0.
0.
-0.00191596
0.
0.
0.
0.079453
0.
0.
0.
0.108653
0.
0.
0.
-0.00922452
0.
0.
0.
0.414561
0.
0.
0.
0.322646
0.
0.
0.
0.193175
0.
0.
0.
-0.0106538
1.
0.
0.
0.0590619
0.403102
-0.00857695
-0.00152602
0.0197531
0.375965
0.
-0.000763925
-0.00573466
0.281138
0.
0.00105879
-0.0493302
0.36437
0.
0.00872801
0.0927528
0.382952
0.
0.000962908
-0.0132659
0.283257
0.
0.00674772
-0.0571316
0.361085
0.
-0.00842839
0.124708
0.375802
0.0074778
0.
0.136201
0.379999
0.0209873
0.
-0.00361915
0.269627
0.0253383
0.
-0.0552836
0.347265
-0.00395167
0.
0.130894
0.386664
0.00838553
0.
-0.00510823
0.275497
0.00881261
0.
-0.0645446
0.240103
0.00541363
-0.0379278
-0.0479867
0.247027
-0.0146937
0.0160432
-0.0835325
0.324115
-0.0353268
-0.021836
0.0451547
0.434446
-0.0608277
-0.0953945
0.223228
0.376312
0.0585112
-0.0947043
0.173676
0.27674
0.0347927
0.0212619
0.0905324
0.348386
0.061307
0.0538329
0.209557
0.233667
-0.00201173
-0.0235269
-0.0147299
0.333903
-0.000290604
-0.0149437
0.0503598
0.255132
0.00326093
0.021115
-0.0526995
0.299958
-0.0196423
0.0152646
0.0633022
0.312259
-0.0524299
0.0911178
0.180066
0.327603
0.00246782
-0.0129418
0.0839977
0.234518
-0.0588373
0.0243238
0.0603592
0.331527
0.00670847
0.091328
0.202988
