Vec Object: 1 MPI process
  type: seq
0.
0.
0.
-0.0823372
0.
0.
0.
0.0191157
0.16872
-0.1677
0.
-0.0523883
0.175216
-0.179573
0.
-0.0545626
0.189537
0.206945
0.
-0.0457587
0.182164
0.163866
0.
-0.0440126
0.38946
0.00845471
0.
-0.000196744
0.376304
0.00773089
0.
0.00929259
0.391995
-0.0216933
0.
0.00931652
0.398833
-0.0163923
0.
0.00401204
0.
0.
0.
-0.0193438
0.
0.
0.
-0.0572886
0.323027
-0.057732
0.
-0.0123873
0.317077
0.0897904
0.
0.0031186
0.328084
-0.0505929
0.
-0.014657
0.321403
0.110279
0.
0.0162663
0.354985
0.075244
0.
-0.0045853
0.321807
-0.102094
0.
0.012809
0.322264
0.0365512
0.
-0.0110739
0.320266
-0.0621375
0.
-0.00294228
0.
0.
0.
-0.1107
0.
0.
0.
0.0223433
0.
0.
0.
-0.0132696
0.
0.
0.
0.150417
0.
0.
0.
-0.0410842
0.
0.
0.
-0.141384
0.
0.
0.
-0.231431
0.
0.
0.
-0.00832172
0.
0.
0.
-0.061932
0.
0.
0.
-0.037966
0.
0.
0.
-0.149625
0.
0.
0.
0.0360953
0.
0.
0.
-0.0957056
0.
0.
0.
0.0111367
0.
0.
0.
0.0726935
0.
0.
0.
-0.0294383
0.
0.
0.
-0.012749
0.
0.
0.
0.0111658
1.
0.
0.
0.0348393
0.391797
-0.007961
9.47926e-05
-0.00141687
0.382151
0.
-0.00455654
-0.00545606
0.265979
0.
-0.00419428
-0.00784281
0.277956
0.
0.0237019
0.0364311
0.376656
0.
0.00562881
-0.00984936
0.266619
0.
0.0166275
-0.00332769
0.292996
0.
-0.00428618
0.0380672
0.273954
0.0238853
0.
0.0356612
0.383598
0.0173666
0.
-0.00309765
0.25271
0.0174068
0.
-0.0116746
0.255283
0.00711672
0.
0.0350715
0.382506
0.0164993
0.
-0.00359173
0.261167
0.0184551
0.
-0.00809723
0.251716
0.0261302
-0.0543824
-0.000833025
0.248926
-0.0243699
0.0220846
-0.00593858
0.371897
-0.0212322
-0.0919071
-0.00205196
0.433585
-0.168145
-0.17078
0.0920427
0.361541
0.159073
-0.177654
0.0568297
0.335458
-0.0540531
0.0235103
0.0157706
0.368783
0.134263
0.11838
0.0663756
0.295128
-0.0160331
-0.030947
-0.00733216
0.411944
0.00213026
-0.0577819
0.000674775
0.254507
0.0194113
0.0332397
0.0132933
0.400805
0.0205257
0.0640224
0.000631163
0.328728
-0.13694
0.153157
0.0714779
0.423547
-0.0111365
-0.001015
0.00857997
0.313681
0.0506654
0.0870942
-0.0809969
0.356945
0.0478324
0.154289
0.0581393
