Vec Object: 1 MPI process
  type: seq
0.
0.
0.
-0.0981771
0.
0.
0.
0.0244803
0.165345
-0.167223
0.
-0.0651718
0.17348
-0.178539
0.
-0.0633258
0.189363
0.205221
0.
-0.0531982
0.179282
0.164967
0.
-0.0601007
0.388402
0.00898418
0.
0.00183791
0.375525
0.00877474
0.
0.00744229
0.390562
-0.020834
0.
0.00846623
0.397245
-0.0175085
0.
0.0072055
0.
0.
0.
-0.0261
0.
0.
0.
-0.0692104
0.31604
-0.0569417
0.
-0.015071
0.318963
0.0889345
0.
0.00365571
0.320931
-0.0511867
0.
-0.0120261
0.322427
0.113113
0.
0.0189047
0.347408
0.0730722
0.
-0.00175805
0.322479
-0.103552
0.
0.0148067
0.316381
0.0391617
0.
-0.0160433
0.320131
-0.0627449
0.
-0.00197905
0.
0.
0.
-0.127213
0.
0.
0.
0.00482425
0.
0.
0.
-0.00888985
0.
0.
0.
0.130149
0.
0.
0.
-0.0532645
0.
0.
0.
-0.152326
0.
0.
0.
-0.21777
0.
0.
0.
0.0167159
0.
0.
0.
-0.0352795
0.
0.
0.
-0.0298357
0.
0.
0.
-0.164277
0.
0.
0.
0.0303636
0.
0.
0.
-0.0892093
0.
0.
0.
0.00205653
0.
0.
0.
0.118914
0.
0.
0.
0.00935244
0.
0.
0.
-0.00715104
0.
0.
0.
0.00943939
1.
0.
0.
0.041245
0.395926
-0.00825934
-0.0003166
-0.00287869
0.379843
0.
-0.003895
-0.00433501
0.268939
0.
-0.00300265
-0.0116352
0.295388
0.
0.0204647
0.0445547
0.377955
0.
0.00500155
-0.0100754
0.270779
0.
0.0145508
-0.00989865
0.307936
0.
-0.0056242
0.051965
0.295752
0.0208137
0.
0.0506228
0.381661
0.0182651
0.
-0.00201268
0.255604
0.0202992
0.
-0.0156762
0.27571
0.003228
0.
0.0470928
0.383074
0.0153641
0.
-0.00313188
0.26386
0.0174142
0.
-0.0142659
0.249025
0.0231559
-0.0551401
-0.00528712
0.248764
-0.025391
0.0235327
-0.0156029
0.368706
-0.0234693
-0.0756235
0.00446249
0.427505
-0.149868
-0.156679
0.112304
0.356386
0.141759
-0.161902
0.0733747
0.340846
-0.0331684
0.0264562
0.0254419
0.362269
0.1255
0.104456
0.0852619
0.282293
-0.0158397
-0.0300133
-0.0072117
0.406975
0.00196115
-0.0512026
0.00689392
0.256864
0.0216781
0.0324673
0.0038289
0.381152
0.0105883
0.0505909
0.00732341
0.318802
-0.122561
0.143334
0.0855401
0.408989
-0.0096125
-0.00489795
0.0172026
0.318546
0.017789
0.0762776
-0.0791083
0.347322
0.041426
0.146995
0.075348
