Vec Object: 1 MPI process
  type: seq
0.
0.
0.
-0.0876035
0.
0.
0.
0.236483
0.145704
-0.166334
0.
-0.1254
0.161976
-0.175859
0.
-0.103027
0.203944
0.189686
0.
-0.0417542
0.161318
0.172155
0.
-0.13435
0.372123
0.0257408
0.
0.079253
0.36573
0.0215087
0.
0.0557572
0.378383
-0.0256124
0.
0.0629629
0.378494
-0.0357979
0.
0.0870417
0.
0.
0.
-0.0796902
0.
0.
0.
-0.197829
0.279062
-0.0507659
0.
-0.0407136
0.326039
0.0717665
0.
-0.0481139
0.286339
-0.049276
0.
-0.014686
0.328875
0.105385
0.
-0.0319067
0.310236
0.0586018
0.
0.000649117
0.327532
-0.0899597
0.
-0.0394364
0.279286
0.0516607
0.
-0.0528427
0.32391
-0.0523203
0.
-0.0612841
0.
0.
0.
-0.00807919
0.
0.
0.
-0.0966941
0.
0.
0.
0.22421
0.
0.
0.
0.013674
0.
0.
0.
-0.155189
0.
0.
0.
0.0144263
0.
0.
0.
0.138677
0.
0.
0.
0.372136
0.
0.
0.
0.346619
0.
0.
0.
0.230838
0.
0.
0.
0.102533
0.
0.
0.
0.108981
0.
0.
0.
0.201492
0.
0.
0.
-0.0111811
0.
0.
0.
0.522897
0.
0.
0.
0.444403
0.
0.
0.
0.29408
0.
0.
0.
-0.0288725
1.
0.
0.
0.0875533
0.400546
-0.0082198
-0.00161473
0.0683844
0.379134
0.
0.000106731
-0.00990198
0.283836
0.
0.0018526
-0.091806
0.381744
0.
0.0060458
0.113345
0.388843
0.
-4.55886e-05
-0.0123621
0.28529
0.
0.00506594
-0.100467
0.371909
0.
-0.00834696
0.153018
0.394315
0.00413761
0.
0.166024
0.384442
0.0203536
0.
-0.00775544
0.273028
0.0243317
0.
-0.0974751
0.363088
-0.00337586
0.
0.169436
0.393423
0.00660093
0.
-0.00381983
0.278111
0.00680539
0.
-0.109033
0.236877
0.000211712
-0.0297637
-0.0857533
0.24538
-0.0103041
0.0118132
-0.132002
0.304448
-0.0352908
-0.0129026
0.0437568
0.443046
-0.0349169
-0.0765274
0.268017
0.387359
0.0341572
-0.0757312
0.210292
0.243257
0.0398177
0.0157573
0.104538
0.346331
0.0383871
0.0434943
0.257899
0.220247
0.00286023
-0.0205978
-0.0348645
0.302139
-0.000967759
-0.00750303
0.0573292
0.251576
-0.00436885
0.0161778
-0.0949051
0.275761
-0.0235095
0.011113
0.0722516
0.31592
-0.0309951
0.0736598
0.216185
0.301748
0.0055743
-0.0109233
0.0972473
0.189589
-0.0560789
0.0146139
0.129106
0.329828
-0.00331156
0.0714704
0.255002
