Vec Object: 1 MPI process
  type: seq
0.
0.
0.
-0.0747316
0.
0.
0.
0.0200716
0.170845
-0.168374
0.
-0.0450859
0.176604
-0.180497
0.
-0.0487573
0.190234
0.208094
0.
-0.0407243
0.18368
0.163585
0.
-0.0351136
0.390142
0.00843362
0.
-0.00115656
0.377252
0.00667712
0.
0.00997641
0.393376
-0.0222684
0.
0.0091634
0.399848
-0.0159324
0.
0.00233655
0.
0.
0.
-0.0172608
0.
0.
0.
-0.0541016
0.327766
-0.058358
0.
-0.0109131
0.315595
0.0904288
0.
0.00276068
0.333097
-0.0497765
0.
-0.0154754
0.320856
0.108171
0.
0.0144922
0.360182
0.0762683
0.
-0.00536346
0.321478
-0.10095
0.
0.011346
0.326021
0.0350135
0.
-0.00859727
0.320847
-0.0615553
0.
-0.00369811
0.
0.
0.
-0.0986762
0.
0.
0.
0.0290561
0.
0.
0.
-0.0110938
0.
0.
0.
0.154814
0.
0.
0.
-0.0388048
0.
0.
0.
-0.131643
0.
0.
0.
-0.232672
0.
0.
0.
-0.0174478
0.
0.
0.
-0.0710997
0.
0.
0.
-0.0374275
0.
0.
0.
-0.133297
0.
0.
0.
0.0403575
0.
0.
0.
-0.0928585
0.
0.
0.
0.016499
0.
0.
0.
0.0492321
0.
0.
0.
-0.0460074
0.
0.
0.
-0.0100281
0.
0.
0.
0.0101928
1.
0.
0.
0.030147
0.388442
-0.00762412
0.000449758
-0.000485591
0.383728
0.
-0.00491818
-0.00593949
0.264284
0.
-0.00503232
-0.00576613
0.265975
0.
0.0258147
0.0316044
0.375252
0.
0.00587709
-0.00934898
0.263684
0.
0.0180318
0.000263258
0.28262
0.
-0.00307119
0.0302138
0.258894
0.0255984
0.
0.0278044
0.384982
0.0168736
0.
-0.00355633
0.251419
0.0149315
0.
-0.00969151
0.240539
0.0102465
0.
0.0288709
0.381679
0.016995
0.
-0.00367243
0.259573
0.0185592
0.
-0.00489385
0.253423
0.0279129
-0.0525712
0.000498982
0.24871
-0.0221695
0.0202499
-0.00139907
0.371816
-0.0202795
-0.102191
-0.00557895
0.439222
-0.178142
-0.179947
0.0806992
0.368296
0.168799
-0.187305
0.0483414
0.32622
-0.0648719
0.0211176
0.0108618
0.373623
0.138143
0.12661
0.056694
0.303504
-0.015826
-0.0315862
-0.00810218
0.41208
0.00216933
-0.0601491
-0.00276138
0.251992
0.0158078
0.0335407
0.0177144
0.413878
0.027048
0.073552
-0.00262024
0.33768
-0.145157
0.158818
0.0640354
0.43084
-0.011323
0.00120766
0.00454643
0.305245
0.0697642
0.0912499
-0.0781307
0.365278
0.0507493
0.157035
0.0497295
