Vec Object: 1 MPI process
  type: seq
0.
0.
0.
-0.0807137
0.
0.
0.
0.268768
0.147303
-0.162796
0.
-0.102159
0.163626
-0.172601
0.
-0.0800715
0.21055
0.183568
0.
-0.00544252
0.163107
0.169584
0.
-0.111888
0.365224
0.0326221
0.
0.119476
0.360552
0.0275306
0.
0.0893016
0.37137
-0.0317074
0.
0.106333
0.371603
-0.0425521
0.
0.126318
0.
0.
0.
-0.10007
0.
0.
0.
-0.228607
0.27435
-0.0545316
0.
-0.073113
0.327077
0.0656225
0.
-0.0774301
0.282019
-0.0544737
0.
-0.0484117
0.330136
0.0982409
0.
-0.0642052
0.305723
0.0617116
0.
-0.0279342
0.328579
-0.0823225
0.
-0.0714688
0.273982
0.0565376
0.
-0.0790757
0.324332
-0.0475695
0.
-0.0931235
0.
0.
0.
0.0210353
0.
0.
0.
-0.115004
0.
0.
0.
0.261608
0.
0.
0.
0.00149295
0.
0.
0.
-0.175967
0.
0.
0.
0.0500763
0.
0.
0.
0.200175
0.
0.
0.
0.427056
0.
0.
0.
0.403773
0.
0.
0.
0.271121
0.
0.
0.
0.159309
0.
0.
0.
0.118598
0.
0.
0.
0.24801
0.
0.
0.
-0.0208323
0.
0.
0.
0.583738
0.
0.
0.
0.509775
0.
0.
0.
0.349185
0.
0.
0.
-0.0511003
1.
0.
0.
0.127397
0.397351
-0.00775726
-0.00151528
0.114278
0.38243
0.
0.000572728
-0.0138877
0.285289
0.
0.00217143
-0.133296
0.388172
0.
0.00477531
0.128287
0.394123
0.
-0.000419763
-0.010647
0.286271
0.
0.00434838
-0.141645
0.37481
0.
-0.0080897
0.173222
0.401009
0.00270072
0.
0.186012
0.388719
0.0195644
0.
-0.0115285
0.274824
0.023146
0.
-0.137813
0.368417
-0.00248133
0.
0.196245
0.399701
0.0059315
0.
-0.00183716
0.279436
0.00618815
0.
-0.150675
0.234918
-0.00184395
-0.0254412
-0.125079
0.24423
-0.00816395
0.00958037
-0.176316
0.292972
-0.0330307
-0.00937669
0.0284491
0.447208
-0.021681
-0.0665988
0.301024
0.392251
0.0217908
-0.0660176
0.234267
0.224221
0.039259
0.0125835
0.102379
0.344216
0.0264236
0.0389075
0.286682
0.21321
0.00387577
-0.0188823
-0.0619529
0.284173
-0.00108485
-0.00453996
0.0511233
0.249302
-0.00669125
0.0135299
-0.137873
0.262784
-0.0241401
0.00983257
0.0639685
0.317214
-0.019704
0.0644506
0.236571
0.287902
0.00695217
-0.00908199
0.0946189
0.164113
-0.0512683
0.0108286
0.160652
0.32793
-0.00833902
0.0610517
0.28545
