Vec Object: 1 MPI process
  type: seq
0.
0.
0.
-0.122332
0.
0.
0.
0.0718511
0.15719
-0.167658
0.
-0.0971568
0.1695
-0.177573
0.
-0.0842293
0.191488
0.201502
0.
-0.066423
0.17171
0.168542
0.
-0.0983871
0.385743
0.0116277
0.
0.00973911
0.374655
0.0104311
0.
0.00539543
0.389029
-0.0191433
0.
0.00573571
0.393385
-0.0211892
0.
0.0175729
0.
0.
0.
-0.0457161
0.
0.
0.
-0.112032
0.301783
-0.0545712
0.
-0.018025
0.322011
0.0863513
0.
0.00147208
0.307195
-0.0502117
0.
-0.00249391
0.324738
0.116755
0.
0.0203353
0.332552
0.0665484
0.
0.00945877
0.324198
-0.104583
0.
0.0146278
0.303147
0.0444346
0.
-0.0264739
0.321342
-0.0625238
0.
-0.00448225
0.
0.
0.
-0.12875
0.
0.
0.
-0.0420472
0.
0.
0.
0.0413904
0.
0.
0.
0.070182
0.
0.
0.
-0.0947591
0.
0.
0.
-0.136964
0.
0.
0.
-0.133999
0.
0.
0.
0.114835
0.
0.
0.
0.0710224
0.
0.
0.
0.0310184
0.
0.
0.
-0.130258
0.
0.
0.
0.0370809
0.
0.
0.
-0.023495
0.
0.
0.
-0.0117631
0.
0.
0.
0.249272
0.
0.
0.
0.139252
0.
0.
0.
0.0573897
0.
0.
0.
-0.000717414
1.
0.
0.
0.0502355
0.401543
-0.00852363
-0.000984364
-0.00242776
0.37618
0.
-0.00231029
-0.0025847
0.27553
0.
-0.000744971
-0.0228092
0.330216
0.
0.0141421
0.0652492
0.379425
0.
0.00308005
-0.0105813
0.27813
0.
0.0103829
-0.0267565
0.336271
0.
-0.00748602
0.0854588
0.337639
0.0139561
0.
0.0902039
0.378921
0.0201953
0.
-0.000326638
0.262933
0.0241755
0.
-0.0277972
0.313525
-0.00207617
0.
0.0818763
0.383391
0.0120447
0.
-0.00285109
0.269996
0.0133311
0.
-0.0318885
0.244428
0.0150647
-0.0496097
-0.0222404
0.248264
-0.0217476
0.0218542
-0.0431601
0.351489
-0.0298963
-0.0444932
0.0225426
0.424993
-0.10607
-0.126658
0.163156
0.360389
0.10086
-0.127962
0.118739
0.321968
0.00919806
0.0272723
0.0531819
0.352735
0.0976004
0.0764104
0.138837
0.257038
-0.0112492
-0.0274144
-0.0101508
0.379055
0.00110247
-0.0322645
0.0246844
0.258057
0.0164601
0.0283027
-0.0214106
0.340593
-0.00733019
0.0285949
0.0296033
0.309856
-0.0885525
0.119151
0.125696
0.37048
-0.00383342
-0.0115087
0.0455517
0.294157
-0.0377624
0.0480131
-0.0373428
0.335755
0.0245591
0.122756
0.128288
