Vec Object: 1 MPI process
  type: seq
0.
0.
0.
-0.115953
0.
0.
0.
0.0458562
0.160771
-0.167296
0.
-0.0831644
0.17135
-0.177776
0.
-0.0749121
0.190271
0.203085
0.
-0.0614959
0.175035
0.166937
0.
-0.0821244
0.386987
0.010277
0.
0.00559313
0.375063
0.00967088
0.
0.00540495
0.389568
-0.0197725
0.
0.0065216
0.395132
-0.0194458
0.
0.0124649
0.
0.
0.
-0.0376495
0.
0.
0.
-0.0927199
0.307641
-0.055803
0.
-0.0176381
0.320861
0.087678
0.
0.00334003
0.312725
-0.0509666
0.
-0.00703116
0.323782
0.115772
0.
0.0209444
0.338554
0.0695246
0.
0.00409768
0.323464
-0.104628
0.
0.0159083
0.308768
0.0424268
0.
-0.0226457
0.320707
-0.0629328
0.
-0.00220066
0.
0.
0.
-0.135395
0.
0.
0.
-0.0228825
0.
0.
0.
0.0133302
0.
0.
0.
0.0947216
0.
0.
0.
-0.0768874
0.
0.
0.
-0.151148
0.
0.
0.
-0.178144
0.
0.
0.
0.0668682
0.
0.
0.
0.0190237
0.
0.
0.
-0.001668
0.
0.
0.
-0.156156
0.
0.
0.
0.030136
0.
0.
0.
-0.0594958
0.
0.
0.
-0.007744
0.
0.
0.
0.19048
0.
0.
0.
0.078103
0.
0.
0.
0.0214814
0.
0.
0.
0.0037659
1.
0.
0.
0.0473095
0.399664
-0.00844
-0.000720415
-0.00368702
0.377423
0.
-0.00297617
-0.00297923
0.272835
0.
-0.00163358
-0.0174249
0.315936
0.
0.0166581
0.0560082
0.378841
0.
0.00394038
-0.0101631
0.275328
0.
0.0120679
-0.0191637
0.324983
0.
-0.00681956
0.0710276
0.32082
0.0167798
0.
0.0727822
0.379758
0.0194515
0.
-0.000693457
0.259863
0.0228788
0.
-0.0219943
0.298467
-0.000312393
0.
0.0659431
0.383218
0.013521
0.
-0.00267203
0.267442
0.0151975
0.
-0.023702
0.246168
0.0186981
-0.0528874
-0.014346
0.24847
-0.0239154
0.0232133
-0.0308079
0.360101
-0.0271207
-0.0565282
0.0141962
0.424403
-0.124653
-0.139192
0.140996
0.356799
0.118187
-0.14198
0.0985357
0.333961
-0.00690424
0.0278809
0.0403638
0.355979
0.110481
0.0874807
0.114532
0.267177
-0.0138674
-0.0286318
-0.00878428
0.393173
0.00154417
-0.0403659
0.016308
0.258075
0.0199574
0.0304661
-0.0105842
0.357332
-0.000532753
0.0366234
0.0187594
0.311872
-0.103038
0.129693
0.107334
0.387283
-0.0064568
-0.0092584
0.0321036
0.309515
-0.0185124
0.0597174
-0.0616182
0.339393
0.0318433
0.133955
0.103681
