Vec Object: 1 MPI process
  type: seq
0.
0.
0.
-0.0759506
0.
0.
0.
0.0196724
0.170427
-0.168215
0.
-0.0464491
0.176307
-0.180296
0.
-0.0499144
0.190054
0.207865
0.
-0.0417196
0.183406
0.163604
0.
-0.0367352
0.390009
0.00841343
0.
-0.00099062
0.37703
0.0069146
0.
0.00989137
0.393073
-0.0221519
0.
0.00924417
0.39965
-0.016004
0.
0.00264229
0.
0.
0.
-0.0175073
0.
0.
0.
-0.0544431
0.326816
-0.0582236
0.
-0.0111707
0.315906
0.0902922
0.
0.00282158
0.332084
-0.0499658
0.
-0.0153777
0.320952
0.108604
0.
0.0148372
0.359139
0.0760914
0.
-0.00527835
0.321535
-0.101186
0.
0.0116366
0.325281
0.035303
0.
-0.0090217
0.320695
-0.0616818
0.
-0.00355048
0.
0.
0.
-0.100989
0.
0.
0.
0.0280789
0.
0.
0.
-0.0117546
0.
0.
0.
0.154634
0.
0.
0.
-0.0388575
0.
0.
0.
-0.133599
0.
0.
0.
-0.232853
0.
0.
0.
-0.0160708
0.
0.
0.
-0.0697813
0.
0.
0.
-0.0378274
0.
0.
0.
-0.136763
0.
0.
0.
0.0395717
0.
0.
0.
-0.093776
0.
0.
0.
0.0155091
0.
0.
0.
0.0533964
0.
0.
0.
-0.043298
0.
0.
0.
-0.0108464
0.
0.
0.
0.0105168
1.
0.
0.
0.0310904
0.389148
-0.00770181
0.000372725
-0.000657896
0.383416
0.
-0.00485206
-0.00586712
0.264598
0.
-0.00486156
-0.00614631
0.268376
0.
0.0254029
0.0325267
0.375573
0.
0.00583974
-0.00947803
0.264274
0.
0.0177504
-0.000383008
0.284705
0.
-0.00333994
0.0316628
0.261911
0.0252876
0.
0.0292177
0.384703
0.0169637
0.
-0.00348907
0.251623
0.0154661
0.
-0.0100349
0.243547
0.009589
0.
0.0299884
0.381878
0.0169148
0.
-0.00367832
0.259875
0.0185809
0.
-0.00546398
0.253107
0.0275587
-0.0530026
0.000326348
0.248791
-0.0227125
0.0206649
-0.00216797
0.371978
-0.0204338
-0.10022
-0.00494084
0.438016
-0.176332
-0.17815
0.0827992
0.366736
0.167012
-0.185465
0.0498559
0.328373
-0.0630274
0.0215951
0.011719
0.37264
0.137495
0.125091
0.0584263
0.301874
-0.015864
-0.0314523
-0.00792624
0.412237
0.00216619
-0.0598279
-0.00213221
0.252562
0.0166545
0.033481
0.0169708
0.411291
0.0257852
0.0716459
-0.00205541
0.335753
-0.143634
0.157761
0.0653935
0.429568
-0.0113474
0.000810362
0.00524493
0.307165
0.0663434
0.0906678
-0.0788694
0.363491
0.0502844
0.156632
0.0512128
