Vec Object: 1 MPI process
  type: seq
0.
0.
0.
0.852251
0.
0.
0.
1.49993
0.292081
-0.0268013
0.
2.69055
0.309509
-0.0310519
0.
2.69736
0.353808
0.049534
0.
2.72548
0.310462
0.0283579
0.
2.66491
0.396314
-0.00777733
0.
-1.72931
0.395095
-0.0138895
0.
-1.74829
0.401115
0.00907184
0.
-1.72561
0.402258
0.000675607
0.
-1.72935
0.
0.
0.
0.506731
0.
0.
0.
0.235194
0.243379
-0.0713154
0.
0.193144
0.329398
-0.00898179
0.
-1.48232
0.25379
-0.0738857
0.
0.205779
0.333186
-0.000637632
0.
-1.51983
0.276953
0.0748405
0.
0.228645
0.331038
0.0171998
0.
-1.51626
0.240876
0.0694128
0.
0.297919
0.330111
0.0124396
0.
-1.51424
0.
0.
0.
1.15159
0.
0.
0.
0.578902
0.
0.
0.
1.53481
0.
0.
0.
0.845324
0.
0.
0.
0.450566
0.
0.
0.
1.22713
0.
0.
0.
1.6376
0.
0.
0.
1.95706
0.
0.
0.
1.85433
0.
0.
0.
1.52606
0.
0.
0.
1.48165
0.
0.
0.
1.09052
0.
0.
0.
1.50926
0.
0.
0.
0.772697
0.
0.
0.
2.45277
0.
0.
0.
2.16587
0.
0.
0.
1.95138
0.
0.
0.
0.535057
1.
0.
0.
3.03981
0.423246
-0.00349249
-0.000403319
-1.73513
0.386711
0.
0.00186663
-1.66046
0.283008
0.
0.00272405
-1.12735
0.322173
0.
0.000916664
2.11346
0.398929
0.
-0.000655106
-1.65604
0.280336
0.
0.00329529
-1.03972
0.304058
0.
-0.00645007
2.10558
0.332258
0.000643028
0.
2.10525
0.390933
0.00386314
0.
-1.66043
0.273717
0.004823
0.
-1.11045
0.297988
0.000557239
0.
2.14619
0.401013
0.00581627
0.
-1.65716
0.275345
0.00730244
0.
-1.06984
0.213587
-0.00594998
-0.0110919
-0.0824463
0.226902
0.00150405
0.00297762
-0.665821
0.243259
-0.0189514
-0.0010077
0.852875
0.432076
-0.0114807
-0.0326074
2.53194
0.371063
0.0185288
-0.0341056
2.1218
0.15235
0.019837
0.00371169
1.04308
0.295729
0.0159725
0.0249814
2.07317
0.182462
0.0071308
-0.0107352
0.415795
0.217092
0.00299533
0.00347783
0.905348
0.226527
-0.0103112
0.00482897
-0.221621
0.216392
-0.0186679
0.00787761
0.877855
0.286968
-0.0134902
0.0326259
1.96821
0.231726
0.00914167
-0.00247705
1.10321
0.0702874
-0.0142536
0.00494877
1.317
0.279847
0.00913149
0.0281683
2.01899
