Vec Object: 1 MPI process
  type: seq
0.
0.
0.
-0.107757
0.
0.
0.
0.0327701
0.163169
-0.167183
0.
-0.0737106
0.172478
-0.178096
0.
-0.0688255
0.189677
0.20418
0.
-0.0574196
0.177276
0.165876
0.
-0.0707095
0.387737
0.00953545
0.
0.00346048
0.375276
0.00922582
0.
0.00627831
0.390002
-0.0203069
0.
0.00753657
0.396243
-0.0183862
0.
0.00956708
0.
0.
0.
-0.031573
0.
0.
0.
-0.0798651
0.311898
-0.0564425
0.
-0.0165487
0.319942
0.0883764
0.
0.00372629
0.316836
-0.0512033
0.
-0.00979148
0.323089
0.114562
0.
0.0201868
0.343004
0.0714395
0.
0.000819486
0.32295
-0.104207
0.
0.0156374
0.312696
0.0407924
0.
-0.019344
0.320345
-0.0629283
0.
-0.00178375
0.
0.
0.
-0.133472
0.
0.
0.
-0.00843705
0.
0.
0.
-0.000489445
0.
0.
0.
0.113312
0.
0.
0.
-0.0641841
0.
0.
0.
-0.154253
0.
0.
0.
-0.201631
0.
0.
0.
0.0386697
0.
0.
0.
-0.0115503
0.
0.
0.
-0.0186469
0.
0.
0.
-0.16433
0.
0.
0.
0.0289737
0.
0.
0.
-0.0777488
0.
0.
0.
-0.00317311
0.
0.
0.
0.152193
0.
0.
0.
0.040341
0.
0.
0.
0.00367946
0.
0.
0.
0.00694228
1.
0.
0.
0.0444997
0.397927
-0.00836285
-0.00052219
-0.00351579
0.378578
0.
-0.00345222
-0.00361019
0.270843
0.
-0.00231667
-0.0142866
0.305555
0.
0.0185636
0.0499573
0.37844
0.
0.00451141
-0.0100898
0.273092
0.
0.0133212
-0.0142857
0.316474
0.
-0.00625405
0.0611086
0.308269
0.0188413
0.
0.0610668
0.380642
0.0188516
0.
-0.00130699
0.257649
0.0216794
0.
-0.0185691
0.287138
0.00133112
0.
0.055801
0.383175
0.0145071
0.
-0.00284086
0.265596
0.0164169
0.
-0.0186339
0.24755
0.0210802
-0.0544326
-0.00932674
0.248612
-0.0249605
0.0236408
-0.0226945
0.365064
-0.0251801
-0.0660122
0.00897736
0.425386
-0.137734
-0.148124
0.125943
0.355798
0.130395
-0.15214
0.0851504
0.339147
-0.0199753
0.027494
0.032337
0.358934
0.118658
0.0959859
0.0988495
0.274758
-0.0151338
-0.0293805
-0.00782336
0.401195
0.00178739
-0.0460977
0.0112215
0.257653
0.0213756
0.0316453
-0.00300707
0.369429
0.00493008
0.0433583
0.0124312
0.314745
-0.113164
0.136838
0.0956211
0.39873
-0.0081859
-0.00716733
0.0239113
0.316134
-0.0011217
0.0683226
-0.0728753
0.34297
0.0368769
0.141072
0.088287
