Vec Object: 1 MPI process
  type: seq
0.
0.
0.
-0.10571
0.
0.
0.
0.030552
0.163667
-0.167178
0.
-0.0717468
0.172706
-0.178184
0.
-0.0675672
0.189583
0.204414
0.
-0.0564959
0.17774
0.165661
0.
-0.0682922
0.387889
0.00939802
0.
0.00306519
0.375325
0.0091299
0.
0.00652236
0.390112
-0.0204251
0.
0.00775875
0.396472
-0.0181772
0.
0.00900494
0.
0.
0.
-0.0302933
0.
0.
0.
-0.0773001
0.312822
-0.0565615
0.
-0.0162452
0.319731
0.0885087
0.
0.00373992
0.317741
-0.0512207
0.
-0.0103295
0.322939
0.114258
0.
0.0199359
0.34398
0.0718245
0.
0.000189587
0.322842
-0.104079
0.
0.01549
0.313531
0.0404286
0.
-0.0186039
0.320283
-0.062901
0.
-0.0017867
0.
0.
0.
-0.132408
0.
0.
0.
-0.00536841
0.
0.
0.
-0.00278254
0.
0.
0.
0.117243
0.
0.
0.
-0.0615831
0.
0.
0.
-0.15421
0.
0.
0.
-0.205794
0.
0.
0.
0.0333003
0.
0.
0.
-0.0173644
0.
0.
0.
-0.0215908
0.
0.
0.
-0.164973
0.
0.
0.
0.0290929
0.
0.
0.
-0.0808367
0.
0.
0.
-0.00205357
0.
0.
0.
0.144412
0.
0.
0.
0.0329222
0.
0.
0.
0.000721234
0.
0.
0.
0.00756749
1.
0.
0.
0.0438152
0.397507
-0.00834284
-0.000477758
-0.00340367
0.37885
0.
-0.00355329
-0.00376742
0.270413
0.
-0.00246822
-0.013665
0.303293
0.
0.0189846
0.0487114
0.378344
0.
0.0046271
-0.0100861
0.272587
0.
0.0135951
-0.0132778
0.314591
0.
-0.00612111
0.059021
0.305502
0.0192862
0.
0.0586476
0.380858
0.0187196
0.
-0.00146018
0.25718
0.0213902
0.
-0.0178892
0.284625
0.00172881
0.
0.0537573
0.383161
0.0147082
0.
-0.002899
0.265202
0.0166584
0.
-0.0176132
0.247868
0.0215648
-0.0546619
-0.00834471
0.248645
-0.0251122
0.0236634
-0.0210373
0.365983
-0.0247794
-0.068133
0.00792504
0.42576
-0.140503
-0.150045
0.122807
0.355787
0.132983
-0.154333
0.0824086
0.339827
-0.0229048
0.0273172
0.0307231
0.35964
0.120285
0.0978674
0.0956705
0.276427
-0.0153357
-0.0295293
-0.00765066
0.402664
0.00183142
-0.0472896
0.0102079
0.257511
0.0215405
0.0318562
-0.00142409
0.37205
0.00616713
0.0449169
0.0112082
0.315539
-0.115306
0.138328
0.0932583
0.401105
-0.00853003
-0.00667578
0.0223074
0.317024
0.00296238
0.0701528
-0.0746508
0.343863
0.0379272
0.142486
0.0852235
