Vec Object: 1 MPI process
  type: seq
0.
0.
0.
-0.075113
0.
0.
0.
0.0199316
0.170708
-0.16832
0.
-0.045527
0.176506
-0.18043
0.
-0.0491361
0.190173
0.208019
0.
-0.0410495
0.183592
0.163589
0.
-0.0356357
0.390098
0.00842561
0.
-0.00110362
0.377177
0.00675645
0.
0.00995158
0.393275
-0.0222301
0.
0.00919259
0.399783
-0.0159548
0.
0.00243516
0.
0.
0.
-0.0173325
0.
0.
0.
-0.0541985
0.327454
-0.0583134
0.
-0.0109953
0.315697
0.0903834
0.
0.00277986
0.332765
-0.0498399
0.
-0.015447
0.320886
0.108313
0.
0.0146046
0.35984
0.0762118
0.
-0.00533925
0.321496
-0.101027
0.
0.011441
0.325779
0.0351074
0.
-0.00873228
0.320795
-0.0615973
0.
-0.00365009
0.
0.
0.
-0.0994263
0.
0.
0.
0.0287558
0.
0.
0.
-0.01132
0.
0.
0.
0.154794
0.
0.
0.
-0.0388006
0.
0.
0.
-0.132281
0.
0.
0.
-0.232753
0.
0.
0.
-0.0170196
0.
0.
0.
-0.0706942
0.
0.
0.
-0.037572
0.
0.
0.
-0.134439
0.
0.
0.
0.0401055
0.
0.
0.
-0.0931751
0.
0.
0.
0.0161797
0.
0.
0.
0.0505673
0.
0.
0.
-0.0451518
0.
0.
0.
-0.0103076
0.
0.
0.
0.0103054
1.
0.
0.
0.0304559
0.388675
-0.00765016
0.000424171
-0.000541123
0.383626
0.
-0.00489686
-0.00591721
0.264386
0.
-0.00497616
-0.00588867
0.266762
0.
0.0256805
0.0319043
0.37536
0.
0.00586553
-0.00939295
0.263877
0.
0.0179396
5.58385e-05
0.283303
0.
-0.0031608
0.0306815
0.259882
0.0254984
0.
0.0282587
0.384891
0.0169027
0.
-0.00353574
0.251483
0.0151089
0.
-0.00980098
0.241528
0.0100294
0.
0.0292305
0.381746
0.0169698
0.
-0.00367568
0.259671
0.0185687
0.
-0.00507661
0.253322
0.0277966
-0.0527158
0.000446987
0.248739
-0.0223531
0.0203883
-0.00164333
0.371877
-0.0203281
-0.101551
-0.00537386
0.438823
-0.17756
-0.179361
0.0813778
0.367773
0.168223
-0.186708
0.0488276
0.32694
-0.0642871
0.0212733
0.0111353
0.3733
0.137937
0.12612
0.0572505
0.302973
-0.0158376
-0.0315419
-0.00804407
0.41214
0.00216857
-0.0600523
-0.00255871
0.252182
0.0160918
0.0335208
0.0174786
0.413033
0.0266373
0.0729282
-0.00244001
0.337042
-0.144665
0.158476
0.0644734
0.430434
-0.0113345
0.00108054
0.00476962
0.305884
0.0686696
0.0910733
-0.0783794
0.364686
0.0506041
0.156911
0.0502051
