Vec Object: 1 MPI process
  type: seq
0.
0.
0.
-0.118785
0.
0.
0.
0.0534034
0.159625
-0.167392
0.
-0.0876705
0.170784
-0.177679
0.
-0.0778602
0.190623
0.202575
0.
-0.063229
0.173966
0.167451
0.
-0.0874358
0.386611
0.0106767
0.
0.0067738
0.374953
0.00989281
0.
0.00520909
0.389394
-0.0195439
0.
0.00613384
0.394589
-0.019982
0.
0.0139813
0.
0.
0.
-0.0404013
0.
0.
0.
-0.098967
0.305708
-0.0554477
0.
-0.0179221
0.321254
0.0872967
0.
0.00293197
0.310885
-0.0507729
0.
-0.00562453
0.324098
0.116197
0.
0.0210008
0.336558
0.0685823
0.
0.0057748
0.323704
-0.104706
0.
0.0157418
0.306939
0.0431294
0.
-0.0240284
0.320904
-0.0628581
0.
-0.00269187
0.
0.
0.
-0.134467
0.
0.
0.
-0.0294029
0.
0.
0.
0.021424
0.
0.
0.
0.086336
0.
0.
0.
-0.0828399
0.
0.
0.
-0.147794
0.
0.
0.
-0.165092
0.
0.
0.
0.0815456
0.
0.
0.
0.0349429
0.
0.
0.
0.00792794
0.
0.
0.
-0.14951
0.
0.
0.
0.0317011
0.
0.
0.
-0.0489987
0.
0.
0.
-0.00940588
0.
0.
0.
0.209138
0.
0.
0.
0.0971484
0.
0.
0.
0.0318731
0.
0.
0.
0.00225536
1.
0.
0.
0.0483925
0.40035
-0.00846962
-0.00080835
-0.00350996
0.376962
0.
-0.00275662
-0.00277203
0.273737
0.
-0.00133287
-0.0190367
0.320645
0.
0.015813
0.0589358
0.379018
0.
0.00366391
-0.0102497
0.27629
0.
0.0115053
-0.0215332
0.328762
0.
-0.00705357
0.0756912
0.326426
0.0158434
0.
0.0783833
0.379426
0.0197118
0.
-0.000494309
0.260881
0.0233527
0.
-0.0237423
0.303499
-0.000958041
0.
0.0709465
0.383247
0.013046
0.
-0.00266942
0.268289
0.0145988
0.
-0.0262277
0.245578
0.0175402
-0.051941
-0.0168477
0.248407
-0.0232798
0.022856
-0.0347347
0.357473
-0.0280341
-0.0524098
0.0167922
0.424353
-0.118574
-0.135086
0.148137
0.357724
0.112519
-0.137351
0.104994
0.330575
-0.00130282
0.0278235
0.0443565
0.354802
0.106422
0.0837337
0.12221
0.263794
-0.0131116
-0.0282547
-0.00925681
0.388884
0.00141167
-0.0376904
0.0188799
0.258145
0.0189852
0.0298188
-0.0141274
0.351818
-0.00287402
0.0338121
0.0220495
0.31097
-0.0983161
0.126301
0.113107
0.381849
-0.00561245
-0.0100916
0.0362671
0.305203
-0.0255135
0.0557985
-0.0547552
0.338038
0.0294734
0.130422
0.111367
