Vec Object: 1 MPI process
  type: seq
0.
0.
0.
-0.0741559
0.
0.
0.
0.0203138
0.171064
-0.168463
0.
-0.0443883
0.176764
-0.180607
0.
-0.0481491
0.190336
0.208214
0.
-0.0402036
0.183819
0.163582
0.
-0.0342935
0.390211
0.00844936
0.
-0.00123876
0.377375
0.00654651
0.
0.0100101
0.39354
-0.0223303
0.
0.00911098
0.399951
-0.0158989
0.
0.00218123
0.
0.
0.
-0.0171639
0.
0.
0.
-0.0539753
0.328267
-0.0584307
0.
-0.0107857
0.315427
0.0905029
0.
0.00273156
0.333632
-0.0496718
0.
-0.0155138
0.320808
0.107941
0.
0.0143129
0.360732
0.0763562
0.
-0.00539505
0.32145
-0.100824
0.
0.0111941
0.326409
0.0348647
0.
-0.0083886
0.320935
-0.0614868
0.
-0.00377445
0.
0.
0.
-0.0974881
0.
0.
0.
0.0294986
0.
0.
0.
-0.0107124
0.
0.
0.
0.154766
0.
0.
0.
-0.0388545
0.
0.
0.
-0.130623
0.
0.
0.
-0.2325
0.
0.
0.
-0.0180907
0.
0.
0.
-0.0716987
0.
0.
0.
-0.0371694
0.
0.
0.
-0.131454
0.
0.
0.
0.0407501
0.
0.
0.
-0.0923194
0.
0.
0.
0.0170017
0.
0.
0.
0.0471458
0.
0.
0.
-0.0473175
0.
0.
0.
-0.00955787
0.
0.
0.
0.00999934
1.
0.
0.
0.0296514
0.388064
-0.00758106
0.000491594
-0.00039831
0.38389
0.
-0.00495174
-0.00597234
0.264124
0.
-0.00512303
-0.00557336
0.26471
0.
0.0260289
0.0311274
0.375074
0.
0.00589428
-0.00927486
0.263374
0.
0.0181803
0.000587549
0.28152
0.
-0.00292394
0.0294769
0.257305
0.025755
0.
0.0270921
0.385129
0.0168278
0.
-0.00358641
0.251324
0.0146414
0.
-0.00952178
0.238944
0.0105989
0.
0.0283063
0.381567
0.0170334
0.
-0.00366448
0.259418
0.0185392
0.
-0.00460844
0.253582
0.0281007
-0.0523324
0.000573679
0.248658
-0.0218632
0.0200228
-0.00102211
0.371702
-0.0202052
-0.103208
-0.00590026
0.43987
-0.179054
-0.180885
0.079628
0.369157
0.169705
-0.188254
0.0475803
0.325034
-0.0657707
0.0208691
0.0104373
0.374143
0.138459
0.12738
0.0558222
0.304351
-0.0158097
-0.0316585
-0.00819595
0.411964
0.00217001
-0.0602873
-0.00307977
0.251678
0.0153387
0.0335737
0.0180777
0.415233
0.0277015
0.0745524
-0.00289997
0.338721
-0.145933
0.159358
0.0633458
0.43147
-0.0112974
0.00140543
0.00419906
0.3042
0.0714669
0.0915045
-0.0777186
0.366243
0.0509677
0.157218
0.0489863
