Vec Object: 1 MPI process
  type: seq
0.
0.
0.
-0.0746012
0.
0.
0.
0.020123
0.170893
-0.168393
0.
-0.0449314
0.176639
-0.180521
0.
-0.0486236
0.190256
0.20812
0.
-0.0406097
0.183711
0.163584
0.
-0.0349314
0.390157
0.00843677
0.
-0.00117493
0.377279
0.00664876
0.
0.00998447
0.393412
-0.022282
0.
0.00915247
0.399871
-0.0159248
0.
0.0023021
0.
0.
0.
-0.0172376
0.
0.
0.
-0.0540708
0.327876
-0.0583739
0.
-0.0108846
0.315558
0.0904449
0.
0.0027541
0.333215
-0.0497538
0.
-0.0154846
0.320845
0.108121
0.
0.0144527
0.360303
0.0762879
0.
-0.00537117
0.321472
-0.100922
0.
0.0113126
0.326106
0.0349806
0.
-0.00855054
0.320866
-0.0615404
0.
-0.00371497
0.
0.
0.
-0.0984132
0.
0.
0.
0.0291575
0.
0.
0.
-0.0110118
0.
0.
0.
0.154811
0.
0.
0.
-0.0388112
0.
0.
0.
-0.131418
0.
0.
0.
-0.232639
0.
0.
0.
-0.0175938
0.
0.
0.
-0.0712368
0.
0.
0.
-0.0373734
0.
0.
0.
-0.132893
0.
0.
0.
0.0404451
0.
0.
0.
-0.0927432
0.
0.
0.
0.0166106
0.
0.
0.
0.0487675
0.
0.
0.
-0.046302
0.
0.
0.
-0.00992692
0.
0.
0.
0.0101516
1.
0.
0.
0.030038
0.388359
-0.00761479
0.000458874
-0.000466205
0.383763
0.
-0.00492563
-0.00594702
0.264249
0.
-0.0050522
-0.00572333
0.265697
0.
0.025862
0.0314991
0.375213
0.
0.00588101
-0.00933307
0.263616
0.
0.0180645
0.00033547
0.282378
0.
-0.00303919
0.0300504
0.258544
0.0256332
0.
0.027646
0.385014
0.0168635
0.
-0.00356325
0.251398
0.0148682
0.
-0.00965356
0.240189
0.0103236
0.
0.0287455
0.381655
0.0170037
0.
-0.00367098
0.259539
0.0185553
0.
-0.00483026
0.253459
0.0279541
-0.0525194
0.000516316
0.248699
-0.0221034
0.0202005
-0.00131461
0.371793
-0.0202628
-0.102416
-0.00565043
0.439363
-0.178344
-0.180154
0.0804618
0.368483
0.169
-0.187515
0.048172
0.325962
-0.0650738
0.0210628
0.0107669
0.373737
0.138213
0.126781
0.0565001
0.303691
-0.0158222
-0.031602
-0.00812275
0.412056
0.00216954
-0.0601813
-0.00283211
0.251924
0.0157061
0.0335479
0.0177959
0.414177
0.0271923
0.0737721
-0.00268275
0.337907
-0.145329
0.158938
0.0638824
0.43098
-0.0113181
0.00125181
0.00446892
0.305017
0.0701443
0.0913089
-0.0780414
0.365489
0.0507989
0.157077
0.049564
