Vec Object: 1 MPI process
  type: seq
0.
0.
0.
-0.100369
0.
0.
0.
0.0259587
0.164875
-0.167201
0.
-0.0670063
0.173262
-0.17843
0.
-0.0645168
0.189408
0.204991
0.
-0.054151
0.178854
0.165156
0.
-0.0623995
0.388258
0.00909199
0.
0.00216652
0.375461
0.00888088
0.
0.00717334
0.390422
-0.0207179
0.
0.0082783
0.397028
-0.0176899
0.
0.00769553
0.
0.
0.
-0.0272464
0.
0.
0.
-0.0713744
0.315122
-0.0568372
0.
-0.0154204
0.319188
0.0888175
0.
0.00369718
0.320014
-0.0512115
0.
-0.0115705
0.322571
0.113452
0.
0.0192196
0.346426
0.0727312
0.
-0.00124189
0.32258
-0.103714
0.
0.0150247
0.315576
0.039522
0.
-0.0167668
0.320164
-0.0627985
0.
-0.00189954
0.
0.
0.
-0.128911
0.
0.
0.
0.00201102
0.
0.
0.
-0.00743617
0.
0.
0.
0.12662
0.
0.
0.
-0.0555041
0.
0.
0.
-0.15312
0.
0.
0.
-0.214743
0.
0.
0.
0.0211163
0.
0.
0.
-0.0305349
0.
0.
0.
-0.027794
0.
0.
0.
-0.164923
0.
0.
0.
0.0298778
0.
0.
0.
-0.0871903
0.
0.
0.
0.000858483
0.
0.
0.
0.125934
0.
0.
0.
0.015718
0.
0.
0.
-0.00527939
0.
0.
0.
0.00896057
1.
0.
0.
0.0420069
0.396397
-0.0082857
-0.000363822
-0.00304593
0.379553
0.
-0.00379932
-0.00417185
0.269355
0.
-0.00284914
-0.0121947
0.297651
0.
0.0200403
0.0457129
0.378076
0.
0.00489946
-0.01008
0.271303
0.
0.0142778
-0.0108427
0.309851
0.
-0.00577192
0.0539433
0.298553
0.0203821
0.
0.0528472
0.381424
0.0183934
0.
-0.001854
0.256043
0.0206243
0.
-0.0162842
0.278283
0.00278182
0.
0.0489231
0.383106
0.0151843
0.
-0.00306241
0.264237
0.0172132
0.
-0.0151891
0.248687
0.0227171
-0.0550555
-0.00609944
0.24873
-0.0253534
0.0236038
-0.017098
0.368006
-0.0238282
-0.0734729
0.00542009
0.426937
-0.147243
-0.154794
0.115233
0.35611
0.139295
-0.159755
0.075869
0.340773
-0.0302419
0.0267395
0.0268966
0.361493
0.124085
0.102574
0.0881267
0.280611
-0.0157266
-0.0298801
-0.00730827
0.405874
0.00192776
-0.0501289
0.00780782
0.257074
0.0217103
0.0323119
0.00237561
0.378557
0.00931018
0.0489336
0.00837577
0.31779
-0.120524
0.141935
0.0876625
0.406803
-0.00932363
-0.00541335
0.0185845
0.318362
0.0134791
0.0745779
-0.0780987
0.346277
0.040455
0.145776
0.0780411
