Vec Object: 1 MPI process
  type: seq
0.
0.
0.
-0.0968264
0.
0.
0.
0.0236701
0.16563
-0.167242
0.
-0.0640631
0.173614
-0.178609
0.
-0.0626015
0.189343
0.205361
0.
-0.0526096
0.17954
0.164855
0.
-0.0587076
0.388489
0.00892216
0.
0.00164412
0.375568
0.00870707
0.
0.00760769
0.390653
-0.0209048
0.
0.00857456
0.397377
-0.0174009
0.
0.00691358
0.
0.
0.
-0.0254205
0.
0.
0.
-0.067945
0.316603
-0.0570047
0.
-0.014853
0.318823
0.089005
0.
0.00362484
0.321496
-0.0511656
0.
-0.012294
0.322338
0.1129
0.
0.0187053
0.348012
0.0732754
0.
-0.00205868
0.322419
-0.103448
0.
0.0146656
0.316871
0.0389416
0.
-0.0156042
0.320116
-0.0627087
0.
-0.00203575
0.
0.
0.
-0.126097
0.
0.
0.
0.00650425
0.
0.
0.
-0.00967155
0.
0.
0.
0.132239
0.
0.
0.
-0.0519516
0.
0.
0.
-0.151746
0.
0.
0.
-0.219476
0.
0.
0.
0.0141467
0.
0.
0.
-0.0380455
0.
0.
0.
-0.0309686
0.
0.
0.
-0.163713
0.
0.
0.
0.0307043
0.
0.
0.
-0.0903052
0.
0.
0.
0.00279752
0.
0.
0.
0.114711
0.
0.
0.
0.005591
0.
0.
0.
-0.00815633
0.
0.
0.
0.00970816
1.
0.
0.
0.0407669
0.395629
-0.008242
-0.000287038
-0.00277087
0.380023
0.
-0.00395288
-0.00443467
0.268687
0.
-0.00309719
-0.0112993
0.293997
0.
0.0207257
0.0438548
0.377877
0.
0.00506215
-0.010071
0.270455
0.
0.0147183
-0.00932764
0.306755
0.
-0.00553095
0.0507661
0.294025
0.0210764
0.
0.0492852
0.381809
0.0181872
0.
-0.00210955
0.25534
0.0200941
0.
-0.0153124
0.27412
0.00350908
0.
0.0459982
0.38305
0.0154712
0.
-0.00317485
0.26363
0.0175312
0.
-0.013712
0.249236
0.0234191
-0.0551709
-0.00481377
0.248784
-0.0253962
0.0234755
-0.014709
0.369104
-0.0232556
-0.076946
0.00388661
0.427881
-0.151458
-0.157832
0.110535
0.356599
0.143253
-0.163213
0.0718788
0.340801
-0.0349564
0.0262683
0.0245699
0.362756
0.126339
0.10561
0.0835468
0.283327
-0.0158975
-0.0300932
-0.0071649
0.4076
0.00198025
-0.0518417
0.00634498
0.256725
0.0216291
0.0325555
0.00470013
0.382743
0.0113779
0.051622
0.00669884
0.319456
-0.123797
0.144181
0.0842695
0.410302
-0.00978097
-0.00457982
0.016384
0.318561
0.020455
0.0772969
-0.0796292
0.347987
0.0420096
0.147715
0.0737453
