Vec Object: 1 MPI process
  type: seq
0.
0.
0.
-0.104735
0.
0.
0.
0.178214
0.147599
-0.168391
0.
-0.129698
0.163276
-0.177619
0.
-0.108123
0.197519
0.195626
0.
-0.0659508
0.162939
0.172504
0.
-0.136024
0.379287
0.0184971
0.
0.0389103
0.370892
0.0153941
0.
0.0232025
0.384938
-0.0204588
0.
0.0232272
0.385865
-0.0286107
0.
0.0475877
0.
0.
0.
-0.0629386
0.
0.
0.
-0.164013
0.286487
-0.050079
0.
-0.0195611
0.324661
0.078888
0.
-0.0199296
0.293131
-0.0472262
0.
0.00513111
0.32731
0.112757
0.
-0.00103605
0.317404
0.0588089
0.
0.0180861
0.32625
-0.0982558
0.
-0.00828471
0.287421
0.0480965
0.
-0.0346708
0.32315
-0.0576894
0.
-0.0297303
0.
0.
0.
-0.0579728
0.
0.
0.
-0.0784843
0.
0.
0.
0.158522
0.
0.
0.
0.0277522
0.
0.
0.
-0.133565
0.
0.
0.
-0.0454996
0.
0.
0.
0.038992
0.
0.
0.
0.281849
0.
0.
0.
0.250831
0.
0.
0.
0.160079
0.
0.
0.
0.0114578
0.
0.
0.
0.0837741
0.
0.
0.
0.12106
0.
0.
0.
-0.00879906
0.
0.
0.
0.428795
0.
0.
0.
0.338773
0.
0.
0.
0.206271
0.
0.
0.
-0.0119622
1.
0.
0.
0.0609626
0.402966
-0.00855661
-0.00155362
0.0239389
0.376203
0.
-0.000646061
-0.00624292
0.281517
0.
0.00117845
-0.0532162
0.366942
0.
0.00834413
0.095304
0.383505
0.
0.000809933
-0.0134113
0.283562
0.
0.00649791
-0.0612085
0.362806
0.
-0.00844883
0.128203
0.378577
0.0069968
0.
0.140043
0.380375
0.0209593
0.
-0.00413776
0.2701
0.0252869
0.
-0.0592098
0.349679
-0.00395212
0.
0.135569
0.387272
0.00811706
0.
-0.00521199
0.275871
0.00849613
0.
-0.0688001
0.239706
0.0046558
-0.0368552
-0.0512841
0.24685
-0.014092
0.0154886
-0.0882735
0.321614
-0.0355466
-0.0204484
0.0463136
0.435556
-0.05729
-0.0928636
0.228608
0.377824
0.055186
-0.0921161
0.178366
0.272459
0.0359218
0.0205794
0.0932945
0.348161
0.0582422
0.052312
0.215826
0.231852
-0.0012386
-0.0231594
-0.0159354
0.329812
-0.000400896
-0.0138058
0.0521827
0.254725
0.00211525
0.0204662
-0.0564791
0.296718
-0.0203349
0.0145578
0.0656649
0.312741
-0.049543
0.088786
0.184867
0.32414
0.00292143
-0.0127916
0.086719
0.228786
-0.0590423
0.022821
0.0697369
0.331343
0.00532804
0.0886752
0.20973
