Vec Object: 1 MPI process
  type: seq
0.
0.
0.
-0.069269
0.
0.
0.
0.310838
0.154036
-0.154821
0.
-0.0190992
0.170273
-0.164774
0.
0.00254198
0.222113
0.172831
0.
0.0907217
0.170211
0.162289
0.
-0.0280443
0.355924
0.0417395
0.
0.153836
0.353583
0.0355653
0.
0.114858
0.361403
-0.0405514
0.
0.147831
0.362415
-0.0514545
0.
0.159392
0.
0.
0.
-0.126171
0.
0.
0.
-0.267165
0.268941
-0.0627609
0.
-0.126237
0.328415
0.0567336
0.
-0.13773
0.277056
-0.0649703
0.
-0.105712
0.33182
0.0872628
0.
-0.129471
0.300568
0.0688676
0.
-0.0745982
0.329985
-0.0709057
0.
-0.135772
0.267821
0.0652114
0.
-0.119925
0.32481
-0.0406113
0.
-0.156524
0.
0.
0.
0.059422
0.
0.
0.
-0.135567
0.
0.
0.
0.309776
0.
0.
0.
-0.00735381
0.
0.
0.
-0.199933
0.
0.
0.
0.0963409
0.
0.
0.
0.278299
0.
0.
0.
0.499745
0.
0.
0.
0.476347
0.
0.
0.
0.321909
0.
0.
0.
0.230702
0.
0.
0.
0.131635
0.
0.
0.
0.305304
0.
0.
0.
-0.0318469
0.
0.
0.
0.672144
0.
0.
0.
0.596309
0.
0.
0.
0.424124
0.
0.
0.
-0.0811903
1.
0.
0.
0.233089
0.392655
-0.00695621
-0.00126066
0.15765
0.387316
0.
0.00108195
-0.0402495
0.28695
0.
0.00241957
-0.208002
0.390757
0.
0.00350397
0.172769
0.401627
0.
-0.000658584
-0.0281773
0.287309
0.
0.0037186
-0.214067
0.373826
0.
-0.00768035
0.223971
0.403592
0.0015678
0.
0.235784
0.394887
0.0182027
0.
-0.0374451
0.276788
0.0211959
0.
-0.209816
0.369708
-0.00105598
0.
0.254498
0.408682
0.00551248
0.
-0.0191839
0.280848
0.00600862
0.
-0.223804
0.23252
-0.00318319
-0.0210156
-0.186556
0.242709
-0.0060786
0.00731168
-0.247775
0.279747
-0.0282084
-0.0063788
0.00621515
0.450215
-0.00840232
-0.0561649
0.373397
0.395491
0.00961093
-0.0559873
0.287944
0.203063
0.03616
0.00916744
0.100601
0.339977
0.0144187
0.0346104
0.341385
0.205676
0.00302677
-0.0169385
-0.102568
0.264176
-0.000865421
-0.00207515
0.0435278
0.246558
-0.00692162
0.010744
-0.205968
0.248695
-0.0234882
0.00899072
0.0502363
0.316926
-0.00806657
0.0547822
0.279768
0.272806
0.00820986
-0.00667243
0.0936283
0.136062
-0.0442916
0.00776492
0.198818
0.323926
-0.0130775
0.050237
0.340527
