Vec Object: 1 MPI process
  type: seq
0.
0.
0.
-0.090013
0.
0.
0.
0.0206245
0.167047
-0.167387
0.
-0.058612
0.174307
-0.179002
0.
-0.0589657
0.189329
0.206073
0.
-0.049567
0.180789
0.164342
0.
-0.051833
0.388929
0.00865646
0.
0.000740324
0.375832
0.00832317
0.
0.00842843
0.391181
-0.0212617
0.
0.00902875
0.398039
-0.0168987
0.
0.00552142
0.
0.
0.
-0.0222866
0.
0.
0.
-0.0622848
0.319477
-0.0573226
0.
-0.0137245
0.318076
0.089356
0.
0.00342072
0.32441
-0.0509855
0.
-0.0135156
0.321901
0.111767
0.
0.0176361
0.351116
0.0742371
0.
-0.00339758
0.322125
-0.102878
0.
0.0138777
0.319328
0.0378394
0.
-0.013449
0.320104
-0.0624873
0.
-0.0023972
0.
0.
0.
-0.119678
0.
0.
0.
0.0144241
0.
0.
0.
-0.0124229
0.
0.
0.
0.141816
0.
0.
0.
-0.0460827
0.
0.
0.
-0.147838
0.
0.
0.
-0.226468
0.
0.
0.
0.00256354
0.
0.
0.
-0.0504544
0.
0.
0.
-0.035388
0.
0.
0.
-0.159002
0.
0.
0.
0.0328548
0.
0.
0.
-0.0942678
0.
0.
0.
0.00659539
0.
0.
0.
0.0945338
0.
0.
0.
-0.0118796
0.
0.
0.
-0.0116813
0.
0.
0.
0.0107471
1.
0.
0.
0.0382125
0.394017
-0.0081372
-0.00012766
-0.00217908
0.380962
0.
-0.00423692
-0.00492648
0.26743
0.
-0.0035837
-0.00966814
0.286862
0.
0.0220609
0.0404082
0.377412
0.
0.00534551
-0.0100198
0.268769
0.
0.0155731
-0.00651716
0.300662
0.
-0.00501961
0.0448447
0.285126
0.0223829
0.
0.0428027
0.382589
0.0178023
0.
-0.00258659
0.254065
0.0189752
0.
-0.0135646
0.265858
0.00503126
0.
0.0407533
0.382876
0.0159775
0.
-0.00338684
0.262491
0.0180441
0.
-0.0110362
0.250335
0.024694
-0.0550766
-0.00270671
0.248878
-0.0251962
0.0230204
-0.010445
0.370759
-0.0222511
-0.083698
0.00108415
0.43012
-0.159283
-0.163675
0.101862
0.358222
0.150634
-0.169809
0.0646728
0.339511
-0.0438881
0.0251578
0.0203648
0.365351
0.130263
0.111446
0.0753103
0.288619
-0.0160643
-0.0304847
-0.00708157
0.410171
0.00206216
-0.0548345
0.0036757
0.255884
0.0210206
0.0329273
0.00887317
0.390846
0.0154559
0.0570396
0.00374962
0.323187
-0.12991
0.148358
0.0781603
0.416647
-0.0105254
-0.00295303
0.012548
0.317487
0.0341634
0.0821517
-0.081204
0.351672
0.0448238
0.151041
0.0661555
