Vec Object: 1 MPI process
  type: seq
0.
0.
0.
-0.075519
0.
0.
0.
0.0197982
0.170569
-0.168267
0.
-0.0459812
0.176407
-0.180363
0.
-0.0495218
0.190113
0.207943
0.
-0.0413812
0.183501
0.163596
0.
-0.036176
0.390054
0.00841886
0.
-0.00104834
0.377104
0.00683562
0.
0.00992328
0.393174
-0.0221913
0.
0.00921956
0.399717
-0.0159786
0.
0.00253703
0.
0.
0.
-0.0174144
0.
0.
0.
-0.0543119
0.327138
-0.0582686
0.
-0.0110811
0.315801
0.0903379
0.
0.00280016
0.332427
-0.049903
0.
-0.0154145
0.320918
0.108458
0.
0.0147196
0.359493
0.0761528
0.
-0.00531097
0.321515
-0.101106
0.
0.0115378
0.325532
0.0352038
0.
-0.00887366
0.320744
-0.0616395
0.
-0.00360089
0.
0.
0.
-0.100197
0.
0.
0.
0.0284305
0.
0.
0.
-0.0115406
0.
0.
0.
0.154735
0.
0.
0.
-0.0388177
0.
0.
0.
-0.132933
0.
0.
0.
-0.232813
0.
0.
0.
-0.0165612
0.
0.
0.
-0.0702554
0.
0.
0.
-0.0377057
0.
0.
0.
-0.135594
0.
0.
0.
0.0398436
0.
0.
0.
-0.0934813
0.
0.
0.
0.0158499
0.
0.
0.
0.0519546
0.
0.
0.
-0.0442495
0.
0.
0.
-0.0105808
0.
0.
0.
0.0104135
1.
0.
0.
0.0307703
0.38891
-0.00767606
0.000398493
-0.000598541
0.383522
0.
-0.00487483
-0.00589311
0.26449
0.
-0.00491925
-0.00601534
0.267562
0.
0.0255433
0.0322116
0.375467
0.
0.00585309
-0.00943598
0.264074
0.
0.0178458
-0.000159491
0.283998
0.
-0.00325038
0.0311643
0.260888
0.0253949
0.
0.0287296
0.384798
0.0169327
0.
-0.00351334
0.251551
0.0152872
0.
-0.00991537
0.24253
0.00981021
0.
0.0296028
0.381812
0.016943
0.
-0.00367766
0.259772
0.018576
0.
-0.00526656
0.253216
0.0276786
-0.0528597
0.000389581
0.248766
-0.0225341
0.0205266
-0.00189944
0.371931
-0.0203795
-0.100894
-0.00516124
0.438421
-0.176957
-0.178762
0.0820775
0.367253
0.167628
-0.186095
0.0493322
0.327658
-0.0636726
0.0214325
0.0114209
0.372973
0.137721
0.125614
0.0578276
0.30243
-0.0158503
-0.0314973
-0.00798537
0.412193
0.00216753
-0.0599454
-0.00234907
0.252373
0.0163741
0.0335009
0.0172309
0.412171
0.0262164
0.072293
-0.00225184
0.336399
-0.144158
0.158124
0.0649259
0.43001
-0.0113427
0.000948157
0.00500229
0.306524
0.0675298
0.0908796
-0.0786259
0.36409
0.0504493
0.156777
0.0506992
