Vec Object: 1 MPI process
  type: seq
0.
0.
0.
-0.0913076
0.
0.
0.
0.0210772
0.166778
-0.167352
0.
-0.0596389
0.174171
-0.178921
0.
-0.0596625
0.18932
0.205936
0.
-0.0501598
0.180556
0.164433
0.
-0.0531294
0.388845
0.00870105
0.
0.000904565
0.375774
0.00840318
0.
0.00827505
0.39107
-0.0211932
0.
0.00895499
0.397913
-0.0169896
0.
0.00577842
0.
0.
0.
-0.0228452
0.
0.
0.
-0.0632712
0.318921
-0.057261
0.
-0.0139426
0.318225
0.0892887
0.
0.00346485
0.323842
-0.0510299
0.
-0.013299
0.321984
0.111992
0.
0.0178478
0.350513
0.074061
0.
-0.00316446
0.322179
-0.102994
0.
0.0140374
0.318858
0.0380493
0.
-0.0138526
0.320098
-0.0625346
0.
-0.0023196
0.
0.
0.
-0.121
0.
0.
0.
0.0129862
0.
0.
0.
-0.0120457
0.
0.
0.
0.140122
0.
0.
0.
-0.0471011
0.
0.
0.
-0.148706
0.
0.
0.
-0.225333
0.
0.
0.
0.00460685
0.
0.
0.
-0.048275
0.
0.
0.
-0.0347053
0.
0.
0.
-0.160138
0.
0.
0.
0.0323933
0.
0.
0.
-0.0937077
0.
0.
0.
0.00586309
0.
0.
0.
0.0982677
0.
0.
0.
-0.00872624
0.
0.
0.
-0.0112001
0.
0.
0.
0.0105923
1.
0.
0.
0.0387207
0.394342
-0.00815982
-0.00015974
-0.00229735
0.380778
0.
-0.00418357
-0.00483449
0.267668
0.
-0.00348907
-0.00997305
0.288248
0.
0.0218025
0.0410589
0.377511
0.
0.00529424
-0.0100345
0.269099
0.
0.0154078
-0.00704655
0.301849
0.
-0.00512359
0.0459628
0.286859
0.0221353
0.
0.0440103
0.382435
0.0178748
0.
-0.0024975
0.254301
0.0192014
0.
-0.0138882
0.267476
0.00472527
0.
0.0417232
0.382917
0.015885
0.
-0.00334775
0.262707
0.0179565
0.
-0.0115339
0.25012
0.024456
-0.0551278
-0.00307332
0.248862
-0.0252659
0.0231298
-0.0112293
0.370489
-0.0224336
-0.0823945
0.00160846
0.429646
-0.15781
-0.162551
0.103492
0.357836
0.14924
-0.168547
0.0660093
0.3399
-0.0421948
0.025391
0.0211458
0.364835
0.129551
0.110327
0.0768351
0.287594
-0.0160476
-0.0304108
-0.00707708
0.409754
0.00204828
-0.0542938
0.00417527
0.256065
0.021186
0.0328649
0.0081041
0.389281
0.0146624
0.0559726
0.0042899
0.322413
-0.128754
0.14757
0.0792933
0.415469
-0.0103974
-0.00326641
0.013246
0.317841
0.0315124
0.0812636
-0.0810331
0.35092
0.0443027
0.150444
0.0675468
