Vec Object: 1 MPI process
  type: seq
0.
0.
0.
-0.116806
0.
0.
0.
0.132591
0.150979
-0.168414
0.
-0.119989
0.16567
-0.177705
0.
-0.100712
0.194529
0.198416
0.
-0.0703249
0.166024
0.171249
0.
-0.124266
0.382607
0.0150381
0.
0.0226055
0.373054
0.0127025
0.
0.0115414
0.387391
-0.0190631
0.
0.0105273
0.389514
-0.0250435
0.
0.0313545
0.
0.
0.
-0.0562735
0.
0.
0.
-0.143692
0.292312
-0.0516796
0.
-0.0168544
0.323676
0.0826489
0.
-0.0076672
0.298454
-0.0481537
0.
0.00507659
0.326289
0.115736
0.
0.0119356
0.323099
0.0613571
0.
0.0178311
0.325426
-0.102059
0.
0.00520599
0.293579
0.0467825
0.
-0.0305299
0.32248
-0.0603516
0.
-0.0154909
0.
0.
0.
-0.0930298
0.
0.
0.
-0.0667718
0.
0.
0.
0.107959
0.
0.
0.
0.0398887
0.
0.
0.
-0.120042
0.
0.
0.
-0.0884384
0.
0.
0.
-0.0350762
0.
0.
0.
0.212651
0.
0.
0.
0.176633
0.
0.
0.
0.105142
0.
0.
0.
-0.0533205
0.
0.
0.
0.0622512
0.
0.
0.
0.0592727
0.
0.
0.
-0.0113589
0.
0.
0.
0.35694
0.
0.
0.
0.257567
0.
0.
0.
0.141753
0.
0.
0.
-0.00684081
1.
0.
0.
0.0543176
0.403172
-0.00860555
-0.00137746
0.0074687
0.375457
0.
-0.00126032
-0.00397663
0.279465
0.
0.000522872
-0.0369874
0.353311
0.
0.0103988
0.0827694
0.381214
0.
0.00163548
-0.0123242
0.281837
0.
0.00785513
-0.0437945
0.353415
0.
-0.0082472
0.1109
0.36373
0.00954188
0.
0.120551
0.378989
0.0209399
0.
-0.001806
0.267572
0.0253047
0.
-0.0426682
0.336678
-0.00370984
0.
0.112843
0.384844
0.00955764
0.
-0.00431635
0.273839
0.010226
0.
-0.0504221
0.241642
0.00863207
-0.0422122
-0.0373447
0.247623
-0.0171714
0.0182422
-0.0672773
0.334022
-0.0339526
-0.028247
0.0383697
0.430275
-0.0756512
-0.105846
0.202131
0.370262
0.0724248
-0.105549
0.154726
0.293612
0.0286381
0.0238278
0.0780042
0.349407
0.073843
0.0605849
0.184458
0.241255
-0.00530037
-0.0249607
-0.0120491
0.350198
0.000187952
-0.0200931
0.0417372
0.256555
0.00804173
0.0237177
-0.0402397
0.31339
-0.0162803
0.0187368
0.0520487
0.310579
-0.064419
0.100678
0.160723
0.34193
0.000485182
-0.0131455
0.0713923
0.257
-0.0557928
0.0312032
0.023081
0.332412
0.0125298
0.102176
0.176122
