Vec Object: 1 MPI process
  type: seq
0.
0.
0.
-0.110886
0.
0.
0.
0.0368097
0.162349
-0.167206
0.
-0.0769457
0.172098
-0.177968
0.
-0.0708993
0.189855
0.2038
0.
-0.0588826
0.17651
0.166236
0.
-0.0746578
0.387484
0.00977454
0.
0.00414469
0.375201
0.00937896
0.
0.00591825
0.389838
-0.0201171
0.
0.00717242
0.395865
-0.018739
0.
0.0105209
0.
0.
0.
-0.0336799
0.
0.
0.
-0.0841908
0.310407
-0.0562375
0.
-0.0169935
0.320273
0.0881502
0.
0.00365768
0.315386
-0.0511498
0.
-0.00887749
0.323331
0.115023
0.
0.0205344
0.341436
0.0707949
0.
0.0018986
0.323127
-0.104389
0.
0.0158159
0.311336
0.0413744
0.
-0.0205274
0.320458
-0.0629537
0.
-0.00184177
0.
0.
0.
-0.134726
0.
0.
0.
-0.013463
0.
0.
0.
0.00373407
0.
0.
0.
0.106853
0.
0.
0.
-0.068523
0.
0.
0.
-0.153803
0.
0.
0.
-0.194218
0.
0.
0.
0.0478972
0.
0.
0.
-0.00155037
0.
0.
0.
-0.0133448
0.
0.
0.
-0.162457
0.
0.
0.
0.0290467
0.
0.
0.
-0.0721138
0.
0.
0.
-0.00489515
0.
0.
0.
0.16515
0.
0.
0.
0.0529
0.
0.
0.
0.00912628
0.
0.
0.
0.00587423
1.
0.
0.
0.045549
0.398571
-0.0083923
-0.000592608
-0.00364748
0.378154
0.
-0.00328717
-0.00336852
0.271539
0.
-0.00207449
-0.0153306
0.309195
0.
0.0178897
0.0520169
0.378587
0.
0.00431815
-0.0101022
0.273892
0.
0.0128805
-0.0159477
0.319485
0.
-0.00646044
0.0645266
0.3127
0.0181208
0.
0.0650662
0.380311
0.0190641
0.
-0.00107156
0.258417
0.0221239
0.
-0.0197107
0.291149
0.00072056
0.
0.0592166
0.383191
0.0141724
0.
-0.00276073
0.266238
0.0160083
0.
-0.0203379
0.247051
0.0202735
-0.0539805
-0.0109973
0.248561
-0.024656
0.0235502
-0.0254488
0.36346
-0.0258442
-0.0626332
0.0107327
0.424904
-0.13321
-0.145012
0.131105
0.355976
0.126169
-0.14859
0.0897003
0.337706
-0.0153049
0.0277099
0.0350344
0.357843
0.11592
0.0929734
0.104148
0.272082
-0.0147532
-0.0291306
-0.00813506
0.398617
0.00170982
-0.0441283
0.0129207
0.257844
0.0209985
0.0312713
-0.00561388
0.365198
0.0029714
0.0409158
0.0145128
0.313595
-0.109665
0.134387
0.0995676
0.394812
-0.00760496
-0.00793486
0.0266288
0.314282
-0.00749479
0.065331
-0.0695195
0.34162
0.0351479
0.13869
0.0934383
