Vec Object: 1 MPI process
  type: seq
0.
0.
0.
-0.0998736
0.
0.
0.
0.194318
0.146723
-0.168137
0.
-0.13101
0.162633
-0.177409
0.
-0.109001
0.198884
0.194363
0.
-0.0620898
0.162147
0.172708
0.
-0.138087
0.377748
0.0200685
0.
0.047117
0.36982
0.0166837
0.
0.0295837
0.383637
-0.0213898
0.
0.0307236
0.384245
-0.0301873
0.
0.0556408
0.
0.
0.
-0.0660811
0.
0.
0.
-0.171812
0.284492
-0.0498258
0.
-0.0225616
0.32501
0.0772559
0.
-0.0258775
0.291308
-0.0472636
0.
0.00279153
0.327692
0.111205
0.
-0.00748956
0.315469
0.058299
0.
0.0159825
0.32656
-0.0964409
0.
-0.0148713
0.285266
0.0487289
0.
-0.0375243
0.323366
-0.0564825
0.
-0.0364966
0.
0.
0.
-0.0446371
0.
0.
0.
-0.0825838
0.
0.
0.
0.176515
0.
0.
0.
0.0241893
0.
0.
0.
-0.138488
0.
0.
0.
-0.0294768
0.
0.
0.
0.0656613
0.
0.
0.
0.306264
0.
0.
0.
0.276872
0.
0.
0.
0.179493
0.
0.
0.
0.0355356
0.
0.
0.
0.0912664
0.
0.
0.
0.143002
0.
0.
0.
-0.00836676
0.
0.
0.
0.453962
0.
0.
0.
0.36726
0.
0.
0.
0.22966
0.
0.
0.
-0.0148717
1.
0.
0.
0.0653686
0.402592
-0.00850401
-0.00159195
0.0327443
0.376744
0.
-0.00044103
-0.00718453
0.282162
0.
0.00137849
-0.0611346
0.371309
0.
0.00769042
0.0999082
0.384626
0.
0.000553508
-0.0135178
0.284067
0.
0.00607814
-0.0694102
0.365655
0.
-0.00846152
0.134503
0.38326
0.00617514
0.
0.146847
0.381179
0.02087
0.
-0.00509066
0.270911
0.0251374
0.
-0.0671578
0.353727
-0.00389687
0.
0.144083
0.38853
0.00766531
0.
-0.00523871
0.276504
0.00797205
0.
-0.0772986
0.238985
0.00336155
-0.0349528
-0.0580728
0.246505
-0.0130432
0.014503
-0.0976289
0.317135
-0.0357928
-0.0181647
0.0475986
0.437561
-0.0511402
-0.0884294
0.238388
0.38048
0.0494031
-0.0876151
0.186702
0.264794
0.0375612
0.0193359
0.0976622
0.347756
0.0528578
0.0497506
0.226971
0.228686
5.78015e-05
-0.0224964
-0.018881
0.322518
-0.000583893
-0.0119165
0.0549088
0.253955
0.000162658
0.0193168
-0.0641779
0.291045
-0.0214264
0.0134374
0.0691839
0.313621
-0.0444981
0.0846903
0.193342
0.318076
0.00368918
-0.0124362
0.0909617
0.218509
-0.058942
0.02034
0.0862527
0.331016
0.0029376
0.0840134
0.221733
