Vec Object: 1 MPI process
  type: seq
0.
0.
0.
-0.0910607
0.
0.
0.
0.0209864
0.166829
-0.167358
0.
-0.0594431
0.174197
-0.178936
0.
-0.0595301
0.189321
0.205962
0.
-0.0500475
0.1806
0.164416
0.
-0.0528821
0.388861
0.00869233
0.
0.000873029
0.375785
0.00838824
0.
0.00830442
0.391091
-0.0212062
0.
0.00896954
0.397937
-0.0169722
0.
0.00572922
0.
0.
0.
-0.0227374
0.
0.
0.
-0.06308
0.319027
-0.0572726
0.
-0.0139012
0.318197
0.0893015
0.
0.00345661
0.32395
-0.0510218
0.
-0.0133409
0.321968
0.11195
0.
0.0178078
0.350627
0.0740948
0.
-0.00320965
0.322169
-0.102972
0.
0.0140073
0.318947
0.0380093
0.
-0.0137755
0.320099
-0.0625258
0.
-0.00233409
0.
0.
0.
-0.120752
0.
0.
0.
0.0132627
0.
0.
0.
-0.0121228
0.
0.
0.
0.14045
0.
0.
0.
-0.0469033
0.
0.
0.
-0.148545
0.
0.
0.
-0.225556
0.
0.
0.
0.004212
0.
0.
0.
-0.0486965
0.
0.
0.
-0.034841
0.
0.
0.
-0.15993
0.
0.
0.
0.0324794
0.
0.
0.
-0.0938214
0.
0.
0.
0.00600225
0.
0.
0.
0.097553
0.
0.
0.
-0.00933285
0.
0.
0.
-0.0112985
0.
0.
0.
0.0106234
1.
0.
0.
0.0386248
0.394281
-0.00815562
-0.000153704
-0.00227501
0.380813
0.
-0.00419375
-0.00485208
0.267623
0.
-0.003507
-0.00991482
0.287985
0.
0.0218515
0.0409348
0.377492
0.
0.0053041
-0.0100319
0.269036
0.
0.0154392
-0.00694557
0.301624
0.
-0.00510406
0.0457496
0.28653
0.0221825
0.
0.0437794
0.382464
0.0178609
0.
-0.00251454
0.254256
0.0191589
0.
-0.0138262
0.26717
0.00478289
0.
0.0415376
0.38291
0.0159028
0.
-0.00335526
0.262666
0.0179736
0.
-0.0114387
0.250161
0.0245014
-0.0551193
-0.00300225
0.248865
-0.0252539
0.0231098
-0.0110789
0.370542
-0.0223985
-0.082642
0.00150833
0.429735
-0.158091
-0.162764
0.103181
0.357907
0.149506
-0.168787
0.0657536
0.339832
-0.0425176
0.0253473
0.0209964
0.364932
0.129688
0.11054
0.0765433
0.287788
-0.0160513
-0.0304248
-0.00707717
0.409836
0.00205098
-0.0543978
0.00407989
0.256031
0.0211564
0.0328771
0.00825148
0.389578
0.0148128
0.0561744
0.00418631
0.322558
-0.128974
0.14772
0.0790765
0.415694
-0.0104223
-0.00320686
0.0131119
0.317779
0.0320158
0.0814342
-0.0810703
0.351061
0.0444025
0.150559
0.06728
