Vec Object: 1 MPI process
  type: seq
0.
0.
0.
-0.108514
0.
0.
0.
0.0336687
0.162978
-0.167187
0.
-0.0744642
0.17239
-0.178064
0.
-0.0693083
0.189716
0.20409
0.
-0.0577668
0.177098
0.165959
0.
-0.071633
0.387678
0.00958975
0.
0.00361607
0.375258
0.00926191
0.
0.00618951
0.389962
-0.0202622
0.
0.00745122
0.396155
-0.0184674
0.
0.0097861
0.
0.
0.
-0.0320646
0.
0.
0.
-0.0808628
0.311547
-0.0563958
0.
-0.0166586
0.32002
0.0883246
0.
0.00371562
0.316494
-0.0511936
0.
-0.00958157
0.323145
0.114673
0.
0.0202753
0.342634
0.0712905
0.
0.00106641
0.322991
-0.104253
0.
0.0156863
0.312378
0.0409299
0.
-0.0196239
0.32037
-0.0629364
0.
-0.00179006
0.
0.
0.
-0.13382
0.
0.
0.
-0.00961228
0.
0.
0.
0.00044545
0.
0.
0.
0.111804
0.
0.
0.
-0.0651903
0.
0.
0.
-0.154206
0.
0.
0.
-0.199965
0.
0.
0.
0.0407775
0.
0.
0.
-0.00926679
0.
0.
0.
-0.0174614
0.
0.
0.
-0.163983
0.
0.
0.
0.0289606
0.
0.
0.
-0.076496
0.
0.
0.
-0.00358815
0.
0.
0.
0.155197
0.
0.
0.
0.0432301
0.
0.
0.
0.00488542
0.
0.
0.
0.00669707
1.
0.
0.
0.0447527
0.398082
-0.00837007
-0.000538883
-0.00355257
0.378476
0.
-0.0034136
-0.00355185
0.271006
0.
-0.00225943
-0.0145275
0.306412
0.
0.0184045
0.0504363
0.378476
0.
0.00446667
-0.0100919
0.273282
0.
0.0132174
-0.0146726
0.317185
0.
-0.00630347
0.0619071
0.309315
0.0186721
0.
0.0619971
0.380562
0.0189017
0.
-0.00125014
0.257828
0.0217864
0.
-0.0188326
0.288086
0.00118406
0.
0.0565913
0.383179
0.0144295
0.
-0.00282036
0.265746
0.0163228
0.
-0.0190283
0.247431
0.0208932
-0.0543352
-0.00971041
0.2486
-0.0248954
0.0236254
-0.0233336
0.3647
-0.0253344
-0.0652124
0.00938374
0.425259
-0.136676
-0.147393
0.127146
0.355822
0.129406
-0.151306
0.0862068
0.338846
-0.0188697
0.0275525
0.032961
0.358672
0.118027
0.0952745
0.100077
0.274126
-0.0150504
-0.0293228
-0.0078933
0.400611
0.00176987
-0.0456392
0.0116139
0.257702
0.021299
0.0315611
-0.00361475
0.368434
0.00446513
0.0427757
0.0129086
0.31446
-0.112346
0.136266
0.0965345
0.397818
-0.00805198
-0.00735087
0.0245361
0.315745
-0.0026458
0.0676226
-0.0721411
0.342643
0.0364739
0.140523
0.0894756
