Vec Object: 1 MPI process
  type: seq
0.
0.
0.
-0.0826191
0.
0.
0.
0.019134
0.168655
-0.167685
0.
-0.0526263
0.175178
-0.179548
0.
-0.0547382
0.189524
0.206911
0.
-0.0459117
0.182113
0.163881
0.
-0.0443094
0.389439
0.0084599
0.
-0.000162781
0.376281
0.00775765
0.
0.00926277
0.391959
-0.0216761
0.
0.00931142
0.398802
-0.0164101
0.
0.00406831
0.
0.
0.
-0.0194398
0.
0.
0.
-0.0574449
0.322884
-0.0577148
0.
-0.0124381
0.317119
0.0897726
0.
0.0031308
0.327935
-0.0506123
0.
-0.0146197
0.321422
0.11034
0.
0.0163212
0.354829
0.0752076
0.
-0.00454776
0.321819
-0.102127
0.
0.0128529
0.322148
0.0366009
0.
-0.0111615
0.320255
-0.062153
0.
-0.00291942
0.
0.
0.
-0.11107
0.
0.
0.
0.0220709
0.
0.
0.
-0.0132831
0.
0.
0.
0.150153
0.
0.
0.
-0.0412318
0.
0.
0.
-0.141666
0.
0.
0.
-0.231304
0.
0.
0.
-0.00795514
0.
0.
0.
-0.0615509
0.
0.
0.
-0.0379178
0.
0.
0.
-0.150062
0.
0.
0.
0.0359603
0.
0.
0.
-0.0957142
0.
0.
0.
0.0109611
0.
0.
0.
0.0735012
0.
0.
0.
-0.0288197
0.
0.
0.
-0.0127666
0.
0.
0.
0.0111685
1.
0.
0.
0.0349781
0.391891
-0.00796923
8.5215e-05
-0.00144703
0.382103
0.
-0.00454447
-0.00543716
0.266035
0.
-0.00416955
-0.00791186
0.278315
0.
0.0236367
0.0365848
0.37669
0.
0.00561899
-0.00985917
0.266707
0.
0.0165853
-0.00344851
0.293306
0.
-0.00431818
0.0383258
0.274406
0.0238281
0.
0.0359278
0.383557
0.0173831
0.
-0.00307949
0.252759
0.0174741
0.
-0.0117442
0.255715
0.00702868
0.
0.0352823
0.382524
0.0164807
0.
-0.00358544
0.261219
0.0184438
0.
-0.00820679
0.251662
0.026075
-0.0544221
-0.000892866
0.248926
-0.0244163
0.0221298
-0.00610185
0.371871
-0.021268
-0.0915835
-0.00193359
0.433432
-0.167809
-0.170498
0.092416
0.361379
0.158751
-0.177347
0.0571205
0.335672
-0.0536725
0.0235805
0.015941
0.368641
0.134121
0.118111
0.0667068
0.294869
-0.0160379
-0.0309285
-0.00731533
0.411902
0.00212818
-0.0576819
0.000788677
0.25457
0.0194943
0.0332295
0.0131334
0.400407
0.0203235
0.0637378
0.000745245
0.328486
-0.136671
0.152973
0.0717276
0.423292
-0.0111194
-0.00108959
0.00872313
0.313881
0.050027
0.0869232
-0.0810436
0.356717
0.0477236
0.154178
0.0584321
