Vec Object: 1 MPI process
  type: seq
0.
0.
0.
-0.0756397
0.
0.
0.
0.0197615
0.170529
-0.168252
0.
-0.0461135
0.176378
-0.180344
0.
-0.0496332
0.190096
0.207921
0.
-0.0414772
0.183474
0.163598
0.
-0.0363338
0.390041
0.00841717
0.
-0.0010321
0.377082
0.00685821
0.
0.00991454
0.393146
-0.0221801
0.
0.00922684
0.399698
-0.0159857
0.
0.00256675
0.
0.
0.
-0.0174398
0.
0.
0.
-0.0543475
0.327046
-0.0582558
0.
-0.0111063
0.315831
0.0903249
0.
0.00280616
0.33233
-0.049921
0.
-0.0154044
0.320928
0.108499
0.
0.0147529
0.359392
0.0761355
0.
-0.00530211
0.321521
-0.101129
0.
0.0115658
0.325461
0.0352319
0.
-0.00891527
0.32073
-0.0616515
0.
-0.00358661
0.
0.
0.
-0.100421
0.
0.
0.
0.0283328
0.
0.
0.
-0.0116024
0.
0.
0.
0.15471
0.
0.
0.
-0.0388267
0.
0.
0.
-0.133122
0.
0.
0.
-0.232827
0.
0.
0.
-0.0164244
0.
0.
0.
-0.0701236
0.
0.
0.
-0.0377418
0.
0.
0.
-0.135927
0.
0.
0.
0.0397669
0.
0.
0.
-0.0935668
0.
0.
0.
0.0157536
0.
0.
0.
0.0523609
0.
0.
0.
-0.0439828
0.
0.
0.
-0.0106575
0.
0.
0.
0.0104436
1.
0.
0.
0.0308612
0.388978
-0.00768344
0.000391139
-0.000615299
0.383492
0.
-0.00486841
-0.00588588
0.264521
0.
-0.00490285
-0.00605232
0.267793
0.
0.0255035
0.0323008
0.375497
0.
0.00584937
-0.0094481
0.264131
0.
0.0178187
-0.000222505
0.284199
0.
-0.00327597
0.0313051
0.261179
0.0253646
0.
0.0288672
0.384771
0.0169415
0.
-0.0035066
0.251571
0.0153382
0.
-0.00994899
0.242819
0.00974722
0.
0.0297116
0.381831
0.0169351
0.
-0.00367798
0.259801
0.0185776
0.
-0.00532219
0.253186
0.0276445
-0.0529007
0.000372128
0.248773
-0.0225854
0.0205661
-0.00197487
0.371945
-0.0203947
-0.100703
-0.00509908
0.438305
-0.176781
-0.178589
0.0822814
0.367105
0.167454
-0.185917
0.0494798
0.327862
-0.0634914
0.0214786
0.0115048
0.372878
0.137658
0.125466
0.0579964
0.302272
-0.0158541
-0.0314845
-0.00796851
0.412206
0.00216717
-0.059913
-0.00228786
0.252427
0.0164544
0.0334953
0.0171579
0.411921
0.0260943
0.0721093
-0.00219658
0.336215
-0.14401
0.158021
0.0650579
0.429886
-0.0113444
0.000909345
0.00507058
0.306707
0.0671956
0.0908209
-0.0786958
0.363919
0.0504032
0.156737
0.0508439
