Vec Object: 1 MPI process
  type: seq
0.
0.
0.
-0.119517
0.
0.
0.
0.0559142
0.159267
-0.167426
0.
-0.0890725
0.170603
-0.177655
0.
-0.0787866
0.190741
0.202418
0.
-0.0637405
0.173633
0.167612
0.
-0.0890726
0.38649
0.0108074
0.
0.00716756
0.374915
0.00996528
0.
0.00518249
0.389342
-0.0194772
0.
0.00603427
0.394418
-0.0201533
0.
0.0144748
0.
0.
0.
-0.0412298
0.
0.
0.
-0.10091
0.305116
-0.0553295
0.
-0.0179787
0.321371
0.0871701
0.
0.00277056
0.310326
-0.0507027
0.
-0.00517568
0.324195
0.116309
0.
0.0209727
0.335951
0.0682858
0.
0.00630821
0.323778
-0.104713
0.
0.0156456
0.306375
0.0433373
0.
-0.0244301
0.320967
-0.0628242
0.
-0.00288863
0.
0.
0.
-0.13394
0.
0.
0.
-0.0313682
0.
0.
0.
0.0241286
0.
0.
0.
0.0838139
0.
0.
0.
-0.0846592
0.
0.
0.
-0.146512
0.
0.
0.
-0.160801
0.
0.
0.
0.0862633
0.
0.
0.
0.0400588
0.
0.
0.
0.0110979
0.
0.
0.
-0.147105
0.
0.
0.
0.0323195
0.
0.
0.
-0.0455144
0.
0.
0.
-0.009852
0.
0.
0.
0.214994
0.
0.
0.
0.1032
0.
0.
0.
0.0353392
0.
0.
0.
0.00179542
1.
0.
0.
0.0486995
0.400547
-0.00847823
-0.000835073
-0.00341466
0.37683
0.
-0.00268934
-0.0027221
0.274011
0.
-0.0012423
-0.0195583
0.322085
0.
0.0155574
0.0598545
0.379074
0.
0.00357769
-0.0102854
0.276578
0.
0.0113344
-0.0222814
0.329907
0.
-0.0071224
0.0771365
0.328129
0.0155578
0.
0.0801271
0.379335
0.0197889
0.
-0.000446982
0.261193
0.0234887
0.
-0.024306
0.305024
-0.00114296
0.
0.0725262
0.38326
0.012898
0.
-0.00268
0.268548
0.0144117
0.
-0.0270318
0.245401
0.0171775
-0.0516237
-0.017635
0.248387
-0.0230685
0.0227279
-0.0359643
0.356626
-0.0283151
-0.0511778
0.0176166
0.424387
-0.116703
-0.133825
0.150356
0.35806
0.110774
-0.135935
0.107012
0.329421
0.000357485
0.0277772
0.0456233
0.354463
0.105141
0.0826053
0.124626
0.262767
-0.0128586
-0.0281346
-0.00939949
0.387497
0.00136847
-0.0368699
0.0197028
0.258151
0.0186504
0.0296074
-0.0152181
0.35013
-0.00357117
0.032984
0.0231113
0.310742
-0.0968596
0.125246
0.114929
0.380163
-0.00534907
-0.0103296
0.0375952
0.30373
-0.0275305
0.0546077
-0.0524319
0.337655
0.0287409
0.129308
0.113804
