Vec Object: 1 MPI process
  type: seq
0.
0.
0.
-0.106354
0.
0.
0.
0.031219
0.163513
-0.167179
0.
-0.0723544
0.172636
-0.178156
0.
-0.0679567
0.189611
0.204341
0.
-0.0567846
0.177597
0.165727
0.
-0.0690417
0.387842
0.0094399
0.
0.00318597
0.375309
0.00915991
0.
0.00644499
0.390077
-0.0203883
0.
0.00769016
0.396401
-0.0182414
0.
0.00917757
0.
0.
0.
-0.0306888
0.
0.
0.
-0.0780879
0.312535
-0.056525
0.
-0.0163417
0.319797
0.0884681
0.
0.00373783
0.317459
-0.0512166
0.
-0.0101645
0.322986
0.114354
0.
0.0200166
0.343676
0.071706
0.
0.000382329
0.322875
-0.10412
0.
0.0155386
0.313272
0.040542
0.
-0.0188344
0.320301
-0.0629104
0.
-0.00178286
0.
0.
0.
-0.132761
0.
0.
0.
-0.00631837
0.
0.
0.
-0.00209536
0.
0.
0.
0.116027
0.
0.
0.
-0.0623841
0.
0.
0.
-0.154249
0.
0.
0.
-0.204534
0.
0.
0.
0.0349423
0.
0.
0.
-0.015587
0.
0.
0.
-0.0207027
0.
0.
0.
-0.164814
0.
0.
0.
0.029043
0.
0.
0.
-0.0799089
0.
0.
0.
-0.00240572
0.
0.
0.
0.146813
0.
0.
0.
0.0352003
0.
0.
0.
0.00160774
0.
0.
0.
0.00737641
1.
0.
0.
0.0440309
0.39764
-0.00834923
-0.000491656
-0.0034408
0.378764
0.
-0.00352196
-0.00371801
0.270546
0.
-0.00242095
-0.0138564
0.303998
0.
0.0188533
0.0490966
0.378374
0.
0.00459146
-0.010087
0.272745
0.
0.0135098
-0.0135897
0.315178
0.
-0.0061629
0.059668
0.306365
0.019148
0.
0.0593953
0.38079
0.0187607
0.
-0.00141204
0.257325
0.0214813
0.
-0.0180986
0.285409
0.00160348
0.
0.0543872
0.383165
0.0146462
0.
-0.00288032
0.265324
0.0165843
0.
-0.0179279
0.247768
0.0214153
-0.0545948
-0.00864567
0.248635
-0.0250682
0.0236591
-0.0215487
0.365703
-0.0249031
-0.0674711
0.00824964
0.425637
-0.139645
-0.149448
0.123778
0.355782
0.13218
-0.153651
0.0832551
0.339633
-0.021991
0.0273757
0.0312206
0.359418
0.119785
0.097281
0.0966509
0.275907
-0.0152756
-0.0294835
-0.00770249
0.402218
0.00181804
-0.0469214
0.0105202
0.257557
0.021495
0.0317923
-0.00191366
0.371234
0.00578041
0.0444283
0.0115834
0.315285
-0.114642
0.137866
0.0939867
0.400371
-0.00842436
-0.0068299
0.0227999
0.316769
0.00168143
0.0695857
-0.0741229
0.343581
0.0376023
0.142052
0.0861661
