Vec Object: 1 MPI process
  type: seq
0.
0.
0.
-0.0908158
0.
0.
0.
0.0208985
0.16688
-0.167365
0.
-0.0592488
0.174222
-0.178951
0.
-0.0593985
0.189323
0.205988
0.
-0.0499357
0.180645
0.164398
0.
-0.0526368
0.388877
0.00868378
0.
0.000841841
0.375795
0.00837326
0.
0.0083335
0.391111
-0.0212192
0.
0.00898375
0.397961
-0.0169549
0.
0.0056805
0.
0.
0.
-0.022631
0.
0.
0.
-0.0628916
0.319131
-0.0572843
0.
-0.01386
0.318169
0.0893142
0.
0.00344835
0.324057
-0.0510136
0.
-0.0133821
0.321953
0.111907
0.
0.0177679
0.350741
0.0741282
0.
-0.00325415
0.322159
-0.10295
0.
0.0139773
0.319036
0.0379697
0.
-0.013699
0.3201
-0.062517
0.
-0.00234861
0.
0.
0.
-0.120504
0.
0.
0.
0.013536
0.
0.
0.
-0.0121969
0.
0.
0.
0.140773
0.
0.
0.
-0.0467087
0.
0.
0.
-0.148383
0.
0.
0.
-0.225775
0.
0.
0.
0.00382266
0.
0.
0.
-0.049112
0.
0.
0.
-0.0349731
0.
0.
0.
-0.15972
0.
0.
0.
0.0325658
0.
0.
0.
-0.093931
0.
0.
0.
0.00614055
0.
0.
0.
0.0968451
0.
0.
0.
-0.00993227
0.
0.
0.
-0.0113931
0.
0.
0.
0.0106536
1.
0.
0.
0.0385291
0.39422
-0.0081514
-0.000147678
-0.00225274
0.380848
0.
-0.00420385
-0.00486952
0.267578
0.
-0.00352484
-0.00985708
0.287724
0.
0.0219003
0.0408117
0.377474
0.
0.00531385
-0.0100293
0.268974
0.
0.0154704
-0.00684538
0.301401
0.
-0.00508455
0.0455381
0.286204
0.0222293
0.
0.0435506
0.382493
0.0178472
0.
-0.00253143
0.254211
0.0191164
0.
-0.0137649
0.266865
0.0048404
0.
0.0413537
0.382902
0.0159203
0.
-0.0033627
0.262625
0.0179903
0.
-0.0113444
0.250201
0.0245465
-0.0551103
-0.00293226
0.248868
-0.0252413
0.0230896
-0.0109301
0.370594
-0.0223638
-0.0828881
0.00140905
0.429823
-0.15837
-0.162976
0.102872
0.357978
0.149769
-0.169025
0.0655003
0.339761
-0.042838
0.0253037
0.0208484
0.365029
0.129823
0.110751
0.0762542
0.287982
-0.0160548
-0.0304388
-0.00707762
0.409916
0.00205364
-0.0545007
0.0039853
0.255998
0.0211261
0.032889
0.00839739
0.389873
0.0149625
0.0563754
0.00408379
0.322703
-0.129193
0.147869
0.0788618
0.415918
-0.0104468
-0.00314767
0.0129794
0.317715
0.0325163
0.0816028
-0.081105
0.351203
0.0445013
0.150673
0.067016
