Vec Object: 1 MPI process
  type: seq
0.
0.
0.
-0.0742759
0.
0.
0.
0.02026
0.171017
-0.168443
0.
-0.0445372
0.17673
-0.180583
0.
-0.0482798
0.190314
0.208188
0.
-0.0403154
0.18379
0.163582
0.
-0.034468
0.390196
0.00844567
0.
-0.00122138
0.377348
0.00657493
0.
0.0100035
0.393505
-0.0223169
0.
0.00912283
0.399929
-0.0159059
0.
0.00221431
0.
0.
0.
-0.0171829
0.
0.
0.
-0.0539995
0.32816
-0.058415
0.
-0.0108126
0.315463
0.0904868
0.
0.00273764
0.333517
-0.0496946
0.
-0.0155063
0.320818
0.107991
0.
0.0143513
0.360614
0.0763376
0.
-0.00538901
0.321456
-0.100851
0.
0.0112267
0.326326
0.0348965
0.
-0.00843262
0.320915
-0.0615016
0.
-0.00375812
0.
0.
0.
-0.0977418
0.
0.
0.
0.0294076
0.
0.
0.
-0.0107962
0.
0.
0.
0.154784
0.
0.
0.
-0.0388394
0.
0.
0.
-0.130842
0.
0.
0.
-0.232541
0.
0.
0.
-0.017957
0.
0.
0.
-0.0715753
0.
0.
0.
-0.0372275
0.
0.
0.
-0.131851
0.
0.
0.
0.040667
0.
0.
0.
-0.0924384
0.
0.
0.
0.0168947
0.
0.
0.
0.0475884
0.
0.
0.
-0.0470424
0.
0.
0.
-0.00966107
0.
0.
0.
0.0100422
1.
0.
0.
0.0297579
0.388145
-0.00759045
0.00048252
-0.000416875
0.383855
0.
-0.00494459
-0.00596558
0.264158
0.
-0.00510347
-0.00561439
0.264982
0.
0.025983
0.0312295
0.375113
0.
0.00589072
-0.00929116
0.263441
0.
0.0181484
0.000518747
0.281757
0.
-0.00295596
0.0296338
0.257647
0.0257217
0.
0.0272435
0.385097
0.0168376
0.
-0.00358025
0.251344
0.0147043
0.
-0.00955764
0.239287
0.0105228
0.
0.0284264
0.381591
0.0170254
0.
-0.00366648
0.259451
0.018544
0.
-0.00466896
0.253548
0.0280602
-0.0523844
0.000558511
0.24867
-0.0219303
0.0200721
-0.00110157
0.371729
-0.0202208
-0.102991
-0.00583202
0.43973
-0.17886
-0.180683
0.0798564
0.36897
0.169512
-0.188051
0.0477419
0.325292
-0.0655817
0.0209223
0.010527
0.374031
0.138392
0.127216
0.0560074
0.304169
-0.0158129
-0.0316428
-0.00817577
0.411991
0.00216992
-0.0602593
-0.00301205
0.251746
0.0154409
0.0335665
0.0180012
0.414942
0.0275616
0.0743375
-0.00284084
0.338495
-0.145768
0.159243
0.0634926
0.431337
-0.0113036
0.00136358
0.00427261
0.304426
0.0711067
0.0914528
-0.0778085
0.366034
0.0509223
0.157181
0.049144
