Vec Object: 1 MPI process
  type: seq
0.
0.
0.
-0.0893861
0.
0.
0.
0.0204258
0.167178
-0.167406
0.
-0.0581145
0.174374
-0.179042
0.
-0.0586257
0.189336
0.206141
0.
-0.0492764
0.180901
0.164299
0.
-0.051205
0.38897
0.00863587
0.
0.000661727
0.375862
0.00828288
0.
0.00850212
0.391236
-0.021295
0.
0.00906217
0.398101
-0.0168553
0.
0.00539774
0.
0.
0.
-0.0220223
0.
0.
0.
-0.0618218
0.319749
-0.0573529
0.
-0.0136182
0.318003
0.0893889
0.
0.00339858
0.324689
-0.0509622
0.
-0.013618
0.321861
0.111657
0.
0.0175319
0.351411
0.0743215
0.
-0.00350706
0.322099
-0.102821
0.
0.0137985
0.319557
0.0377374
0.
-0.0132543
0.320109
-0.0624633
0.
-0.00243621
0.
0.
0.
-0.11902
0.
0.
0.
0.0151096
0.
0.
0.
-0.0125817
0.
0.
0.
0.142613
0.
0.
0.
-0.0456063
0.
0.
0.
-0.147397
0.
0.
0.
-0.226987
0.
0.
0.
0.0015977
0.
0.
0.
-0.0514826
0.
0.
0.
-0.0356931
0.
0.
0.
-0.158409
0.
0.
0.
0.033087
0.
0.
0.
-0.0945072
0.
0.
0.
0.00695248
0.
0.
0.
0.092737
0.
0.
0.
-0.013383
0.
0.
0.
-0.0118835
0.
0.
0.
0.0108143
1.
0.
0.
0.0379616
0.393856
-0.00812569
-0.000111717
-0.00212083
0.381053
0.
-0.00426272
-0.00497077
0.267314
0.
-0.00363009
-0.00952079
0.286183
0.
0.0221873
0.0400925
0.377361
0.
0.00536994
-0.0100116
0.268606
0.
0.015654
-0.00626079
0.30008
0.
-0.00496776
0.0443028
0.284276
0.022503
0.
0.0422203
0.382665
0.0177671
0.
-0.00262946
0.253952
0.0188626
0.
-0.0134088
0.265062
0.00518302
0.
0.0402866
0.382854
0.0160217
0.
-0.00340546
0.262386
0.0180848
0.
-0.0107962
0.250441
0.024809
-0.0550457
-0.00253456
0.248885
-0.0251565
0.0229632
-0.0100686
0.370882
-0.022164
-0.0843349
0.000830737
0.430359
-0.159997
-0.164225
0.101073
0.358424
0.151309
-0.170424
0.0640292
0.339296
-0.0447089
0.0250409
0.0199884
0.365606
0.130603
0.111992
0.0745762
0.28912
-0.01607
-0.0305206
-0.00708736
0.410362
0.00206862
-0.0550919
0.00343412
0.255793
0.0209312
0.0329562
0.00924237
0.391612
0.0158447
0.0575648
0.0034904
0.323575
-0.130471
0.148741
0.0776145
0.417215
-0.010585
-0.00280026
0.0122142
0.317288
0.0354575
0.0825762
-0.0812658
0.352048
0.0450744
0.151325
0.0654881
