Vec Object: 1 MPI process
  type: seq
0.
0.
0.
-0.0914732
0.
0.
0.
0.0211392
0.166743
-0.167348
0.
-0.0597704
0.174154
-0.178911
0.
-0.0597512
0.189319
0.205919
0.
-0.050235
0.180526
0.164445
0.
-0.0532953
0.388834
0.00870695
0.
0.000925785
0.375767
0.00841313
0.
0.00825531
0.391056
-0.0211845
0.
0.00894511
0.397897
-0.0170014
0.
0.00581149
0.
0.
0.
-0.0229179
0.
0.
0.
-0.0634004
0.31885
-0.0572532
0.
-0.0139704
0.318243
0.0892802
0.
0.00347033
0.32377
-0.0510352
0.
-0.0132708
0.321995
0.112021
0.
0.0178746
0.350436
0.0740383
0.
-0.00313394
0.322186
-0.103008
0.
0.0140574
0.318798
0.0380761
0.
-0.0139044
0.320097
-0.0625405
0.
-0.00230996
0.
0.
0.
-0.121166
0.
0.
0.
0.0128001
0.
0.
0.
-0.0119927
0.
0.
0.
0.139901
0.
0.
0.
-0.0472347
0.
0.
0.
-0.148812
0.
0.
0.
-0.225182
0.
0.
0.
0.00487318
0.
0.
0.
-0.0479906
0.
0.
0.
-0.0346128
0.
0.
0.
-0.160275
0.
0.
0.
0.032336
0.
0.
0.
-0.0936297
0.
0.
0.
0.00576985
0.
0.
0.
0.098748
0.
0.
0.
-0.00831779
0.
0.
0.
-0.0111324
0.
0.
0.
0.010571
1.
0.
0.
0.0387848
0.394383
-0.0081626
-0.000163769
-0.00231229
0.380755
0.
-0.00417674
-0.00482267
0.267699
0.
-0.00347706
-0.0100122
0.288423
0.
0.0217697
0.0411421
0.377523
0.
0.0052876
-0.0100362
0.269141
0.
0.0153868
-0.00711433
0.302
0.
-0.00513661
0.0461059
0.287078
0.0221036
0.
0.0441653
0.382415
0.0178841
0.
-0.00248604
0.254331
0.0192298
0.
-0.0139298
0.267681
0.00468679
0.
0.041848
0.382922
0.0158731
0.
-0.00334269
0.262735
0.017945
0.
-0.0115978
0.250092
0.0244255
-0.0551332
-0.00312132
0.24886
-0.0252736
0.0231429
-0.0113304
0.370453
-0.0224572
-0.0822287
0.00167569
0.429587
-0.157621
-0.162407
0.103701
0.35779
0.149062
-0.168386
0.0661811
0.339945
-0.0419782
0.02542
0.0212461
0.36477
0.129459
0.110185
0.0770313
0.287464
-0.016045
-0.0304013
-0.00707721
0.409698
0.00204645
-0.0542237
0.00423931
0.256087
0.0212054
0.0328567
0.008005
0.389082
0.0145617
0.0558377
0.00435957
0.322317
-0.128606
0.147469
0.0794389
0.415317
-0.0103806
-0.00330632
0.0133361
0.317881
0.0311751
0.0811489
-0.0810071
0.350826
0.0442357
0.150367
0.0677262
