Vec Object: 1 MPI process
  type: seq
0.
0.
0.
-0.110564
0.
0.
0.
0.0363515
0.162437
-0.167203
0.
-0.0765968
0.172139
-0.177981
0.
-0.0706754
0.189835
0.20384
0.
-0.0587283
0.176593
0.166197
0.
-0.0742341
0.387511
0.00974802
0.
0.00406881
0.375209
0.00936263
0.
0.00595432
0.389854
-0.0201373
0.
0.00721127
0.395906
-0.0187004
0.
0.0104163
0.
0.
0.
-0.0334534
0.
0.
0.
-0.0837194
0.310566
-0.0562602
0.
-0.016949
0.320238
0.0881751
0.
0.00366802
0.31554
-0.051157
0.
-0.00897764
0.323305
0.114976
0.
0.020501
0.341603
0.070865
0.
0.0017799
0.323108
-0.104371
0.
0.0158007
0.311482
0.0413127
0.
-0.0204022
0.320445
-0.0629522
0.
-0.00183155
0.
0.
0.
-0.134621
0.
0.
0.
-0.0129239
0.
0.
0.
0.00325251
0.
0.
0.
0.107546
0.
0.
0.
-0.0680532
0.
0.
0.
-0.153882
0.
0.
0.
-0.19505
0.
0.
0.
0.04688
0.
0.
0.
-0.00265307
0.
0.
0.
-0.013943
0.
0.
0.
-0.162707
0.
0.
0.
0.0290226
0.
0.
0.
-0.0727533
0.
0.
0.
-0.00471705
0.
0.
0.
0.163745
0.
0.
0.
0.0515264
0.
0.
0.
0.00850545
0.
0.
0.
0.00599108
1.
0.
0.
0.0454404
0.398504
-0.00838931
-0.000585163
-0.00363665
0.378198
0.
-0.00330487
-0.00339343
0.271465
0.
-0.00210017
-0.0152167
0.308808
0.
0.0179613
0.0517943
0.378572
0.
0.00433913
-0.0101004
0.273808
0.
0.0129274
-0.0157683
0.319165
0.
-0.00643888
0.0641593
0.312229
0.0181977
0.
0.0646342
0.380345
0.0190416
0.
-0.00109582
0.258334
0.0220778
0.
-0.0195862
0.290724
0.000783852
0.
0.0588454
0.38319
0.0142087
0.
-0.00276835
0.266169
0.0160529
0.
-0.0201527
0.247104
0.0203609
-0.0540334
-0.0108144
0.248566
-0.0246918
0.0235629
-0.0251505
0.363638
-0.0257724
-0.0629908
0.010542
0.424949
-0.133695
-0.145344
0.130548
0.355948
0.126622
-0.148969
0.0892079
0.337879
-0.015799
0.027691
0.0347411
0.357956
0.116218
0.0932931
0.103573
0.272366
-0.014797
-0.0291578
-0.00810016
0.398904
0.00171847
-0.0443407
0.0127355
0.257826
0.0210451
0.0313132
-0.00533313
0.365649
0.003178
0.041172
0.0142842
0.31371
-0.11004
0.134651
0.0991388
0.395235
-0.0076683
-0.00785466
0.0263313
0.314503
-0.00682879
0.0656518
-0.0699068
0.341759
0.0353342
0.13895
0.0928768
