Vec Object: 1 MPI process
  type: seq
0.
0.
0.
-0.0886216
0.
0.
0.
0.0202013
0.167339
-0.16743
0.
-0.0575069
0.174457
-0.179092
0.
-0.0582081
0.189347
0.206223
0.
-0.0489184
0.181037
0.164247
0.
-0.0504384
0.389021
0.00861166
0.
0.000566609
0.3759
0.00823224
0.
0.0085914
0.391307
-0.021336
0.
0.00910082
0.398177
-0.0168029
0.
0.00524744
0.
0.
0.
-0.0217055
0.
0.
0.
-0.06127
0.320084
-0.0573903
0.
-0.013488
0.317912
0.0894293
0.
0.00337091
0.325033
-0.0509319
0.
-0.0137408
0.321813
0.111519
0.
0.0174033
0.351774
0.0744237
0.
-0.00363759
0.322067
-0.10275
0.
0.0137003
0.319837
0.0376125
0.
-0.0130173
0.320117
-0.0624332
0.
-0.00248505
0.
0.
0.
-0.118201
0.
0.
0.
0.0159362
0.
0.
0.
-0.0127544
0.
0.
0.
0.143565
0.
0.
0.
-0.0450405
0.
0.
0.
-0.146839
0.
0.
0.
-0.227592
0.
0.
0.
0.000439955
0.
0.
0.
-0.0527132
0.
0.
0.
-0.0360427
0.
0.
0.
-0.157649
0.
0.
0.
0.0333778
0.
0.
0.
-0.0947708
0.
0.
0.
0.0073904
0.
0.
0.
0.0905537
0.
0.
0.
-0.0151967
0.
0.
0.
-0.0121029
0.
0.
0.
0.0108892
1.
0.
0.
0.037651
0.393656
-0.0081111
-9.18718e-05
-0.00204892
0.381164
0.
-0.00429418
-0.00502455
0.267173
0.
-0.00368726
-0.00934116
0.285347
0.
0.0223428
0.0397067
0.377298
0.
0.00539941
-0.0100005
0.268406
0.
0.0157535
-0.00594788
0.299362
0.
-0.00490305
0.0436407
0.283229
0.0226498
0.
0.0415114
0.382759
0.0177243
0.
-0.00268149
0.253814
0.0187225
0.
-0.0132196
0.26408
0.00537157
0.
0.0397194
0.382826
0.0160751
0.
-0.00342784
0.262258
0.0181329
0.
-0.0105042
0.250571
0.0249493
-0.0550026
-0.00232931
0.248893
-0.0251024
0.0228894
-0.00961238
0.371025
-0.0220589
-0.0851172
0.00052184
0.43066
-0.160867
-0.1649
0.10011
0.358684
0.152134
-0.171177
0.0632467
0.339009
-0.0457108
0.0248945
0.0195307
0.365921
0.131013
0.11266
0.0736842
0.289736
-0.0160749
-0.0305646
-0.00709769
0.410583
0.00207628
-0.0554018
0.00313951
0.255677
0.0208135
0.0329906
0.00969
0.392553
0.0163234
0.0582135
0.00317612
0.324061
-0.131156
0.149208
0.0769506
0.417905
-0.0106556
-0.00261295
0.0118102
0.317022
0.0370459
0.0830889
-0.0813227
0.352516
0.0453784
0.151666
0.0646791
