Vec Object: 1 MPI process
  type: seq
0.
0.
0.
-0.0793015
0.
0.
0.
0.276834
0.148263
-0.161446
0.
-0.091016
0.164572
-0.171313
0.
-0.0690295
0.212722
0.181553
0.
0.00900014
0.164132
0.168442
0.
-0.100724
0.363148
0.0346797
0.
0.130565
0.358984
0.0293461
0.
0.0984324
0.369189
-0.033645
0.
0.118749
0.369545
-0.0445677
0.
0.137128
0.
0.
0.
-0.106513
0.
0.
0.
-0.237744
0.273125
-0.0560614
0.
-0.0842684
0.327372
0.0637939
0.
-0.0875353
0.280894
-0.0564681
0.
-0.0602739
0.330502
0.0960338
0.
-0.0752755
0.304553
0.0630308
0.
-0.0377903
0.328885
-0.0800025
0.
-0.0823886
0.272589
0.0582486
0.
-0.0879607
0.324437
-0.0461452
0.
-0.103919
0.
0.
0.
0.0283882
0.
0.
0.
-0.120517
0.
0.
0.
0.271034
0.
0.
0.
-0.00187237
0.
0.
0.
-0.182156
0.
0.
0.
0.0591736
0.
0.
0.
0.216194
0.
0.
0.
0.441494
0.
0.
0.
0.418517
0.
0.
0.
0.281235
0.
0.
0.
0.174029
0.
0.
0.
0.12046
0.
0.
0.
0.259698
0.
0.
0.
-0.0242098
0.
0.
0.
0.600622
0.
0.
0.
0.527121
0.
0.
0.
0.363899
0.
0.
0.
-0.0582807
1.
0.
0.
0.143329
0.39632
-0.00759972
-0.00146965
0.127244
0.383466
0.
0.000691963
-0.0162673
0.285674
0.
0.00223896
-0.147141
0.389288
0.
0.00446843
0.134007
0.395738
0.
-0.000491934
-0.0111773
0.286523
0.
0.00418676
-0.155237
0.375053
0.
-0.00800421
0.180427
0.402153
0.00239155
0.
0.193059
0.390043
0.0193034
0.
-0.0138216
0.275288
0.0227618
0.
-0.151183
0.369236
-0.00218652
0.
0.205202
0.401634
0.00580284
0.
-0.00230186
0.279775
0.00609756
0.
-0.164389
0.234393
-0.00224615
-0.0243745
-0.137902
0.243909
-0.0076549
0.00903124
-0.190528
0.289949
-0.032127
-0.00860354
0.0228527
0.448099
-0.01843
-0.0641176
0.312296
0.393255
0.0187769
-0.0636162
0.242322
0.219302
0.0387608
0.0117737
0.100919
0.343455
0.0234806
0.0378418
0.295521
0.21144
0.00386457
-0.0184345
-0.0710098
0.279528
-0.00107126
-0.00389724
0.0485167
0.248694
-0.00697138
0.0128669
-0.151881
0.259483
-0.0241149
0.00959118
0.0603238
0.317353
-0.016884
0.0621506
0.242969
0.284379
0.00726958
-0.00854763
0.0931352
0.157561
-0.0497788
0.0100165
0.168184
0.327226
-0.00955201
0.0584635
0.294582
