Vec Object: 1 MPI process
  type: seq
0.
0.
0.
-0.0954202
0.
0.
0.
0.0229031
0.165924
-0.167264
0.
-0.0629228
0.173754
-0.178684
0.
-0.0618521
0.189328
0.205507
0.
-0.0519937
0.179804
0.164743
0.
-0.057272
0.38858
0.00886099
0.
0.00144841
0.375615
0.00863429
0.
0.00777929
0.390752
-0.0209783
0.
0.00868116
0.397514
-0.0172921
0.
0.00661651
0.
0.
0.
-0.0247341
0.
0.
0.
-0.06668
0.317189
-0.0570698
0.
-0.014624
0.318675
0.0890776
0.
0.0035889
0.322086
-0.0511387
0.
-0.0125633
0.322248
0.112675
0.
0.0184933
0.348643
0.0734818
0.
-0.00235852
0.322356
-0.103338
0.
0.0145134
0.317378
0.0387137
0.
-0.015152
0.320105
-0.0626684
0.
-0.00210044
0.
0.
0.
-0.12488
0.
0.
0.
0.00821251
0.
0.
0.
-0.0103984
0.
0.
0.
0.134348
0.
0.
0.
-0.0506378
0.
0.
0.
-0.151073
0.
0.
0.
-0.221133
0.
0.
0.
0.0115768
0.
0.
0.
-0.0408082
0.
0.
0.
-0.032053
0.
0.
0.
-0.162995
0.
0.
0.
0.0310904
0.
0.
0.
-0.0913325
0.
0.
0.
0.00357199
0.
0.
0.
0.11042
0.
0.
0.
0.00179208
0.
0.
0.
-0.00909
0.
0.
0.
0.0099665
1.
0.
0.
0.040261
0.395313
-0.00822292
-0.000255737
-0.00265508
0.380212
0.
-0.00401242
-0.00453769
0.268425
0.
-0.00319591
-0.0109554
0.292547
0.
0.0209977
0.0431348
0.377791
0.
0.00512355
-0.010065
0.270115
0.
0.0148927
-0.00873993
0.305521
0.
-0.00543162
0.0495308
0.292221
0.0213478
0.
0.0479154
0.381964
0.0181068
0.
-0.00220961
0.255069
0.0198757
0.
-0.0149409
0.272455
0.00380767
0.
0.0448819
0.383022
0.01558
0.
-0.00321949
0.263394
0.0176475
0.
-0.0131456
0.249457
0.0236884
-0.055186
-0.00434165
0.248805
-0.0253868
0.0234048
-0.013798
0.369494
-0.0230387
-0.0783243
0.0032964
0.428295
-0.153094
-0.15903
0.108717
0.356857
0.144792
-0.164572
0.0703499
0.340683
-0.0368085
0.0260618
0.0236785
0.36327
0.127188
0.106809
0.0817959
0.284405
-0.0159484
-0.0301752
-0.00712657
0.408208
0.00199905
-0.0524901
0.00578271
0.256572
0.021554
0.0326418
0.00558962
0.384398
0.012204
0.0527066
0.00606523
0.320163
-0.12507
0.145053
0.0829723
0.411646
-0.00994892
-0.00424768
0.0155552
0.318496
0.0232433
0.0783368
-0.0800945
0.348699
0.0426068
0.148441
0.0721169
