Vec Object: 1 MPI process
  type: seq
0.
0.
0.
-0.0744486
0.
0.
0.
0.0201857
0.17095
-0.168416
0.
-0.0447481
0.176681
-0.18055
0.
-0.0484642
0.190282
0.208152
0.
-0.0404732
0.183748
0.163583
0.
-0.0347157
0.390175
0.00844076
0.
-0.0011966
0.377311
0.0066147
0.
0.00999359
0.393455
-0.0222982
0.
0.009139
0.399898
-0.0159159
0.
0.00226126
0.
0.
0.
-0.0172114
0.
0.
0.
-0.0540363
0.328008
-0.0583929
0.
-0.010851
0.315514
0.0904643
0.
0.00274639
0.333355
-0.0497265
0.
-0.015495
0.320833
0.108061
0.
0.0144056
0.360447
0.0763111
0.
-0.00537979
0.321464
-0.100889
0.
0.0112728
0.326208
0.0349416
0.
-0.00849548
0.320889
-0.0615225
0.
-0.00373501
0.
0.
0.
-0.0981012
0.
0.
0.
0.0292754
0.
0.
0.
-0.0109127
0.
0.
0.
0.154803
0.
0.
0.
-0.0388222
0.
0.
0.
-0.131151
0.
0.
0.
-0.232596
0.
0.
0.
-0.0177644
0.
0.
0.
-0.0713962
0.
0.
0.
-0.037307
0.
0.
0.
-0.132411
0.
0.
0.
0.0405486
0.
0.
0.
-0.0926034
0.
0.
0.
0.0167428
0.
0.
0.
0.0482181
0.
0.
0.
-0.0466483
0.
0.
0.
-0.0098047
0.
0.
0.
0.0101015
1.
0.
0.
0.0299082
0.38826
-0.00760357
0.000469798
-0.000443246
0.383806
0.
-0.00493445
-0.00595576
0.264207
0.
-0.00507594
-0.00567264
0.265365
0.
0.0259181
0.0313739
0.375167
0.
0.00588558
-0.00931382
0.263535
0.
0.0181033
0.000420856
0.28209
0.
-0.00300077
0.0298566
0.258128
0.0256744
0.
0.0274586
0.385053
0.0168514
0.
-0.00357128
0.251373
0.0147925
0.
-0.0096088
0.239772
0.0104157
0.
0.028597
0.381625
0.0170138
0.
-0.00366903
0.259498
0.0185503
0.
-0.0047551
0.2535
0.0280032
-0.0524571
0.000536296
0.248686
-0.0220237
0.0201412
-0.00121512
0.371764
-0.0202431
-0.102683
-0.005735
0.439533
-0.178584
-0.180399
0.0801802
0.368707
0.169238
-0.187764
0.0479717
0.325653
-0.0653112
0.0209976
0.010655
0.373873
0.138297
0.126983
0.0562707
0.303913
-0.0158178
-0.0316208
-0.00814731
0.412027
0.00216974
-0.0602183
-0.00291587
0.251842
0.0155838
0.0335564
0.0178918
0.414532
0.0273638
0.0740342
-0.0027565
0.338179
-0.145533
0.159079
0.0637011
0.431147
-0.0113117
0.00130394
0.00437739
0.304744
0.0705931
0.091377
-0.077934
0.365741
0.0508569
0.157126
0.0493684
