Vec Object: 1 MPI process
  type: seq
0.
0.
0.
-0.122649
0.
0.
0.
0.0921089
0.15488
-0.167956
0.
-0.10597
0.168169
-0.177578
0.
-0.090388
0.19245
0.200459
0.
-0.068752
0.169588
0.169568
0.
-0.108374
0.384784
0.0126855
0.
0.013346
0.374242
0.0110777
0.
0.00650735
0.388605
-0.0189111
0.
0.00620734
0.392132
-0.0224471
0.
0.0216452
0.
0.
0.
-0.0500399
0.
0.
0.
-0.123973
0.29823
-0.0535886
0.
-0.0176223
0.322657
0.085239
0.
-0.000825723
0.303895
-0.049521
0.
0.000556883
0.325316
0.116824
0.
0.0185397
0.328973
0.0646013
0.
0.0129346
0.324652
-0.104063
0.
0.0124355
0.299624
0.0454437
0.
-0.0282087
0.321765
-0.0619665
0.
-0.00729237
0.
0.
0.
-0.118939
0.
0.
0.
-0.0523974
0.
0.
0.
0.0634873
0.
0.
0.
0.057167
0.
0.
0.
-0.104943
0.
0.
0.
-0.122386
0.
0.
0.
-0.100645
0.
0.
0.
0.148838
0.
0.
0.
0.107814
0.
0.
0.
0.0559771
0.
0.
0.
-0.106236
0.
0.
0.
0.0445864
0.
0.
0.
0.00427585
0.
0.
0.
-0.0125859
0.
0.
0.
0.288025
0.
0.
0.
0.1811
0.
0.
0.
0.0854661
0.
0.
0.
-0.00315439
1.
0.
0.
0.051611
0.402381
-0.00856567
-0.00113974
-0.000262369
0.375687
0.
-0.00190996
-0.0027659
0.277085
0.
-0.00024238
-0.0270414
0.338904
0.
0.0126859
0.0714256
0.379914
0.
0.00253638
-0.0110937
0.27965
0.
0.00939824
-0.0321796
0.342885
0.
-0.00782397
0.0946713
0.347607
0.0122717
0.
0.10134
0.3787
0.0205584
0.
-0.000533035
0.264741
0.0247501
0.
-0.0322905
0.322402
-0.00286629
0.
0.0927
0.383694
0.0111118
0.
-0.00325291
0.271501
0.0121546
0.
-0.0378219
0.243407
0.0127055
-0.0470883
-0.0274502
0.248091
-0.020142
0.0206696
-0.0514046
0.345392
-0.0315336
-0.0378981
0.0282868
0.426393
-0.0946475
-0.11892
0.177318
0.363597
0.0901985
-0.119497
0.131827
0.31243
0.0175371
0.0263023
0.0620078
0.351229
0.089032
0.0701479
0.155071
0.251038
-0.00921966
-0.0265646
-0.0108172
0.36899
0.000781309
-0.0274828
0.0306496
0.25771
0.0136226
0.0267181
-0.0281133
0.330395
-0.0110009
0.024443
0.0374529
0.30961
-0.0795584
0.112398
0.138094
0.359896
-0.00219263
-0.0124348
0.0548321
0.281775
-0.0464555
0.0413104
-0.0175673
0.334179
0.0200428
0.115326
0.145111
