Vec Object: 1 MPI process
  type: seq
0.
0.
0.
-0.0743002
0.
0.
0.
0.0202493
0.171007
-0.16844
0.
-0.0445671
0.176723
-0.180579
0.
-0.048306
0.190309
0.208183
0.
-0.0403379
0.183784
0.163582
0.
-0.0345031
0.390193
0.00844495
0.
-0.00121787
0.377343
0.00658062
0.
0.0100021
0.393498
-0.0223143
0.
0.00912517
0.399924
-0.0159073
0.
0.00222097
0.
0.
0.
-0.0171868
0.
0.
0.
-0.0540045
0.328138
-0.0584118
0.
-0.010818
0.315471
0.0904836
0.
0.00273887
0.333494
-0.0496992
0.
-0.0155047
0.32082
0.108001
0.
0.0143591
0.36059
0.0763338
0.
-0.00538774
0.321457
-0.100857
0.
0.0112333
0.326309
0.0349029
0.
-0.00844151
0.320912
-0.0615046
0.
-0.00375484
0.
0.
0.
-0.0977928
0.
0.
0.
0.029389
0.
0.
0.
-0.0108129
0.
0.
0.
0.154787
0.
0.
0.
-0.0388367
0.
0.
0.
-0.130886
0.
0.
0.
-0.232549
0.
0.
0.
-0.0179299
0.
0.
0.
-0.0715502
0.
0.
0.
-0.037239
0.
0.
0.
-0.131931
0.
0.
0.
0.0406502
0.
0.
0.
-0.0924621
0.
0.
0.
0.0168731
0.
0.
0.
0.0476776
0.
0.
0.
-0.0469868
0.
0.
0.
-0.00968165
0.
0.
0.
0.0100507
1.
0.
0.
0.0297793
0.388162
-0.00759233
0.000480704
-0.000420616
0.383848
0.
-0.00494316
-0.0059642
0.264165
0.
-0.00509955
-0.00562265
0.265037
0.
0.0259738
0.0312501
0.375121
0.
0.00589
-0.00929441
0.263454
0.
0.018142
0.000504876
0.281804
0.
-0.00296236
0.0296655
0.257715
0.025715
0.
0.027274
0.385091
0.0168395
0.
-0.003579
0.251348
0.0147169
0.
-0.00956488
0.239356
0.0105075
0.
0.0284506
0.381596
0.0170238
0.
-0.00366686
0.259458
0.018545
0.
-0.00468117
0.253542
0.0280521
-0.0523948
0.000555408
0.248672
-0.0219437
0.020082
-0.00111763
0.371734
-0.0202239
-0.102947
-0.00581827
0.439702
-0.178821
-0.180643
0.0799023
0.368932
0.169473
-0.18801
0.0477745
0.325344
-0.0655435
0.020933
0.0105451
0.374008
0.138379
0.127183
0.0560447
0.304133
-0.0158136
-0.0316397
-0.00817171
0.411996
0.0021699
-0.0602536
-0.00299841
0.25176
0.0154614
0.033565
0.0179857
0.414884
0.0275335
0.0742943
-0.0028289
0.33845
-0.145735
0.15922
0.0635222
0.43131
-0.0113048
0.00135514
0.00428745
0.304472
0.071034
0.0914422
-0.0778264
0.365992
0.0509131
0.157173
0.0491758
