Vec Object: 1 MPI process
  type: seq
0.
0.
0.
-0.0777943
0.
0.
0.
0.0192883
0.169874
-0.168024
0.
-0.0483158
0.175932
-0.180044
0.
-0.0514381
0.18985
0.207564
0.
-0.0430382
0.183024
0.163659
0.
-0.0389902
0.389831
0.00840586
0.
-0.000752869
0.376764
0.00720586
0.
0.00973864
0.392695
-0.0220004
0.
0.00931233
0.399385
-0.0161137
0.
0.00306594
0.
0.
0.
-0.0179588
0.
0.
0.
-0.0551071
0.32557
-0.0580542
0.
-0.0115392
0.316304
0.0901205
0.
0.00291128
0.330761
-0.0501952
0.
-0.0151993
0.321089
0.109163
0.
0.0152989
0.357772
0.0758383
0.
-0.00511436
0.321616
-0.101491
0.
0.0120211
0.324301
0.0356973
0.
-0.00963467
0.320523
-0.0618405
0.
-0.00335247
0.
0.
0.
-0.104121
0.
0.
0.
0.0265177
0.
0.
0.
-0.0124729
0.
0.
0.
0.15386
0.
0.
0.
-0.0392288
0.
0.
0.
-0.136187
0.
0.
0.
-0.232781
0.
0.
0.
-0.0139344
0.
0.
0.
-0.0676717
0.
0.
0.
-0.0381511
0.
0.
0.
-0.141205
0.
0.
0.
0.0384734
0.
0.
0.
-0.094742
0.
0.
0.
0.0141418
0.
0.
0.
0.0592707
0.
0.
0.
-0.0392865
0.
0.
0.
-0.0117421
0.
0.
0.
0.0108491
1.
0.
0.
0.03233
0.390049
-0.00779586
0.000276236
-0.000896221
0.383003
0.
-0.00476044
-0.00575275
0.26503
0.
-0.0046399
-0.00667325
0.27153
0.
0.0248526
0.0337713
0.375964
0.
0.00578126
-0.00962477
0.265048
0.
0.0173813
-0.00128983
0.287439
0.
-0.00367242
0.0336623
0.265875
0.0248538
0.
0.0311956
0.384338
0.0170886
0.
-0.00338121
0.251933
0.0161373
0.
-0.0105274
0.247455
0.00874885
0.
0.0315487
0.382113
0.016795
0.
-0.00366838
0.260285
0.018577
0.
-0.00626801
0.252669
0.0270946
-0.0535209
3.26971e-05
0.248865
-0.0233479
0.0211754
-0.0032843
0.37208
-0.0206636
-0.0975587
-0.00404907
0.436487
-0.173804
-0.175759
0.0856886
0.364842
0.16454
-0.182975
0.0519851
0.330985
-0.0603445
0.0222284
0.0129437
0.371357
0.136548
0.122989
0.0608566
0.299693
-0.0159218
-0.031282
-0.00770601
0.412309
0.00215847
-0.059289
-0.00125922
0.253259
0.0176743
0.033405
0.0158864
0.407868
0.0240886
0.0691357
-0.00124734
0.333322
-0.141538
0.156313
0.0672759
0.427753
-0.0113318
0.00024877
0.00624281
0.309533
0.0615108
0.089709
-0.0797331
0.361234
0.0495785
0.155992
0.0533094
