Vec Object: 1 MPI process
  type: seq
0.
0.
0.
-0.0467727
0.
0.
0.
0.352575
0.16116
-0.147646
0.
0.0855766
0.17737
-0.157474
0.
0.106875
0.230986
0.16457
0.
0.199289
0.177618
0.155144
0.
0.077395
0.35205
0.0453193
0.
0.131312
0.350888
0.0386278
0.
0.0883729
0.357049
-0.0442018
0.
0.129781
0.358608
-0.0548765
0.
0.136158
0.
0.
0.
-0.127581
0.
0.
0.
-0.276746
0.266036
-0.067938
0.
-0.149732
0.329086
0.0510017
0.
-0.197643
0.274397
-0.0713968
0.
-0.132149
0.332682
0.0799148
0.
-0.192912
0.297819
0.0733734
0.
-0.0946512
0.330706
-0.0633964
0.
-0.198376
0.264538
0.0702609
0.
-0.134499
0.325123
-0.0360783
0.
-0.218109
0.
0.
0.
0.0975288
0.
0.
0.
-0.132145
0.
0.
0.
0.354946
0.
0.
0.
0.00528566
0.
0.
0.
-0.199329
0.
0.
0.
0.138849
0.
0.
0.
0.340089
0.
0.
0.
0.561678
0.
0.
0.
0.535922
0.
0.
0.
0.367686
0.
0.
0.
0.28693
0.
0.
0.
0.155161
0.
0.
0.
0.353764
0.
0.
0.
-0.0225138
0.
0.
0.
0.750063
0.
0.
0.
0.667166
0.
0.
0.
0.488888
0.
0.
0.
-0.0852809
1.
0.
0.
0.351021
0.390787
-0.00644888
-0.00108826
0.139763
0.389826
0.
0.00131895
-0.0883731
0.287652
0.
0.00250167
-0.266949
0.389115
0.
0.002931
0.236674
0.405389
0.
-0.000709251
-0.071756
0.287652
0.
0.00347889
-0.269673
0.370728
0.
-0.00745286
0.289763
0.401814
0.00120882
0.
0.300763
0.397963
0.0172008
0.
-0.0853459
0.277609
0.0198574
0.
-0.266728
0.36744
-0.000273855
0.
0.323717
0.413116
0.00543607
0.
-0.0629084
0.281378
0.00611514
0.
-0.28018
0.231071
-0.00350085
-0.0190309
-0.217841
0.241697
-0.00512016
0.00631183
-0.294194
0.273131
-0.0251561
-0.00519356
0.00978036
0.450595
-0.00306033
-0.0513509
0.456239
0.395692
0.00491496
-0.0514204
0.353802
0.192879
0.0338233
0.00762184
0.116901
0.336637
0.00959923
0.0327588
0.404249
0.202032
0.00203986
-0.0159697
-0.114785
0.254546
-0.000578908
-0.0011126
0.0553179
0.244955
-0.00626108
0.00946631
-0.243163
0.242004
-0.0227
0.00872994
0.0574216
0.31562
-0.00332232
0.050319
0.336017
0.265492
0.00870701
-0.0054643
0.112001
0.122697
-0.0403766
0.0066679
0.236438
0.320687
-0.0145017
0.0453383
0.402051
