Vec Object: 1 MPI process
  type: seq
0.
0.
0.
-0.0817337
0.
0.
0.
0.0190868
0.168862
-0.167735
0.
-0.0518745
0.1753
-0.179627
0.
-0.0541813
0.189567
0.207021
0.
-0.0454263
0.182274
0.163834
0.
-0.043373
0.389506
0.0084443
0.
-0.000269532
0.376354
0.00767179
0.
0.00935576
0.392075
-0.0217306
0.
0.00932566
0.398901
-0.0163545
0.
0.00389094
0.
0.
0.
-0.019142
0.
0.
0.
-0.0569614
0.323336
-0.0577697
0.
-0.012278
0.316986
0.0898294
0.
0.00309222
0.328408
-0.0505497
0.
-0.0147357
0.321363
0.110145
0.
0.0161472
0.355324
0.0753221
0.
-0.00466398
0.321782
-0.102022
0.
0.0127134
0.322515
0.0364439
0.
-0.0108859
0.320291
-0.0621033
0.
-0.00299209
0.
0.
0.
-0.109895
0.
0.
0.
0.0229213
0.
0.
0.
-0.0132279
0.
0.
0.
0.150965
0.
0.
0.
-0.0407793
0.
0.
0.
-0.140767
0.
0.
0.
-0.231687
0.
0.
0.
-0.00909891
0.
0.
0.
-0.0627379
0.
0.
0.
-0.0380561
0.
0.
0.
-0.148661
0.
0.
0.
0.0363889
0.
0.
0.
-0.0956691
0.
0.
0.
0.0115161
0.
0.
0.
0.0709582
0.
0.
0.
-0.0307581
0.
0.
0.
-0.0126954
0.
0.
0.
0.0111545
1.
0.
0.
0.0345367
0.391591
-0.00794275
0.000115816
-0.0013516
0.382255
0.
-0.00458253
-0.00549637
0.265859
0.
-0.0042481
-0.007694
0.277175
0.
0.0238435
0.0360989
0.376578
0.
0.0056497
-0.00982708
0.266429
0.
0.0167193
-0.00306737
0.292322
0.
-0.00421579
0.0375092
0.272973
0.0240087
0.
0.0350875
0.383688
0.0173311
0.
-0.00313635
0.252606
0.0172592
0.
-0.0115252
0.254341
0.00730931
0.
0.0346182
0.382464
0.0165389
0.
-0.00360472
0.261057
0.0184779
0.
-0.00786162
0.251835
0.0262497
-0.0542929
-0.000707244
0.248924
-0.0242651
0.0219841
-0.00558898
0.371948
-0.0211557
-0.0926081
-0.00230695
0.433921
-0.168867
-0.171392
0.0912375
0.361901
0.159766
-0.178317
0.0562046
0.33498
-0.0548709
0.0233569
0.0154044
0.369092
0.134567
0.11896
0.0656639
0.29569
-0.0160218
-0.0309872
-0.00737044
0.412027
0.00213458
-0.0579938
0.000429167
0.254367
0.0192255
0.0332615
0.0136357
0.401669
0.0209645
0.0646419
0.000386409
0.32926
-0.137521
0.153554
0.0709404
0.424094
-0.0111717
-0.000854091
0.00827336
0.313233
0.0520432
0.0874574
-0.0808856
0.357444
0.0480651
0.154525
0.0575111
