Vec Object: 1 MPI process
  type: seq
0.
0.
0.
-0.11174
0.
0.
0.
0.0380809
0.162108
-0.167216
0.
-0.0778929
0.171986
-0.177934
0.
-0.0715076
0.189913
0.20369
0.
-0.0592974
0.176286
0.166342
0.
-0.0758056
0.38741
0.00984747
0.
0.00435341
0.37518
0.00942322
0.
0.00582393
0.389793
-0.0200628
0.
0.00706779
0.395754
-0.0188442
0.
0.0108072
0.
0.
0.
-0.0342935
0.
0.
0.
-0.0854757
0.309978
-0.056175
0.
-0.0171101
0.320366
0.0880817
0.
0.00362584
0.31497
-0.0511286
0.
-0.00860367
0.323401
0.115149
0.
0.0206196
0.340987
0.0706039
0.
0.00222358
0.323179
-0.104435
0.
0.0158521
0.310941
0.0415406
0.
-0.0208642
0.320494
-0.0629565
0.
-0.00187458
0.
0.
0.
-0.134976
0.
0.
0.
-0.0149223
0.
0.
0.
0.00507274
0.
0.
0.
0.104974
0.
0.
0.
-0.0697997
0.
0.
0.
-0.15355
0.
0.
0.
-0.191922
0.
0.
0.
0.0506851
0.
0.
0.
0.00147226
0.
0.
0.
-0.0116894
0.
0.
0.
-0.161723
0.
0.
0.
0.0291319
0.
0.
0.
-0.0703397
0.
0.
0.
-0.0053692
0.
0.
0.
0.168974
0.
0.
0.
0.0566521
0.
0.
0.
0.0108518
0.
0.
0.
0.00555555
1.
0.
0.
0.0458384
0.39875
-0.00840023
-0.000612659
-0.00367254
0.378035
0.
-0.00323924
-0.00330239
0.271741
0.
-0.00200528
-0.0156415
0.310243
0.
0.0176969
0.0526219
0.378627
0.
0.00426106
-0.0101079
0.27412
0.
0.0127539
-0.0164352
0.320346
0.
-0.00651815
0.0655226
0.313969
0.0179127
0.
0.0662397
0.380219
0.019125
0.
-0.00100719
0.25864
0.0222471
0.
-0.0200504
0.292295
0.000551707
0.
0.0602277
0.383195
0.0140737
0.
-0.00274137
0.266424
0.0158866
0.
-0.0208424
0.24691
0.0200355
-0.053832
-0.0114971
0.248546
-0.0245553
0.023512
-0.0262602
0.362971
-0.026039
-0.0616705
0.0112523
0.424793
-0.131894
-0.144112
0.132614
0.356063
0.124941
-0.147565
0.0910393
0.337214
-0.0139756
0.027756
0.0358335
0.35754
0.115105
0.0921117
0.105714
0.271315
-0.014631
-0.0290562
-0.00823104
0.397827
0.00168595
-0.0435521
0.0134258
0.25789
0.0208654
0.0311557
-0.00637543
0.363978
0.00241599
0.0402288
0.0151384
0.313293
-0.108647
0.133671
0.100735
0.393664
-0.00743225
-0.00814944
0.0274418
0.313654
-0.00927716
0.0644629
-0.0684374
0.341251
0.0346426
0.137981
0.0949703
