Vec Object: 1 MPI process
  type: seq
0.
0.
0.
-0.0782362
0.
0.
0.
0.0192277
0.169751
-0.167985
0.
-0.0487387
0.175852
-0.179991
0.
-0.0517744
0.189809
0.207498
0.
-0.0433303
0.182936
0.163675
0.
-0.0395058
0.389792
0.00840704
0.
-0.000697428
0.376709
0.00726696
0.
0.00969891
0.392615
-0.0219672
0.
0.00932151
0.399326
-0.0161402
0.
0.00316275
0.
0.
0.
-0.0180782
0.
0.
0.
-0.055288
0.325295
-0.058018
0.
-0.0116249
0.31639
0.0900837
0.
0.00293231
0.330471
-0.0502427
0.
-0.0151523
0.321121
0.109286
0.
0.0154018
0.357471
0.0757792
0.
-0.00506998
0.321635
-0.101557
0.
0.0121062
0.324084
0.0357863
0.
-0.0097781
0.320489
-0.0618743
0.
-0.00330839
0.
0.
0.
-0.104823
0.
0.
0.
0.0261308
0.
0.
0.
-0.012605
0.
0.
0.
0.153607
0.
0.
0.
-0.0393578
0.
0.
0.
-0.136757
0.
0.
0.
-0.232715
0.
0.
0.
-0.0134113
0.
0.
0.
-0.0671467
0.
0.
0.
-0.0381885
0.
0.
0.
-0.142161
0.
0.
0.
0.0382233
0.
0.
0.
-0.0949146
0.
0.
0.
0.0138306
0.
0.
0.
0.0606273
0.
0.
0.
-0.0383317
0.
0.
0.
-0.0119079
0.
0.
0.
0.0109073
1.
0.
0.
0.0326027
0.390244
-0.00781539
0.000255668
-0.00095041
0.382912
0.
-0.00473951
-0.00572469
0.265128
0.
-0.0045914
-0.00679353
0.272224
0.
0.02473
0.0340507
0.376045
0.
0.00576693
-0.00965374
0.265218
0.
0.0173
-0.00149815
0.28804
0.
-0.00374272
0.0341173
0.266748
0.0247544
0.
0.0316501
0.384258
0.0171171
0.
-0.00335458
0.252008
0.0162807
0.
-0.0106422
0.248309
0.00856728
0.
0.0319069
0.382161
0.0167663
0.
-0.00366361
0.260377
0.0185711
0.
-0.00645349
0.25257
0.026992
-0.0536271
-4.29701e-05
0.248877
-0.023476
0.0212824
-0.00354663
0.372086
-0.0207185
-0.0969619
-0.00384463
0.436159
-0.173225
-0.175227
0.0863453
0.364449
0.163976
-0.182415
0.0524758
0.331525
-0.0597157
0.0223682
0.0132282
0.371076
0.136325
0.122511
0.0614162
0.299207
-0.015935
-0.0312452
-0.00766002
0.412304
0.00215623
-0.0591524
-0.00106001
0.253405
0.0178845
0.0333882
0.0156309
0.40711
0.0237097
0.0685823
-0.00105926
0.332802
-0.141061
0.155985
0.0677061
0.427331
-0.0113212
0.000119439
0.0064754
0.310028
0.0603987
0.0894685
-0.0799045
0.36075
0.0494091
0.155834
0.0537948
