Vec Object: 1 MPI process
  type: seq
0.
0.
0.
-0.0880991
0.
0.
0.
0.0200592
0.167449
-0.167447
0.
-0.0570907
0.174514
-0.179128
0.
-0.0579205
0.189355
0.20628
0.
-0.0486712
0.181131
0.164212
0.
-0.0499137
0.389056
0.0085957
0.
0.000502015
0.375927
0.00819662
0.
0.00865203
0.391356
-0.0213642
0.
0.00912587
0.398229
-0.0167675
0.
0.00514497
0.
0.
0.
-0.0214925
0.
0.
0.
-0.0609011
0.320315
-0.0574163
0.
-0.0133986
0.317849
0.0894573
0.
0.00335159
0.32527
-0.05091
0.
-0.0138233
0.321779
0.111424
0.
0.0173145
0.352025
0.0744931
0.
-0.00372492
0.322045
-0.1027
0.
0.0136321
0.32003
0.0375269
0.
-0.0128555
0.320124
-0.062412
0.
-0.00251923
0.
0.
0.
-0.11763
0.
0.
0.
0.0164953
0.
0.
0.
-0.0128591
0.
0.
0.
0.144202
0.
0.
0.
-0.0446635
0.
0.
0.
-0.146446
0.
0.
0.
-0.227989
0.
0.
0.
-0.000338999
0.
0.
0.
-0.05354
0.
0.
0.
-0.0362676
0.
0.
0.
-0.157104
0.
0.
0.
0.0335814
0.
0.
0.
-0.094933
0.
0.
0.
0.0076914
0.
0.
0.
0.0890657
0.
0.
0.
-0.0164245
0.
0.
0.
-0.0122358
0.
0.
0.
0.0109358
1.
0.
0.
0.0374355
0.393517
-0.00810076
-7.80332e-05
-0.00199921
0.381241
0.
-0.0043157
-0.00506116
0.267076
0.
-0.00372674
-0.00921835
0.28477
0.
0.02245
0.0394422
0.377253
0.
0.00541935
-0.00999226
0.268267
0.
0.0158221
-0.0057337
0.298866
0.
-0.00485783
0.0431873
0.282506
0.0227503
0.
0.0410275
0.382823
0.017695
0.
-0.00271689
0.253721
0.0186248
0.
-0.0130906
0.2634
0.00550279
0.
0.0393328
0.382805
0.0161114
0.
-0.00344291
0.26217
0.0181647
0.
-0.010305
0.250661
0.0250453
-0.0549695
-0.00219196
0.248898
-0.0250617
0.0228364
-0.00930214
0.371119
-0.0219876
-0.0856559
0.000310659
0.430871
-0.161462
-0.165364
0.0994518
0.358871
0.152699
-0.171695
0.0627132
0.338797
-0.0463965
0.024792
0.0192184
0.36614
0.131292
0.113119
0.0730761
0.290161
-0.016077
-0.0305948
-0.00710686
0.410728
0.00208138
-0.0556111
0.002938
0.255595
0.0207274
0.0330135
0.00999443
0.393202
0.0166536
0.0586625
0.00296233
0.324401
-0.131625
0.149528
0.0764977
0.418375
-0.0107025
-0.00248424
0.011536
0.316824
0.0381383
0.0834363
-0.0813499
0.352843
0.0455854
0.151896
0.064129
