Vec Object: 1 MPI process
  type: seq
0.
0.
0.
-0.0750293
0.
0.
0.
0.019961
0.170738
-0.168332
0.
-0.0454314
0.176527
-0.180445
0.
-0.0490544
0.190186
0.208035
0.
-0.0409793
0.183611
0.163588
0.
-0.0355224
0.390108
0.00842722
0.
-0.00111516
0.377193
0.00673947
0.
0.00995719
0.393297
-0.0222383
0.
0.00918652
0.399797
-0.0159499
0.
0.00241376
0.
0.
0.
-0.0173163
0.
0.
0.
-0.0541764
0.327522
-0.058323
0.
-0.0109774
0.315675
0.0903932
0.
0.00277566
0.332836
-0.0498263
0.
-0.0154534
0.32088
0.108283
0.
0.0145803
0.359914
0.0762241
0.
-0.00534477
0.321492
-0.101011
0.
0.0114205
0.325831
0.0350871
0.
-0.00870282
0.320806
-0.0615883
0.
-0.00366048
0.
0.
0.
-0.0992638
0.
0.
0.
0.0288222
0.
0.
0.
-0.0112719
0.
0.
0.
0.154801
0.
0.
0.
-0.0387998
0.
0.
0.
-0.132143
0.
0.
0.
-0.232737
0.
0.
0.
-0.0171138
0.
0.
0.
-0.0707838
0.
0.
0.
-0.0375419
0.
0.
0.
-0.134193
0.
0.
0.
0.0401604
0.
0.
0.
-0.093108
0.
0.
0.
0.016249
0.
0.
0.
0.0502769
0.
0.
0.
-0.045339
0.
0.
0.
-0.0102482
0.
0.
0.
0.0102816
1.
0.
0.
0.0303892
0.388625
-0.0076446
0.000429661
-0.000529067
0.383648
0.
-0.00490149
-0.00592213
0.264364
0.
-0.00498825
-0.00586207
0.266592
0.
0.0257096
0.0318394
0.375336
0.
0.00586808
-0.0093836
0.263836
0.
0.0179595
0.000100942
0.283156
0.
-0.0031416
0.03058
0.259669
0.0255201
0.
0.02816
0.38491
0.0168964
0.
-0.0035403
0.251469
0.0150709
0.
-0.00977712
0.241315
0.0100761
0.
0.0291524
0.381731
0.0169753
0.
-0.00367509
0.25965
0.0185668
0.
-0.00503685
0.253344
0.0278216
-0.0526849
0.00045857
0.248733
-0.0223139
0.0203586
-0.00159001
0.371865
-0.0203175
-0.10169
-0.00541843
0.438909
-0.177686
-0.179488
0.0812306
0.367885
0.168348
-0.186837
0.0487219
0.326786
-0.0644149
0.0212396
0.0110757
0.37337
0.137982
0.126227
0.0571296
0.303088
-0.015835
-0.0315514
-0.00805658
0.412128
0.00216876
-0.0600739
-0.00260272
0.252142
0.016031
0.0335251
0.0175301
0.413215
0.0267261
0.0730629
-0.00247929
0.337179
-0.144772
0.15855
0.0643783
0.430522
-0.0113323
0.00110822
0.00472102
0.305747
0.0689079
0.0911126
-0.0783263
0.364813
0.0506361
0.156939
0.0501016
