Vec Object: 1 MPI process
  type: seq
0.
0.
0.
-0.122786
0.
0.
0.
0.0789817
0.156343
-0.167765
0.
-0.100417
0.169025
-0.177565
0.
-0.0864786
0.191824
0.201125
0.
-0.0673654
0.17093
0.16892
0.
-0.102096
0.38541
0.0119956
0.
0.0109549
0.374521
0.0106495
0.
0.00568405
0.388887
-0.0190384
0.
0.00578985
0.392941
-0.0216353
0.
0.018975
0.
0.
0.
-0.0473809
0.
0.
0.
-0.116466
0.300465
-0.054227
0.
-0.0179215
0.322255
0.0859709
0.
0.000744759
0.305967
-0.0499741
0.
-0.00137485
0.324952
0.116834
0.
0.0198213
0.331219
0.0658346
0.
0.0107489
0.324366
-0.104441
0.
0.0139653
0.301849
0.0448293
0.
-0.0271701
0.321497
-0.0623482
0.
-0.00537462
0.
0.
0.
-0.125629
0.
0.
0.
-0.0460294
0.
0.
0.
0.0491526
0.
0.
0.
0.0651439
0.
0.
0.
-0.0986257
0.
0.
0.
-0.132085
0.
0.
0.
-0.122189
0.
0.
0.
0.127037
0.
0.
0.
0.0842338
0.
0.
0.
0.0398419
0.
0.
0.
-0.122065
0.
0.
0.
0.0395735
0.
0.
0.
-0.0136943
0.
0.
0.
-0.0122178
0.
0.
0.
0.263396
0.
0.
0.
0.154384
0.
0.
0.
0.0672689
0.
0.
0.
-0.00165442
1.
0.
0.
0.0507663
0.401882
-0.00854013
-0.00104262
-0.00178182
0.375971
0.
-0.00216109
-0.00260846
0.276116
0.
-0.000554988
-0.0242708
0.333438
0.
0.0135952
0.0674879
0.379589
0.
0.00287929
-0.0107471
0.278711
0.
0.0100135
-0.0286747
0.338747
0.
-0.00761779
0.0888344
0.341358
0.013328
0.
0.0942932
0.37881
0.0203397
0.
-0.000358733
0.263611
0.0244083
0.
-0.0293551
0.316841
-0.00239401
0.
0.0857867
0.383479
0.0117004
0.
-0.00297381
0.270561
0.0128959
0.
-0.0339853
0.244049
0.0142006
-0.0487158
-0.024135
0.248207
-0.0211725
0.0214428
-0.0461408
0.349297
-0.030513
-0.0419795
0.0246193
0.425424
-0.101838
-0.123798
0.168349
0.361498
0.0969116
-0.124816
0.123529
0.318607
0.01243
0.0269622
0.0563672
0.352137
0.0944797
0.0740438
0.144731
0.2548
-0.0105314
-0.027109
-0.0104137
0.375441
0.000987437
-0.0304688
0.02682
0.257958
0.0154629
0.0277367
-0.02388
0.336812
-0.00873379
0.0269908
0.0324082
0.309684
-0.0852291
0.116674
0.130186
0.366579
-0.00322534
-0.0118939
0.0489072
0.289809
-0.0412585
0.0454798
-0.0304435
0.335119
0.0228876
0.120048
0.134366
