Vec Object: 1 MPI process
  type: seq
0.
0.
0.
-0.122534
0.
0.
0.
0.0742754
0.156897
-0.167694
0.
-0.0982865
0.169338
-0.177569
0.
-0.0850049
0.191602
0.201373
0.
-0.0667593
0.17144
0.168673
0.
-0.0996746
0.38563
0.0117524
0.
0.0101468
0.374611
0.0105044
0.
0.0054808
0.388981
-0.0191047
0.
0.00574088
0.393233
-0.0213416
0.
0.018047
0.
0.
0.
-0.0463022
0.
0.
0.
-0.113572
0.301325
-0.0544545
0.
-0.0179963
0.322096
0.0862232
0.
0.00123476
0.306768
-0.0501319
0.
-0.00210811
0.324812
0.116789
0.
0.0201755
0.332088
0.0663019
0.
0.00990539
0.324257
-0.10454
0.
0.0144162
0.302697
0.0445744
0.
-0.0267231
0.321396
-0.0624668
0.
-0.00477366
0.
0.
0.
-0.127735
0.
0.
0.
-0.0434481
0.
0.
0.
0.0440272
0.
0.
0.
0.0684061
0.
0.
0.
-0.0961126
0.
0.
0.
-0.13534
0.
0.
0.
-0.129974
0.
0.
0.
0.119016
0.
0.
0.
0.0755509
0.
0.
0.
0.0340235
0.
0.
0.
-0.12751
0.
0.
0.
0.0379073
0.
0.
0.
-0.0201596
0.
0.
0.
-0.0119409
0.
0.
0.
0.254143
0.
0.
0.
0.144453
0.
0.
0.
0.0607479
0.
0.
0.
-0.00104717
1.
0.
0.
0.0504239
0.401665
-0.00852946
-0.00100466
-0.00222216
0.376104
0.
-0.0022584
-0.00258747
0.275735
0.
-0.000678528
-0.023304
0.331335
0.
0.0139513
0.0660198
0.37948
0.
0.0030105
-0.0106356
0.278334
0.
0.0102541
-0.0274118
0.337134
0.
-0.0075326
0.0866258
0.338933
0.0137375
0.
0.0916182
0.378879
0.0202466
0.
-0.00033218
0.26317
0.024259
0.
-0.0283253
0.314679
-0.00218987
0.
0.0832207
0.383419
0.0119254
0.
-0.00289012
0.270193
0.0131802
0.
-0.0326042
0.244296
0.0147662
-0.0493051
-0.0228938
0.248245
-0.0215509
0.0217153
-0.044186
0.350737
-0.0301114
-0.0436114
0.023256
0.425131
-0.104601
-0.125666
0.164951
0.360762
0.0994898
-0.126869
0.120393
0.320826
0.0103385
0.0271714
0.0542759
0.352522
0.0965247
0.0755828
0.140867
0.256259
-0.0110048
-0.0273096
-0.0102445
0.377816
0.0010631
-0.0316384
0.0254155
0.258027
0.0161216
0.0281092
-0.0222667
0.33928
-0.00782319
0.0280293
0.0305625
0.309785
-0.0874002
0.118294
0.127241
0.369129
-0.0036225
-0.0116479
0.0467046
0.292681
-0.0390127
0.0471275
-0.0350058
0.335527
0.0239793
0.121823
0.130377
