Vec Object: 1 MPI process
  type: seq
0.
0.
0.
-0.106139
0.
0.
0.
0.0309933
0.163565
-0.167179
0.
-0.0721506
0.172659
-0.178165
0.
-0.0678261
0.189601
0.204365
0.
-0.0566881
0.177645
0.165705
0.
-0.0687905
0.387858
0.00942579
0.
0.00314531
0.375314
0.00914988
0.
0.00647076
0.390089
-0.0204006
0.
0.00771319
0.396425
-0.0182198
0.
0.00911954
0.
0.
0.
-0.0305561
0.
0.
0.
-0.0778231
0.312631
-0.0565373
0.
-0.0163096
0.319775
0.0884818
0.
0.00373874
0.317553
-0.0512181
0.
-0.01022
0.32297
0.114322
0.
0.0199898
0.343778
0.0717458
0.
0.000317463
0.322864
-0.104106
0.
0.0155226
0.313359
0.040504
0.
-0.0187573
0.320295
-0.0629074
0.
-0.00178386
0.
0.
0.
-0.132645
0.
0.
0.
-0.00599977
0.
0.
0.
-0.00232809
0.
0.
0.
0.116435
0.
0.
0.
-0.0621151
0.
0.
0.
-0.154238
0.
0.
0.
-0.20496
0.
0.
0.
0.0343896
0.
0.
0.
-0.0161853
0.
0.
0.
-0.0210029
0.
0.
0.
-0.164872
0.
0.
0.
0.0290584
0.
0.
0.
-0.0802229
0.
0.
0.
-0.00228817
0.
0.
0.
0.146007
0.
0.
0.
0.0344345
0.
0.
0.
0.0013075
0.
0.
0.
0.00744075
1.
0.
0.
0.043959
0.397595
-0.0083471
-0.00048701
-0.00342859
0.378793
0.
-0.00353246
-0.00373451
0.270501
0.
-0.00243677
-0.0137921
0.303762
0.
0.0188972
0.0489674
0.378364
0.
0.00460343
-0.0100867
0.272692
0.
0.0135384
-0.0134851
0.314982
0.
-0.00614895
0.0594511
0.306076
0.0191943
0.
0.0591444
0.380813
0.0187469
0.
-0.00142812
0.257276
0.0214509
0.
-0.0180283
0.285147
0.00164528
0.
0.0541757
0.383164
0.014667
0.
-0.00288652
0.265283
0.0166092
0.
-0.0178223
0.247802
0.0214655
-0.0546177
-0.00854443
0.248638
-0.0250833
0.0236608
-0.021377
0.365797
-0.0248616
-0.0676926
0.00814067
0.425678
-0.139932
-0.149648
0.123452
0.355782
0.13245
-0.15388
0.082971
0.3397
-0.0222968
0.0273564
0.0310536
0.359492
0.119953
0.0974772
0.0963218
0.276081
-0.015296
-0.0294988
-0.00768494
0.402368
0.00182255
-0.0470449
0.0104153
0.257542
0.0215108
0.0318138
-0.00174943
0.371507
0.00590972
0.0445916
0.0114572
0.315369
-0.114864
0.138021
0.0937421
0.400617
-0.00845988
-0.00677841
0.0226343
0.316856
0.00210934
0.0697759
-0.0743021
0.343675
0.0377113
0.142198
0.0858494
