Vec Object: 1 MPI process
  type: seq
0.
0.
0.
-0.0872274
0.
0.
0.
0.0198426
0.167634
-0.167478
0.
-0.0563945
0.174612
-0.179188
0.
-0.0574363
0.189372
0.206376
0.
-0.0482539
0.181286
0.164155
0.
-0.0490362
0.389114
0.00857015
0.
0.000394924
0.375975
0.0081352
0.
0.0087524
0.391441
-0.0214117
0.
0.00916508
0.398317
-0.0167089
0.
0.00497433
0.
0.
0.
-0.0211435
0.
0.
0.
-0.0603006
0.320704
-0.0574603
0.
-0.0132487
0.317741
0.0895044
0.
0.00331866
0.325671
-0.0508714
0.
-0.0139584
0.321723
0.111263
0.
0.0171643
0.352449
0.0746083
0.
-0.00386723
0.322009
-0.102616
0.
0.0135163
0.320355
0.0373833
0.
-0.0125861
0.320136
-0.0623754
0.
-0.00257772
0.
0.
0.
-0.116659
0.
0.
0.
0.0174174
0.
0.
0.
-0.0130095
0.
0.
0.
0.145241
0.
0.
0.
-0.0440525
0.
0.
0.
-0.145767
0.
0.
0.
-0.22862
0.
0.
0.
-0.00161677
0.
0.
0.
-0.0548938
0.
0.
0.
-0.0366171
0.
0.
0.
-0.156151
0.
0.
0.
0.0339298
0.
0.
0.
-0.0951709
0.
0.
0.
0.00819686
0.
0.
0.
0.0865893
0.
0.
0.
-0.0184524
0.
0.
0.
-0.0124263
0.
0.
0.
0.0110049
1.
0.
0.
0.03707
0.393279
-0.0080828
-5.44054e-05
-0.00191523
0.381371
0.
-0.00435164
-0.00512195
0.266914
0.
-0.00379343
-0.00901324
0.283795
0.
0.0226305
0.038999
0.377175
0.
0.00545224
-0.00997704
0.268033
0.
0.0159378
-0.00537562
0.298028
0.
-0.00478042
0.0424285
0.281285
0.0229187
0.
0.0402209
0.382933
0.017646
0.
-0.00277565
0.253566
0.018458
0.
-0.012876
0.26225
0.00572627
0.
0.0386893
0.382769
0.0161715
0.
-0.00346761
0.262023
0.018216
0.
-0.00997281
0.250813
0.0252058
-0.0549077
-0.00196809
0.248906
-0.0249868
0.022743
-0.0087872
0.371267
-0.0218699
-0.0865625
-4.20168e-05
0.431234
-0.162458
-0.166147
0.0983506
0.359201
0.153644
-0.172565
0.0618249
0.338414
-0.0475425
0.0246165
0.0186983
0.366511
0.131752
0.11389
0.0720639
0.290877
-0.0160781
-0.0306457
-0.00712605
0.410957
0.00208963
-0.0559558
0.00260126
0.255453
0.020573
0.0330506
0.0104997
0.394296
0.0172107
0.0594226
0.00260725
0.324985
-0.132411
0.150064
0.075743
0.419158
-0.0107782
-0.00226817
0.0110817
0.316464
0.0399742
0.0840103
-0.081374
0.353402
0.0459292
0.152275
0.0632156
