Vec Object: 1 MPI process
  type: seq
0.
0.
0.
-0.0893087
0.
0.
0.
0.0204022
0.167195
-0.167408
0.
-0.058053
0.174382
-0.179047
0.
-0.0585836
0.189337
0.206149
0.
-0.0492403
0.180915
0.164293
0.
-0.0511275
0.388975
0.00863337
0.
0.000652061
0.375866
0.00827783
0.
0.00851119
0.391243
-0.0212992
0.
0.00906619
0.398109
-0.01685
0.
0.0053825
0.
0.
0.
-0.02199
0.
0.
0.
-0.0617652
0.319783
-0.0573567
0.
-0.0136051
0.317994
0.0893929
0.
0.00339581
0.324724
-0.0509592
0.
-0.0136306
0.321856
0.111643
0.
0.017519
0.351447
0.0743319
0.
-0.00352042
0.322095
-0.102814
0.
0.0137887
0.319585
0.0377248
0.
-0.0132302
0.32011
-0.0624603
0.
-0.00244109
0.
0.
0.
-0.118938
0.
0.
0.
0.0151938
0.
0.
0.
-0.0126003
0.
0.
0.
0.14271
0.
0.
0.
-0.0455483
0.
0.
0.
-0.147341
0.
0.
0.
-0.227049
0.
0.
0.
0.00147949
0.
0.
0.
-0.0516083
0.
0.
0.
-0.0357296
0.
0.
0.
-0.158334
0.
0.
0.
0.0331161
0.
0.
0.
-0.0945353
0.
0.
0.
0.00699669
0.
0.
0.
0.0925155
0.
0.
0.
-0.0135676
0.
0.
0.
-0.0119071
0.
0.
0.
0.0108222
1.
0.
0.
0.0379304
0.393836
-0.00812424
-0.000109728
-0.0021136
0.381064
0.
-0.0042659
-0.00497622
0.2673
0.
-0.00363585
-0.0095026
0.286099
0.
0.022203
0.0400535
0.377355
0.
0.00537294
-0.0100105
0.268586
0.
0.015664
-0.00622913
0.300007
0.
-0.00496128
0.0442358
0.284171
0.0225178
0.
0.0421484
0.382674
0.0177628
0.
-0.00263474
0.253938
0.0188486
0.
-0.0133896
0.264963
0.00520194
0.
0.040229
0.382851
0.0160271
0.
-0.00340774
0.262373
0.0180897
0.
-0.0107666
0.250454
0.0248232
-0.0550416
-0.00251355
0.248886
-0.0251513
0.0229559
-0.0100223
0.370897
-0.0221533
-0.0844138
0.000799459
0.430389
-0.160085
-0.164293
0.100976
0.35845
0.151392
-0.1705
0.0639498
0.339268
-0.0448103
0.0250262
0.019942
0.365637
0.130644
0.112059
0.0744858
0.289182
-0.0160706
-0.030525
-0.00708824
0.410385
0.00206941
-0.0551234
0.0034043
0.255781
0.0209197
0.0329598
0.00928782
0.391707
0.015893
0.05763
0.00345849
0.323624
-0.13054
0.148788
0.0775472
0.417285
-0.0105923
-0.00278135
0.0121731
0.317262
0.0356178
0.0826283
-0.0812725
0.352095
0.0451052
0.151359
0.065406
