Vec Object: 1 MPI process
  type: seq
0.
0.
0.
-0.113924
0.
0.
0.
0.144962
0.14995
-0.168483
0.
-0.12334
0.164961
-0.177728
0.
-0.103268
0.195246
0.19774
0.
-0.0699011
0.165085
0.171667
0.
-0.128162
0.381824
0.0158656
0.
0.0262447
0.372571
0.0133214
0.
0.0139551
0.386868
-0.0192929
0.
0.0129779
0.388626
-0.0259153
0.
0.0350292
0.
0.
0.
-0.0579452
0.
0.
0.
-0.149178
0.290681
-0.0511576
0.
-0.0170079
0.32395
0.081733
0.
-0.0104404
0.296962
-0.047801
0.
0.00580138
0.326565
0.115115
0.
0.00906913
0.321496
0.0605347
0.
0.018596
0.325647
-0.1012
0.
0.0021803
0.291875
0.0471162
0.
-0.0313064
0.322672
-0.0597254
0.
-0.018754
0.
0.
0.
-0.0840004
0.
0.
0.
-0.0701802
0.
0.
0.
0.121619
0.
0.
0.
0.0360893
0.
0.
0.
-0.123856
0.
0.
0.
-0.0771949
0.
0.
0.
-0.0151044
0.
0.
0.
0.231548
0.
0.
0.
0.196944
0.
0.
0.
0.120058
0.
0.
0.
-0.0362404
0.
0.
0.
0.0680287
0.
0.
0.
0.0760122
0.
0.
0.
-0.0106311
0.
0.
0.
0.376741
0.
0.
0.
0.279861
0.
0.
0.
0.159075
0.
0.
0.
-0.00796805
1.
0.
0.
0.0555344
0.403229
-0.00860405
-0.00143455
0.0109515
0.375554
0.
-0.00108576
-0.00451621
0.280068
0.
0.000716741
-0.0407007
0.357219
0.
0.00980232
0.0861416
0.381731
0.
0.00139523
-0.0126876
0.282361
0.
0.00745675
-0.0478894
0.356171
0.
-0.00832725
0.115598
0.368024
0.00881144
0.
0.125958
0.37925
0.0209848
0.
-0.00236563
0.268306
0.0253598
0.
-0.0464897
0.340457
-0.00383734
0.
0.118901
0.385365
0.00914037
0.
-0.00463098
0.274437
0.0097178
0.
-0.054796
0.241124
0.00750232
-0.0407538
-0.0406212
0.24744
-0.0163146
0.0174978
-0.0724283
0.330656
-0.0345033
-0.0258915
0.0409872
0.431637
-0.0704603
-0.102213
0.209295
0.372314
0.0675567
-0.10175
0.161244
0.287906
0.0310502
0.0229866
0.082484
0.349024
0.0695138
0.0581506
0.19303
0.238599
-0.00415368
-0.0244776
-0.0126739
0.344649
1.93168e-05
-0.0182225
0.0448547
0.256109
0.00638778
0.0228293
-0.0441269
0.308709
-0.0175379
0.0174257
0.0561306
0.311092
-0.0602393
0.0973704
0.16734
0.336944
0.0011931
-0.0131516
0.075943
0.249419
-0.0572692
0.0286892
0.0356807
0.332069
0.0104852
0.0984298
0.185268
