Vec Object: 1 MPI process
  type: seq
0.
0.
0.
-0.078033
0.
0.
0.
0.0192542
0.169807
-0.168003
0.
-0.0485452
0.175888
-0.180015
0.
-0.0516209
0.189827
0.207528
0.
-0.043197
0.182976
0.163668
0.
-0.0392697
0.38981
0.00840637
0.
-0.000722866
0.376734
0.00723921
0.
0.00971731
0.392652
-0.0219823
0.
0.00931758
0.399353
-0.016128
0.
0.00311841
0.
0.
0.
-0.0180228
0.
0.
0.
-0.0552039
0.32542
-0.0580345
0.
-0.0115856
0.31635
0.0901004
0.
0.00292266
0.330603
-0.0502211
0.
-0.0151741
0.321106
0.10923
0.
0.0153548
0.357608
0.0758063
0.
-0.00509061
0.321627
-0.101527
0.
0.0120673
0.324183
0.0357456
0.
-0.00971227
0.320504
-0.0618589
0.
-0.00332852
0.
0.
0.
-0.104502
0.
0.
0.
0.0263093
0.
0.
0.
-0.012546
0.
0.
0.
0.153726
0.
0.
0.
-0.0392968
0.
0.
0.
-0.136497
0.
0.
0.
-0.232747
0.
0.
0.
-0.0136524
0.
0.
0.
-0.0673891
0.
0.
0.
-0.038173
0.
0.
0.
-0.141726
0.
0.
0.
0.0383377
0.
0.
0.
-0.0948378
0.
0.
0.
0.013973
0.
0.
0.
0.0600054
0.
0.
0.
-0.0387706
0.
0.
0.
-0.0118337
0.
0.
0.
0.0108814
1.
0.
0.
0.0324783
0.390155
-0.00780653
0.000265024
-0.00092561
0.382954
0.
-0.00474909
-0.00573762
0.265083
0.
-0.00461352
-0.00673845
0.271907
0.
0.024786
0.033923
0.376008
0.
0.00577354
-0.00964067
0.265141
0.
0.0173371
-0.00140271
0.287766
0.
-0.00371077
0.033909
0.26635
0.0247999
0.
0.0314419
0.384294
0.0171041
0.
-0.00336686
0.251974
0.0162155
0.
-0.0105896
0.24792
0.00864998
0.
0.0317428
0.382139
0.0167795
0.
-0.0036659
0.260335
0.018574
0.
-0.00636848
0.252615
0.0270388
-0.053579
-7.93004e-06
0.248871
-0.023418
0.0212338
-0.00342618
0.372084
-0.0206932
-0.0972347
-0.00393828
0.436308
-0.17349
-0.17547
0.0860447
0.364627
0.164234
-0.182671
0.0522509
0.33128
-0.0600043
0.0223044
0.0130978
0.371204
0.136427
0.12273
0.0611597
0.299429
-0.015929
-0.031262
-0.00768087
0.412307
0.00215727
-0.0592155
-0.00115122
0.253339
0.0177893
0.0333959
0.0157482
0.407456
0.0238828
0.0688348
-0.00114554
0.333039
-0.141279
0.156135
0.067509
0.427524
-0.0113263
0.000178697
0.00636867
0.309803
0.0609082
0.0895796
-0.0798272
0.36097
0.049487
0.155907
0.0535722
