Vec Object: 1 MPI process
  type: seq
0.
0.
0.
-0.0843496
0.
0.
0.
0.0193118
0.168261
-0.167597
0.
-0.0540646
0.174954
-0.179404
0.
-0.0557851
0.189453
0.206703
0.
-0.046823
0.1818
0.163979
0.
-0.0461079
0.389313
0.008496
0.
4.56916e-05
0.376153
0.00791153
0.
0.00907573
0.391749
-0.0215735
0.
0.0092696
0.398614
-0.0165203
0.
0.00441073
0.
0.
0.
-0.0200506
0.
0.
0.
-0.0584526
0.322036
-0.0576139
0.
-0.0127465
0.317365
0.0896673
0.
0.00320396
0.327051
-0.0507216
0.
-0.0143822
0.321536
0.110703
0.
0.0166488
0.353902
0.0749838
0.
-0.00430667
0.32189
-0.10232
0.
0.0131132
0.321456
0.0369005
0.
-0.0116975
0.320199
-0.062243
0.
-0.00278432
0.
0.
0.
-0.113266
0.
0.
0.
0.0203674
0.
0.
0.
-0.0132867
0.
0.
0.
0.148433
0.
0.
0.
-0.0422049
0.
0.
0.
-0.143314
0.
0.
0.
-0.230427
0.
0.
0.
-0.00565315
0.
0.
0.
-0.0591467
0.
0.
0.
-0.0375402
0.
0.
0.
-0.152571
0.
0.
0.
0.0351596
0.
0.
0.
-0.095657
0.
0.
0.
0.0099016
0.
0.
0.
0.0784316
0.
0.
0.
-0.0249877
0.
0.
0.
-0.0127742
0.
0.
0.
0.0111503
1.
0.
0.
0.0357998
0.392442
-0.00801612
2.93812e-05
-0.00162805
0.381818
0.
-0.00447124
-0.00532009
0.26637
0.
-0.00402272
-0.00833046
0.280451
0.
0.0232467
0.03751
0.37689
0.
0.00555774
-0.009912
0.267225
0.
0.0163336
-0.00418131
0.295148
0.
-0.004504
0.0398904
0.277088
0.0234816
0.
0.0375511
0.383313
0.017483
0.
-0.00296683
0.253059
0.017867
0.
-0.0121699
0.258276
0.00651197
0.
0.0365674
0.382629
0.016366
0.
-0.00354418
0.261527
0.0183675
0.
-0.00887416
0.251333
0.0257424
-0.0546386
-0.00127531
0.248924
-0.0246691
0.0223862
-0.00710528
0.371682
-0.0214904
-0.0896444
-0.00121529
0.432545
-0.165775
-0.168813
0.0946759
0.360464
0.156805
-0.175507
0.0588946
0.336857
-0.0513525
0.0239928
0.016981
0.367804
0.133242
0.116492
0.0687266
0.293322
-0.0160618
-0.0308186
-0.00722595
0.411602
0.00211471
-0.0570532
0.00147853
0.254932
0.019957
0.0331652
0.0121498
0.398035
0.0191157
0.0620493
0.00144378
0.327078
-0.135044
0.151861
0.0732465
0.421736
-0.0110038
-0.00154047
0.00960312
0.314997
0.0461736
0.0858542
-0.081261
0.355391
0.0470535
0.153483
0.0602255
