Vec Object: 1 MPI process
  type: seq
0.
0.
0.
-0.101082
0.
0.
0.
0.0264867
0.16472
-0.167195
0.
-0.067615
0.17319
-0.178395
0.
-0.0649104
0.189426
0.204916
0.
-0.0544615
0.178712
0.165219
0.
-0.0631603
0.38821
0.00912914
0.
0.00227781
0.375442
0.00891469
0.
0.00708579
0.390379
-0.0206798
0.
0.00821392
0.396956
-0.017751
0.
0.00786011
0.
0.
0.
-0.0276319
0.
0.
0.
-0.0721101
0.314821
-0.0568024
0.
-0.0155329
0.319261
0.0887784
0.
0.00370809
0.319715
-0.0512169
0.
-0.0114161
0.322619
0.113562
0.
0.0193197
0.346104
0.0726167
0.
-0.0010657
0.322614
-0.103765
0.
0.0150926
0.315311
0.0396405
0.
-0.0170058
0.320176
-0.0628146
0.
-0.00187732
0.
0.
0.
-0.129432
0.
0.
0.
0.00107024
0.
0.
0.
-0.00691027
0.
0.
0.
0.125432
0.
0.
0.
-0.0562635
0.
0.
0.
-0.153338
0.
0.
0.
-0.213684
0.
0.
0.
0.0226165
0.
0.
0.
-0.0289157
0.
0.
0.
-0.0270714
0.
0.
0.
-0.165059
0.
0.
0.
0.0297386
0.
0.
0.
-0.0864648
0.
0.
0.
0.000469172
0.
0.
0.
0.12828
0.
0.
0.
0.0178678
0.
0.
0.
-0.00460178
0.
0.
0.
0.00879323
1.
0.
0.
0.0422519
0.396548
-0.00829386
-0.000379065
-0.00309813
0.379459
0.
-0.00376761
-0.00411836
0.269492
0.
-0.00279898
-0.0123814
0.298391
0.
0.0199015
0.0460974
0.378114
0.
0.00486513
-0.010081
0.271473
0.
0.0141884
-0.0111557
0.310476
0.
-0.00581926
0.0545983
0.299468
0.0202398
0.
0.0535882
0.381348
0.0184358
0.
-0.00180194
0.256188
0.0207285
0.
-0.0164876
0.279121
0.00263875
0.
0.0495356
0.383116
0.0151241
0.
-0.00303997
0.264362
0.0171446
0.
-0.0154973
0.248578
0.0225706
-0.0550187
-0.00637651
0.248719
-0.0253335
0.0236212
-0.0175982
0.367763
-0.0239487
-0.0727697
0.00573921
0.426763
-0.146374
-0.154174
0.116206
0.356038
0.13848
-0.159049
0.0767016
0.340711
-0.0292806
0.026826
0.0273826
0.361243
0.123608
0.101956
0.0890844
0.280061
-0.0156843
-0.0298356
-0.0073452
0.40549
0.00191619
-0.0497688
0.00811274
0.257138
0.0217082
0.0322577
0.00189069
0.377706
0.00889383
0.0483968
0.00873026
0.317472
-0.119851
0.141471
0.0883723
0.406075
-0.00922526
-0.00558119
0.0190504
0.318258
0.0120778
0.0740113
-0.0777233
0.345945
0.0401316
0.145364
0.0789457
