Vec Object: 1 MPI process
  type: seq
0.
0.
0.
-0.102197
0.
0.
0.
0.186672
0.147114
-0.168279
0.
-0.130559
0.16292
-0.177526
0.
-0.108734
0.198209
0.194987
0.
-0.0641161
0.162499
0.172631
0.
-0.137279
0.37851
0.0192925
0.
0.0430131
0.370354
0.0160431
0.
0.0263667
0.384291
-0.0209123
0.
0.0269152
0.385043
-0.0294109
0.
0.0516181
0.
0.
0.
-0.0645004
0.
0.
0.
-0.168024
0.28544
-0.0499173
0.
-0.0209498
0.324843
0.0780553
0.
-0.0229228
0.292174
-0.0472118
0.
0.00411151
0.327508
0.111979
0.
-0.00427635
0.316388
0.0585092
0.
0.0171684
0.32641
-0.0973386
0.
-0.0115988
0.286292
0.0484085
0.
-0.0360327
0.323264
-0.0570762
0.
-0.0331445
0.
0.
0.
-0.0510194
0.
0.
0.
-0.0805996
0.
0.
0.
0.16796
0.
0.
0.
0.0258708
0.
0.
0.
-0.136102
0.
0.
0.
-0.0371353
0.
0.
0.
0.0529448
0.
0.
0.
0.29465
0.
0.
0.
0.264495
0.
0.
0.
0.170269
0.
0.
0.
0.0240182
0.
0.
0.
0.0877349
0.
0.
0.
0.132568
0.
0.
0.
-0.00851043
0.
0.
0.
0.441984
0.
0.
0.
0.353711
0.
0.
0.
0.218499
0.
0.
0.
-0.0133797
1.
0.
0.
0.0630878
0.402792
-0.00853188
-0.00157546
0.0283155
0.376466
0.
-0.000538127
-0.00673095
0.281859
0.
0.00128511
-0.0571872
0.369261
0.
0.00799767
0.0977015
0.384068
0.
0.000673244
-0.0134944
0.283832
0.
0.00627447
-0.0653368
0.364331
0.
-0.00845921
0.131483
0.381068
0.0065615
0.
0.143605
0.380773
0.0209189
0.
-0.00463303
0.270529
0.025218
0.
-0.0632039
0.351837
-0.00393208
0.
0.13999
0.3879
0.00787653
0.
-0.00525428
0.276207
0.00821562
0.
-0.0730871
0.239332
0.00396972
-0.0358588
-0.0546733
0.246674
-0.0135398
0.0149726
-0.093008
0.319276
-0.0356997
-0.0192253
0.0471223
0.436601
-0.0540508
-0.0905335
0.233685
0.37922
0.0521404
-0.0897457
0.182725
0.268457
0.0368371
0.0199331
0.0956756
0.347951
0.0554146
0.0509498
0.221658
0.230186
-0.000546318
-0.022814
-0.0173347
0.325999
-0.00049893
-0.0127964
0.0537009
0.254329
0.00107838
0.0198641
-0.060335
0.293737
-0.0209282
0.0139507
0.067627
0.3132
-0.0468902
0.0866352
0.189313
0.320954
0.00332921
-0.0126194
0.0890426
0.223422
-0.0590606
0.0214933
0.0784142
0.331174
0.00406748
0.0862273
0.216009
