Vec Object: 1 MPI process
  type: seq
0.
0.
0.
-0.0978255
0.
0.
0.
0.201042
0.146422
-0.167976
0.
-0.131115
0.162413
-0.177275
0.
-0.108977
0.199526
0.19377
0.
-0.0599802
0.161877
0.172741
0.
-0.138507
0.377027
0.0208018
0.
0.0510775
0.369308
0.0172947
0.
0.0327277
0.383001
-0.0218691
0.
0.0344918
0.383495
-0.0309181
0.
0.0595174
0.
0.
0.
-0.0676339
0.
0.
0.
-0.175306
0.283655
-0.0497957
0.
-0.0243051
0.32516
0.0765124
0.
-0.0286946
0.290543
-0.0473689
0.
0.00126929
0.327859
0.110465
0.
-0.0105636
0.31466
0.0581677
0.
0.0146209
0.326697
-0.0955926
0.
-0.0179909
0.284354
0.0490483
0.
-0.0390792
0.323454
-0.0559266
0.
-0.0396773
0.
0.
0.
-0.0389541
0.
0.
0.
-0.0844155
0.
0.
0.
0.184057
0.
0.
0.
0.0227003
0.
0.
0.
-0.14069
0.
0.
0.
-0.0226661
0.
0.
0.
0.0769426
0.
0.
0.
0.316528
0.
0.
0.
0.287794
0.
0.
0.
0.187619
0.
0.
0.
0.0458017
0.
0.
0.
0.0943193
0.
0.
0.
0.152209
0.
0.
0.
-0.00835678
0.
0.
0.
0.464568
0.
0.
0.
0.379237
0.
0.
0.
0.239576
0.
0.
0.
-0.0163813
1.
0.
0.
0.0677047
0.40238
-0.00847466
-0.00160374
0.0370566
0.377021
0.
-0.000355671
-0.00759184
0.282426
0.
0.00145847
-0.0649265
0.373071
0.
0.00742397
0.101887
0.385159
0.
0.000451099
-0.0134907
0.284268
0.
0.00590944
-0.0733001
0.366775
0.
-0.00845796
0.137214
0.385141
0.00584036
0.
0.149728
0.381575
0.0208168
0.
-0.0054991
0.271245
0.0250516
0.
-0.0709422
0.355343
-0.00385215
0.
0.147775
0.389137
0.00748426
0.
-0.00517548
0.276762
0.00776565
0.
-0.0813058
0.238673
0.0028359
-0.0341503
-0.0613726
0.246349
-0.0126078
0.0140868
-0.102005
0.315224
-0.035836
-0.0172638
0.0477869
0.438415
-0.0485863
-0.0865751
0.242637
0.381586
0.0470012
-0.0857451
0.190241
0.26153
0.0381187
0.0187997
0.0992609
0.347576
0.0506028
0.0487177
0.23169
0.227367
0.000569881
-0.022212
-0.0205005
0.31942
-0.000655446
-0.011166
0.0558212
0.253613
-0.000623707
0.0188322
-0.067888
0.288673
-0.0218348
0.0130118
0.0703566
0.313996
-0.0423922
0.0829745
0.196899
0.31554
0.00399982
-0.0122533
0.0924895
0.214126
-0.0587349
0.0193593
0.0931376
0.330871
0.00194839
0.0820603
0.226818
