Vec Object: 1 MPI process
  type: seq
0.
0.
0.
-0.122846
0.
0.
0.
0.0864753
0.155494
-0.167875
0.
-0.103653
0.168534
-0.177568
0.
-0.0887447
0.19218
0.200742
0.
-0.0682099
0.17015
0.169297
0.
-0.105759
0.385056
0.0123868
0.
0.0122927
0.374368
0.0108893
0.
0.00610806
0.38873
-0.0189554
0.
0.0059763
0.392479
-0.0220993
0.
0.0204815
0.
0.
0.
-0.0489556
0.
0.
0.
-0.120844
0.299162
-0.053863
0.
-0.0177628
0.322491
0.0855585
0.
-0.000114924
0.304758
-0.0497172
0.
-0.000250881
0.325164
0.116851
0.
0.0191416
0.329908
0.0651187
0.
0.0120272
0.324532
-0.104243
0.
0.0131404
0.300556
0.0451958
0.
-0.0277958
0.321653
-0.0621392
0.
-0.00642611
0.
0.
0.
-0.121944
0.
0.
0.
-0.0498017
0.
0.
0.
0.0573293
0.
0.
0.
0.0604044
0.
0.
0.
-0.102347
0.
0.
0.
-0.12665
0.
0.
0.
-0.109863
0.
0.
0.
0.139575
0.
0.
0.
0.0977984
0.
0.
0.
0.0490682
0.
0.
0.
-0.113134
0.
0.
0.
0.0423755
0.
0.
0.
-0.00342528
0.
0.
0.
-0.0124937
0.
0.
0.
0.277647
0.
0.
0.
0.169794
0.
0.
0.
0.0776553
0.
0.
0.
-0.00254191
1.
0.
0.
0.0512632
0.402185
-0.00855544
-0.00109951
-0.000967659
0.375794
0.
-0.00201443
-0.00268148
0.276685
0.
-0.000371331
-0.025836
0.336623
0.
0.0130625
0.0697604
0.37977
0.
0.0026797
-0.0109392
0.279265
0.
0.00965314
-0.0306741
0.341167
0.
-0.00774068
0.0922179
0.345009
0.012711
0.
0.0983833
0.378734
0.0204714
0.
-0.000441134
0.264273
0.0246158
0.
-0.0310161
0.320091
-0.00267942
0.
0.0897713
0.383593
0.0113579
0.
-0.00312589
0.271111
0.0124641
0.
-0.036174
0.243675
0.0133335
-0.0477837
-0.0260495
0.248143
-0.0205798
0.0210033
-0.049173
0.34705
-0.0311124
-0.039573
0.026736
0.425953
-0.0976492
-0.12096
0.173551
0.362689
0.0930017
-0.121714
0.128339
0.315078
0.0154644
0.0265976
0.0596189
0.351592
0.0913278
0.0717554
0.150704
0.252603
-0.00978076
-0.0267959
-0.0106541
0.37173
0.000868905
-0.0287186
0.0290207
0.257826
0.0144121
0.0271518
-0.0263373
0.333074
-0.0100724
0.0254798
0.0353057
0.309609
-0.0819295
0.114194
0.13475
0.362694
-0.00262331
-0.0122266
0.0523265
0.285225
-0.0443991
0.0430296
-0.0231178
0.334551
0.0212309
0.117315
0.14056
