Vec Object: 1 MPI process
  type: seq
0.
0.
0.
-0.122701
0.
0.
0.
0.0910539
0.154994
-0.167941
0.
-0.105544
0.168237
-0.177576
0.
-0.0900841
0.192399
0.200512
0.
-0.0686565
0.169692
0.169518
0.
-0.107893
0.384836
0.0126292
0.
0.0131454
0.374266
0.0110418
0.
0.00642731
0.388629
-0.0189182
0.
0.00615798
0.392197
-0.022382
0.
0.0214249
0.
0.
0.
-0.0498427
0.
0.
0.
-0.123397
0.298402
-0.05364
0.
-0.0176496
0.322627
0.0852995
0.
-0.000688376
0.304054
-0.0495579
0.
0.000408172
0.325288
0.116831
0.
0.0186583
0.329145
0.0646969
0.
0.0127683
0.32463
-0.104099
0.
0.012573
0.299796
0.0453989
0.
-0.0281346
0.321745
-0.0619998
0.
-0.00712521
0.
0.
0.
-0.119516
0.
0.
0.
-0.0519258
0.
0.
0.
0.0623335
0.
0.
0.
0.0577536
0.
0.
0.
-0.104469
0.
0.
0.
-0.123195
0.
0.
0.
-0.102369
0.
0.
0.
0.147113
0.
0.
0.
0.105949
0.
0.
0.
0.0546849
0.
0.
0.
-0.107539
0.
0.
0.
0.0441662
0.
0.
0.
0.00283485
0.
0.
0.
-0.0125754
0.
0.
0.
0.286101
0.
0.
0.
0.178999
0.
0.
0.
0.0840032
0.
0.
0.
-0.00304286
1.
0.
0.
0.051547
0.402346
-0.00856383
-0.00113236
-0.000400646
0.375705
0.
-0.00192918
-0.00274827
0.277012
0.
-0.000265986
-0.0268135
0.338483
0.
0.012755
0.0711162
0.379887
0.
0.00256281
-0.0110642
0.27958
0.
0.00944502
-0.031897
0.342569
0.
-0.00780893
0.0942171
0.347129
0.0123525
0.
0.100793
0.378705
0.0205429
0.
-0.000513968
0.264655
0.0247262
0.
-0.0320498
0.321977
-0.00283295
0.
0.0921553
0.383674
0.0111572
0.
-0.0032284
0.271429
0.0122116
0.
-0.0375127
0.243456
0.0128216
-0.0472182
-0.0271899
0.248101
-0.0202235
0.0207322
-0.0509891
0.3457
-0.0314565
-0.0382038
0.0279989
0.426308
-0.0952009
-0.119296
0.176621
0.363426
0.0907154
-0.119906
0.131182
0.312926
0.0171615
0.0263588
0.0615638
0.351294
0.0894575
0.0704422
0.15426
0.251326
-0.00932451
-0.0266077
-0.0107875
0.3695
0.000797616
-0.0277094
0.0303461
0.257733
0.0137704
0.026799
-0.0277846
0.330889
-0.0108316
0.0246313
0.0370528
0.309607
-0.0799959
0.11273
0.137473
0.360413
-0.00227195
-0.0123983
0.0543669
0.282421
-0.0460885
0.041625
-0.0186093
0.334245
0.0202619
0.115694
0.144265
