Vec Object: 1 MPI process
  type: seq
0.
0.
0.
-0.119325
0.
0.
0.
0.119865
0.152116
-0.168301
0.
-0.116071
0.16643
-0.177665
0.
-0.0977622
0.19384
0.199076
0.
-0.0702879
0.167063
0.17077
0.
-0.119786
0.383346
0.0142487
0.
0.0193124
0.373487
0.0121324
0.
0.00952063
0.387844
-0.0189219
0.
0.00861199
0.390375
-0.0241953
0.
0.0279783
0.
0.
0.
-0.054509
0.
0.
0.
-0.137877
0.294058
-0.0522567
0.
-0.0169591
0.323381
0.0835252
0.
-0.00516932
0.300055
-0.0485608
0.
0.00395393
0.325998
0.116236
0.
0.0144522
0.324822
0.0622887
0.
0.0166423
0.325194
-0.102821
0.
0.00790074
0.295386
0.0464198
0.
-0.0298325
0.32227
-0.0609295
0.
-0.0125246
0.
0.
0.
-0.10185
0.
0.
0.
-0.0628905
0.
0.
0.
0.0939404
0.
0.
0.
0.0443978
0.
0.
0.
-0.115821
0.
0.
0.
-0.0996323
0.
0.
0.
-0.0556167
0.
0.
0.
0.192988
0.
0.
0.
0.155462
0.
0.
0.
0.0897571
0.
0.
0.
-0.0704895
0.
0.
0.
0.0564433
0.
0.
0.
0.0420321
0.
0.
0.
-0.012001
0.
0.
0.
0.336097
0.
0.
0.
0.234225
0.
0.
0.
0.124011
0.
0.
0.
-0.00574058
1.
0.
0.
0.053331
0.403027
-0.00859983
-0.00131148
0.00448481
0.375436
0.
-0.00144941
-0.00349563
0.278793
0.
0.000306931
-0.0335516
0.349084
0.
0.0110543
0.0792786
0.380747
0.
0.00189788
-0.0119309
0.281238
0.
0.00829556
-0.0399108
0.350384
0.
-0.00814288
0.105984
0.35905
0.0103356
0.
0.114811
0.378805
0.0208611
0.
-0.00130433
0.266763
0.025197
0.
-0.0391084
0.332547
-0.00352274
0.
0.106608
0.384396
0.0100118
0.
-0.00397283
0.273176
0.0107844
0.
-0.0462392
0.242178
0.00984336
-0.0437249
-0.0341726
0.24779
-0.0180753
0.0190076
-0.0622065
0.33752
-0.0332973
-0.030916
0.0354211
0.428946
-0.0812369
-0.109723
0.194632
0.368152
0.0776576
-0.10964
0.147842
0.299494
0.0257408
0.0246578
0.0731882
0.349867
0.0784205
0.0632893
0.175496
0.244117
-0.00650768
-0.0254584
-0.0115848
0.355976
0.000367728
-0.0221814
0.0383791
0.256971
0.00977209
0.0246428
-0.0364219
0.318407
-0.0148363
0.0202647
0.047638
0.310135
-0.0688955
0.104188
0.153806
0.347258
-0.000290122
-0.0130475
0.0664536
0.264785
-0.0536963
0.0340306
0.0101885
0.332838
0.0147354
0.106137
0.166603
