Vec Object: 1 MPI process
  type: seq
0.
0.
0.
-0.113737
0.
0.
0.
0.0414064
0.161512
-0.167247
0.
-0.0802456
0.171705
-0.177858
0.
-0.0730224
0.190065
0.203418
0.
-0.0603015
0.175728
0.166606
0.
-0.0786401
0.387223
0.0100342
0.
0.00488964
0.375128
0.00953303
0.
0.00561376
0.389689
-0.0199305
0.
0.00681501
0.395478
-0.0191094
0.
0.011533
0.
0.
0.
-0.0358057
0.
0.
0.
-0.088693
0.308924
-0.0560143
0.
-0.0173714
0.320592
0.0879066
0.
0.00352187
0.313954
-0.0510652
0.
-0.00791188
0.323573
0.115443
0.
0.0207969
0.339887
0.0701255
0.
0.00304689
0.323307
-0.104534
0.
0.0159085
0.309966
0.0419443
0.
-0.0216796
0.320586
-0.0629542
0.
-0.00198912
0.
0.
0.
-0.135365
0.
0.
0.
-0.0185124
0.
0.
0.
0.00859151
0.
0.
0.
0.10035
0.
0.
0.
-0.0729712
0.
0.
0.
-0.152684
0.
0.
0.
-0.185978
0.
0.
0.
0.0577707
0.
0.
0.
0.00915619
0.
0.
0.
-0.00738323
0.
0.
0.
-0.159543
0.
0.
0.
0.0294692
0.
0.
0.
-0.0656993
0.
0.
0.
-0.00648509
0.
0.
0.
0.178527
0.
0.
0.
0.0661096
0.
0.
0.
0.0153846
0.
0.
0.
0.00475799
1.
0.
0.
0.0465236
0.399174
-0.00841881
-0.000661499
-0.00370617
0.377752
0.
-0.00312103
-0.00314833
0.272234
0.
-0.00183662
-0.0164257
0.312811
0.
0.0172262
0.0541288
0.378724
0.
0.00411846
-0.0101272
0.27467
0.
0.0124439
-0.017649
0.322447
0.
-0.00665665
0.0679871
0.317069
0.017402
0.
0.0691576
0.380004
0.0192735
0.
-0.000857385
0.25919
0.0225399
0.
-0.0209062
0.295092
0.000150663
0.
0.0627602
0.383204
0.0138277
0.
-0.0027021
0.266882
0.0155812
0.
-0.0221074
0.246571
0.0194411
-0.0534341
-0.0127557
0.248511
-0.0242854
0.023396
-0.0282834
0.361719
-0.0265227
-0.0593309
0.0125547
0.424572
-0.128645
-0.141899
0.136359
0.356341
0.12191
-0.145049
0.0943762
0.335865
-0.0107507
0.0278388
0.0378377
0.356817
0.11306
0.0900108
0.109627
0.269442
-0.0143072
-0.028869
-0.00847532
0.395802
0.00162452
-0.0421246
0.0146966
0.257987
0.0204936
0.0308575
-0.00826091
0.360983
0.00107071
0.0385752
0.016725
0.312606
-0.106132
0.131894
0.10366
0.390814
-0.00699941
-0.00866228
0.0294939
0.311937
-0.0135412
0.0623256
-0.0655591
0.340383
0.0333902
0.1362
0.0988197
