Vec Object: 1 MPI process
  type: seq
0.
0.
0.
-0.122255
0.
0.
0.
0.0710646
0.157286
-0.167647
0.
-0.0967853
0.169553
-0.177575
0.
-0.0839751
0.191451
0.201545
0.
-0.0663103
0.171799
0.168499
0.
-0.0979631
0.385779
0.0115872
0.
0.00960797
0.374669
0.0104075
0.
0.0053706
0.389044
-0.0191565
0.
0.00573693
0.393434
-0.0211395
0.
0.0174195
0.
0.
0.
-0.0455211
0.
0.
0.
-0.111525
0.301934
-0.054609
0.
-0.0180327
0.321983
0.0863927
0.
0.00154687
0.307336
-0.0502374
0.
-0.00262028
0.324713
0.116742
0.
0.0203838
0.332705
0.0666292
0.
0.00931207
0.324179
-0.104595
0.
0.0146934
0.303295
0.0443879
0.
-0.0263901
0.321325
-0.0625418
0.
-0.00439039
0.
0.
0.
-0.129068
0.
0.
0.
-0.0415816
0.
0.
0.
0.0405354
0.
0.
0.
0.070773
0.
0.
0.
-0.0943108
0.
0.
0.
-0.137482
0.
0.
0.
-0.135308
0.
0.
0.
0.11347
0.
0.
0.
0.0695443
0.
0.
0.
0.0300421
0.
0.
0.
-0.131141
0.
0.
0.
0.0368178
0.
0.
0.
-0.0245779
0.
0.
0.
-0.0116998
0.
0.
0.
0.247675
0.
0.
0.
0.13755
0.
0.
0.
0.0563002
0.
0.
0.
-0.000607786
1.
0.
0.
0.0501724
0.401503
-0.00852169
-0.000977662
-0.00249138
0.376206
0.
-0.00232741
-0.00258502
0.275462
0.
-0.00076697
-0.0226491
0.329848
0.
0.0142052
0.0649968
0.379408
0.
0.00310292
-0.0105641
0.278062
0.
0.0104255
-0.026543
0.335987
0.
-0.00747049
0.0850756
0.337211
0.0140282
0.
0.0897394
0.378936
0.0201781
0.
-0.000326077
0.262855
0.0241474
0.
-0.027626
0.313143
-0.00203793
0.
0.0814365
0.383383
0.0120839
0.
-0.00283907
0.269931
0.0133807
0.
-0.0316555
0.244471
0.0151627
-0.0497087
-0.0220262
0.248271
-0.0218117
0.021899
-0.0428241
0.351734
-0.0298253
-0.0447858
0.0223094
0.424951
-0.106554
-0.126985
0.162566
0.360268
0.101311
-0.128323
0.118196
0.322338
0.00881814
0.0273039
0.0528243
0.352807
0.0979529
0.0766844
0.138172
0.257296
-0.0113285
-0.0274486
-0.0101193
0.379459
0.0011153
-0.0324713
0.024446
0.258066
0.0165698
0.0283658
-0.0211288
0.341025
-0.00716646
0.0287833
0.0292907
0.309882
-0.0889317
0.119432
0.125191
0.370924
-0.00390284
-0.0114615
0.0451749
0.294635
-0.037342
0.0483061
-0.038099
0.335832
0.02475
0.123062
0.127605
