Vec Object: 1 MPI process
  type: seq
0.
0.
0.
-0.0781544
0.
0.
0.
0.0192381
0.169773
-0.167992
0.
-0.048661
0.175867
-0.180001
0.
-0.0517129
0.189816
0.20751
0.
-0.0432769
0.182952
0.163672
0.
-0.039411
0.389799
0.00840675
0.
-0.000707651
0.376719
0.00725586
0.
0.00970634
0.39263
-0.0219732
0.
0.00931999
0.399337
-0.0161353
0.
0.00314495
0.
0.
0.
-0.0180559
0.
0.
0.
-0.055254
0.325345
-0.0580246
0.
-0.0116091
0.316374
0.0900904
0.
0.00292843
0.330524
-0.0502341
0.
-0.0151611
0.321115
0.109263
0.
0.015383
0.357526
0.0757901
0.
-0.00507832
0.321632
-0.101545
0.
0.0120906
0.324123
0.03577
0.
-0.00975164
0.320495
-0.0618681
0.
-0.00331646
0.
0.
0.
-0.104694
0.
0.
0.
0.0262027
0.
0.
0.
-0.0125816
0.
0.
0.
0.153656
0.
0.
0.
-0.0393329
0.
0.
0.
-0.136653
0.
0.
0.
-0.232728
0.
0.
0.
-0.0135084
0.
0.
0.
-0.0672444
0.
0.
0.
-0.0381827
0.
0.
0.
-0.141987
0.
0.
0.
0.0382692
0.
0.
0.
-0.0948842
0.
0.
0.
0.0138878
0.
0.
0.
0.0603775
0.
0.
0.
-0.0385083
0.
0.
0.
-0.0118785
0.
0.
0.
0.0108971
1.
0.
0.
0.0325529
0.390208
-0.00781185
0.000259411
-0.000940456
0.382929
0.
-0.00474336
-0.0057299
0.26511
0.
-0.00460026
-0.00677142
0.272097
0.
0.0247524
0.0339994
0.37603
0.
0.00576959
-0.00964853
0.265187
0.
0.0173149
-0.00145982
0.28793
0.
-0.00372994
0.0340337
0.266589
0.0247727
0.
0.0315665
0.384273
0.0171119
0.
-0.00335952
0.251994
0.0162546
0.
-0.0106211
0.248153
0.0086004
0.
0.031841
0.382152
0.0167716
0.
-0.00366455
0.26036
0.0185723
0.
-0.00641934
0.252588
0.0270108
-0.0536079
-2.88229e-05
0.248875
-0.0234528
0.021263
-0.00349821
0.372086
-0.0207083
-0.0970713
-0.00388224
0.436218
-0.173332
-0.175325
0.0862246
0.36452
0.16408
-0.182518
0.0523855
0.331428
-0.0598317
0.0223426
0.0131758
0.371127
0.136366
0.122599
0.0613132
0.299296
-0.0159326
-0.0312519
-0.00766835
0.412305
0.00215665
-0.0591779
-0.00109663
0.253378
0.0178465
0.0333913
0.0156781
0.407249
0.0237791
0.0686835
-0.00109393
0.332897
-0.141149
0.156045
0.0676269
0.427409
-0.0113233
0.000143237
0.00643251
0.309938
0.0606033
0.0895133
-0.0798737
0.360838
0.0494405
0.155864
0.0537054
