Vec Object: 1 MPI process
  type: seq
0.
0.
0.
-0.0704229
0.
0.
0.
0.308095
0.153539
-0.155346
0.
-0.025786
0.16978
-0.165302
0.
-0.00412169
0.221423
0.173473
0.
0.083536
0.169691
0.162799
0.
-0.034801
0.356345
0.0413357
0.
0.153752
0.353891
0.0352123
0.
0.115182
0.361866
-0.0401469
0.
0.147347
0.36283
-0.0510631
0.
0.159372
0.
0.
0.
-0.125329
0.
0.
0.
-0.265666
0.269201
-0.0622977
0.
-0.123694
0.328351
0.0572124
0.
-0.133593
0.277295
-0.0643903
0.
-0.102917
0.331738
0.0878684
0.
-0.125049
0.300815
0.0684635
0.
-0.0723898
0.329917
-0.0715285
0.
-0.131414
0.268117
0.0647478
0.
-0.118107
0.324785
-0.0409883
0.
-0.152235
0.
0.
0.
0.0569193
0.
0.
0.
-0.135086
0.
0.
0.
0.306733
0.
0.
0.
-0.00758513
0.
0.
0.
-0.199249
0.
0.
0.
0.0934489
0.
0.
0.
0.273774
0.
0.
0.
0.495349
0.
0.
0.
0.472065
0.
0.
0.
0.318774
0.
0.
0.
0.226586
0.
0.
0.
0.130412
0.
0.
0.
0.301892
0.
0.
0.
-0.0318506
0.
0.
0.
0.666632
0.
0.
0.
0.591175
0.
0.
0.
0.419545
0.
0.
0.
-0.080119
1.
0.
0.
0.225236
0.392868
-0.00700012
-0.00127552
0.157116
0.387074
0.
0.00105897
-0.0375639
0.286876
0.
0.00241058
-0.203473
0.390788
0.
0.00355961
0.168942
0.401262
0.
-0.000651678
-0.0259319
0.287267
0.
0.00374366
-0.209741
0.374008
0.
-0.00770114
0.219891
0.403631
0.00160823
0.
0.231767
0.394587
0.018282
0.
-0.0347825
0.276703
0.0213054
0.
-0.205452
0.369799
-0.00112877
0.
0.250081
0.408247
0.00552397
0.
-0.0169373
0.280789
0.00600487
0.
-0.219428
0.232642
-0.00314341
-0.0212088
-0.183492
0.24279
-0.00616944
0.00740995
-0.243845
0.280366
-0.028479
-0.00649892
0.0067886
0.450133
-0.00895901
-0.056629
0.368014
0.395415
0.0101115
-0.0564297
0.28379
0.204031
0.0363546
0.0093188
0.100074
0.340238
0.014921
0.0347923
0.337355
0.206019
0.00310732
-0.0170288
-0.100853
0.265092
-0.00088558
-0.00217255
0.043342
0.246695
-0.00696369
0.0108677
-0.202478
0.249334
-0.0235482
0.0090194
0.0504301
0.317
-0.00856018
0.0552122
0.276326
0.273496
0.00815859
-0.00678728
0.0929899
0.137337
-0.0446428
0.00788154
0.196367
0.324177
-0.0128992
0.0507133
0.33655
