Vec Object: 1 MPI process
  type: seq
0.
0.
0.
-0.120934
0.
0.
0.
0.109707
0.153081
-0.168187
0.
-0.11262
0.167055
-0.177629
0.
-0.0952047
0.193317
0.199585
0.
-0.0699476
0.167944
0.170355
0.
-0.115876
0.383896
0.0136552
0.
0.0169582
0.373792
0.0117193
0.
0.00820837
0.388155
-0.0188727
0.
0.00747084
0.391032
-0.0235439
0.
0.0255213
0.
0.
0.
-0.053005
0.
0.
0.
-0.133028
0.295517
-0.0527366
0.
-0.0171647
0.323131
0.0841816
0.
-0.00341186
0.301394
-0.0489061
0.
0.00283976
0.325758
0.116533
0.
0.0161658
0.326267
0.0630908
0.
0.0154455
0.325003
-0.103343
0.
0.0097678
0.29688
0.0461003
0.
-0.0292854
0.322094
-0.0613444
0.
-0.0104198
0.
0.
0.
-0.108487
0.
0.
0.
-0.0594268
0.
0.
0.
0.0827749
0.
0.
0.
0.0485396
0.
0.
0.
-0.112154
0.
0.
0.
-0.108254
0.
0.
0.
-0.0720421
0.
0.
0.
0.177068
0.
0.
0.
0.138298
0.
0.
0.
0.0774364
0.
0.
0.
-0.0838699
0.
0.
0.
0.0519495
0.
0.
0.
0.0282442
0.
0.
0.
-0.0123772
0.
0.
0.
0.318994
0.
0.
0.
0.215197
0.
0.
0.
0.109887
0.
0.
0.
-0.00485028
1.
0.
0.
0.0526661
0.402847
-0.00859057
-0.0012533
0.00248707
0.375478
0.
-0.00160911
-0.00317334
0.278212
0.
0.000120076
-0.0310361
0.345532
0.
0.0116147
0.0764555
0.380415
0.
0.00211997
-0.0116154
0.280707
0.
0.00867362
-0.0369916
0.347799
0.
-0.00804195
0.101962
0.355085
0.0110069
0.
0.110059
0.378718
0.0207725
0.
-0.000966052
0.26607
0.0250703
0.
-0.036486
0.329038
-0.00332662
0.
0.10159
0.384098
0.0103952
0.
-0.00369804
0.272603
0.0112593
0.
-0.0430733
0.242615
0.0108517
-0.0449445
-0.0317141
0.24791
-0.0188153
0.0196177
-0.0582498
0.340354
-0.0327076
-0.0332615
0.0329121
0.427949
-0.0859196
-0.112951
0.188487
0.366475
0.0820401
-0.113075
0.142169
0.304208
0.0230745
0.02529
0.0692039
0.350297
0.082189
0.065625
0.168191
0.246523
-0.00748887
-0.0258586
-0.0112889
0.360661
0.000515677
-0.0239888
0.0356089
0.257271
0.0111711
0.0253919
-0.0334207
0.3226
-0.0135554
0.0216408
0.0439911
0.309861
-0.0726321
0.10709
0.148176
0.351696
-0.000949008
-0.0128933
0.0623351
0.270999
-0.0515257
0.0364957
-3.67147e-05
0.333251
0.0165875
0.109399
0.158881
