Vec Object: 1 MPI process
  type: seq
0.
0.
0.
-0.0975939
0.
0.
0.
0.0241213
0.165469
-0.167231
0.
-0.0646913
0.173538
-0.178569
0.
-0.0630123
0.189354
0.205281
0.
-0.0529443
0.179394
0.164918
0.
-0.0594972
0.388439
0.008957
0.
0.00175348
0.375543
0.00874576
0.
0.00751377
0.390601
-0.0208646
0.
0.00851372
0.397302
-0.0174617
0.
0.00707859
0.
0.
0.
-0.0258041
0.
0.
0.
-0.0686578
0.316283
-0.056969
0.
-0.0149772
0.318903
0.0889651
0.
0.00364284
0.321175
-0.0511782
0.
-0.012143
0.322388
0.113021
0.
0.0188191
0.347669
0.0731606
0.
-0.00188944
0.322453
-0.103507
0.
0.0147464
0.316593
0.0390665
0.
-0.0158531
0.320124
-0.0627296
0.
-0.00200285
0.
0.
0.
-0.126738
0.
0.
0.
0.00555455
0.
0.
0.
-0.0092377
0.
0.
0.
0.13106
0.
0.
0.
-0.0526914
0.
0.
0.
-0.152084
0.
0.
0.
-0.218521
0.
0.
0.
0.0155939
0.
0.
0.
-0.036488
0.
0.
0.
-0.0303362
0.
0.
0.
-0.164049
0.
0.
0.
0.030507
0.
0.
0.
-0.0896959
0.
0.
0.
0.00237621
0.
0.
0.
0.117088
0.
0.
0.
0.007714
0.
0.
0.
-0.00759851
0.
0.
0.
0.00955791
1.
0.
0.
0.0410394
0.395798
-0.00825196
-0.000303888
-0.00283255
0.379921
0.
-0.00392009
-0.00437813
0.26883
0.
-0.00304346
-0.0114894
0.294788
0.
0.0205774
0.0442513
0.377922
0.
0.00502792
-0.0100737
0.270639
0.
0.0146232
-0.0096512
0.307427
0.
-0.00558417
0.0514456
0.295006
0.0209274
0.
0.0500424
0.381724
0.0182314
0.
-0.0020546
0.255489
0.0202112
0.
-0.0155182
0.275025
0.00334874
0.
0.0466173
0.383064
0.0154106
0.
-0.00315044
0.26376
0.0174654
0.
-0.0140254
0.249116
0.0232702
-0.0551554
-0.00508026
0.248773
-0.025395
0.0235093
-0.0152145
0.368881
-0.0233763
-0.0761946
0.00421263
0.427665
-0.150557
-0.157177
0.111537
0.356474
0.142406
-0.162469
0.0727252
0.340835
-0.0339418
0.0263763
0.0250633
0.362479
0.125865
0.104955
0.084517
0.282739
-0.0158658
-0.030048
-0.00719029
0.40725
0.00196953
-0.0514806
0.0066557
0.256805
0.0216597
0.0325061
0.00420725
0.381839
0.0109289
0.051035
0.00705165
0.319082
-0.123096
0.143701
0.0849882
0.409559
-0.00968612
-0.00476066
0.0168462
0.318562
0.018939
0.0767203
-0.0793423
0.347607
0.0416793
0.147309
0.074651
