Vec Object: 1 MPI process
  type: seq
0.
0.
0.
-0.0766829
0.
0.
0.
0.0194923
0.170198
-0.168133
0.
-0.0472132
0.176149
-0.18019
0.
-0.0505461
0.189965
0.207741
0.
-0.0422653
0.183251
0.163623
0.
-0.0376538
0.389935
0.0084077
0.
-0.00089471
0.376916
0.00703827
0.
0.00983356
0.392914
-0.0220889
0.
0.00927771
0.39954
-0.0160473
0.
0.00281499
0.
0.
0.
-0.0176768
0.
0.
0.
-0.0546879
0.326298
-0.0581523
0.
-0.0113196
0.316073
0.09022
0.
0.00285758
0.331534
-0.0500637
0.
-0.0153106
0.321007
0.108837
0.
0.0150276
0.358572
0.0759893
0.
-0.00521765
0.321568
-0.101313
0.
0.0117958
0.324876
0.0354647
0.
-0.00926845
0.32062
-0.0617487
0.
-0.0034688
0.
0.
0.
-0.102278
0.
0.
0.
0.0274696
0.
0.
0.
-0.012075
0.
0.
0.
0.154387
0.
0.
0.
-0.0389693
0.
0.
0.
-0.134672
0.
0.
0.
-0.232867
0.
0.
0.
-0.0152308
0.
0.
0.
-0.0689593
0.
0.
0.
-0.0379912
0.
0.
0.
-0.138624
0.
0.
0.
0.039124
0.
0.
0.
-0.0942118
0.
0.
0.
0.0149508
0.
0.
0.
0.0557779
0.
0.
0.
-0.0416967
0.
0.
0.
-0.011245
0.
0.
0.
0.010668
1.
0.
0.
0.0316049
0.389525
-0.00774192
0.000332052
-0.000755215
0.383245
0.
-0.00481471
-0.00582228
0.264775
0.
-0.00476926
-0.00636119
0.269685
0.
0.0251758
0.0330386
0.375739
0.
0.00581677
-0.009542
0.264595
0.
0.0175972
-0.000751491
0.28584
0.
-0.00348063
0.0324793
0.263556
0.025111
0.
0.0300216
0.384552
0.0170146
0.
-0.00344695
0.251746
0.0157488
0.
-0.0102336
0.245174
0.00923716
0.
0.0306229
0.381979
0.0168671
0.
-0.00367657
0.260043
0.0185838
0.
-0.00579007
0.252928
0.0273663
-0.0532247
0.000214129
0.248826
-0.0229869
0.0208816
-0.00261646
0.372036
-0.0205254
-0.0991256
-0.00457805
0.437373
-0.175304
-0.177162
0.0839801
0.365928
0.166003
-0.184442
0.05072
0.329488
-0.0619489
0.0218574
0.0122139
0.372106
0.137116
0.124233
0.0594131
0.300974
-0.0158873
-0.031381
-0.00783288
0.412286
0.00216348
-0.0596204
-0.00177624
0.252858
0.0170907
0.0334494
0.0165358
0.409874
0.025086
0.0706048
-0.00172918
0.334731
-0.142777
0.157168
0.0661608
0.428835
-0.0113475
0.000582551
0.00564768
0.30817
0.0643825
0.0902965
-0.0792439
0.362542
0.0500043
0.156382
0.052062
