Vec Object: 1 MPI process
  type: seq
0.
0.
0.
-0.10187
0.
0.
0.
0.187751
0.147056
-0.168261
0.
-0.130643
0.162878
-0.177512
0.
-0.108789
0.198301
0.194902
0.
-0.0638525
0.162446
0.172645
0.
-0.137412
0.378406
0.0193986
0.
0.0435681
0.370282
0.0161303
0.
0.026799
0.384203
-0.0209756
0.
0.0274238
0.384934
-0.0295172
0.
0.0521625
0.
0.
0.
-0.0647128
0.
0.
0.
-0.168548
0.285307
-0.049901
0.
-0.0211554
0.324866
0.0779453
0.
-0.0233247
0.292052
-0.0472151
0.
0.00394961
0.327534
0.111874
0.
-0.00471258
0.316258
0.0584759
0.
0.0170227
0.326431
-0.0972161
0.
-0.0120438
0.286148
0.0484512
0.
-0.036227
0.323279
-0.0569948
0.
-0.0336014
0.
0.
0.
-0.0501245
0.
0.
0.
-0.0808745
0.
0.
0.
0.169166
0.
0.
0.
0.0256332
0.
0.
0.
-0.136432
0.
0.
0.
-0.0360605
0.
0.
0.
0.0547323
0.
0.
0.
0.296285
0.
0.
0.
0.266239
0.
0.
0.
0.171569
0.
0.
0.
0.0256333
0.
0.
0.
0.0882363
0.
0.
0.
0.134038
0.
0.
0.
-0.00848271
0.
0.
0.
0.44367
0.
0.
0.
0.355619
0.
0.
0.
0.220067
0.
0.
0.
-0.0135772
1.
0.
0.
0.0633875
0.402766
-0.00852828
-0.00157798
0.0289117
0.376503
0.
-0.000524413
-0.00679427
0.281902
0.
0.00129845
-0.0577224
0.369553
0.
0.00795401
0.0980103
0.384144
0.
0.000656136
-0.0135009
0.283866
0.
0.00624646
-0.0658906
0.364521
0.
-0.00845994
0.131905
0.381381
0.00650661
0.
0.144061
0.380828
0.0209127
0.
-0.00469708
0.270583
0.0252077
0.
-0.0637408
0.352107
-0.00392811
0.
0.140562
0.387986
0.00784638
0.
-0.0052554
0.276249
0.00818069
0.
-0.0736608
0.239283
0.00388324
-0.0357314
-0.0551322
0.246651
-0.0134696
0.0149065
-0.0936389
0.318976
-0.0357155
-0.0190732
0.047205
0.436736
-0.0536395
-0.0902367
0.234341
0.379398
0.0517535
-0.0894446
0.183284
0.267943
0.0369451
0.0198497
0.0959659
0.347924
0.0550542
0.0507789
0.222405
0.229974
-0.000459787
-0.0227696
-0.0175355
0.32551
-0.000511135
-0.0126705
0.0538814
0.254277
0.000947905
0.0197871
-0.0608551
0.293357
-0.0210007
0.0138763
0.0678598
0.313259
-0.0465526
0.086361
0.18988
0.320548
0.00338046
-0.0125951
0.0893243
0.222733
-0.0590515
0.021328
0.0795204
0.331152
0.00390763
0.0859152
0.216813
