Vec Object: 1 MPI process
  type: seq
0.
0.
0.
-0.0837948
0.
0.
0.
0.0192429
0.168386
-0.167624
0.
-0.0536074
0.175024
-0.179449
0.
-0.0554548
0.189473
0.206769
0.
-0.0465357
0.1819
0.163947
0.
-0.0455353
0.389353
0.00848367
0.
-2.11743e-05
0.376192
0.00786402
0.
0.00913638
0.391814
-0.0216059
0.
0.0092849
0.398674
-0.0164847
0.
0.00430143
0.
0.
0.
-0.0198508
0.
0.
0.
-0.0581208
0.322304
-0.0576454
0.
-0.0126482
0.317288
0.0897003
0.
0.00318084
0.327329
-0.0506884
0.
-0.0144598
0.3215
0.110589
0.
0.0165454
0.354194
0.0750556
0.
-0.00438591
0.321867
-0.10226
0.
0.0130314
0.321674
0.0368054
0.
-0.011526
0.320215
-0.0622151
0.
-0.00282668
0.
0.
0.
-0.112576
0.
0.
0.
0.0209194
0.
0.
0.
-0.0133
0.
0.
0.
0.149002
0.
0.
0.
-0.0418808
0.
0.
0.
-0.142801
0.
0.
0.
-0.230726
0.
0.
0.
-0.00640091
0.
0.
0.
-0.0599297
0.
0.
0.
-0.0376763
0.
0.
0.
-0.151798
0.
0.
0.
0.0354111
0.
0.
0.
-0.0956955
0.
0.
0.
0.010238
0.
0.
0.
0.0768553
0.
0.
0.
-0.0262231
0.
0.
0.
-0.0127901
0.
0.
0.
0.0111623
1.
0.
0.
0.0355418
0.39227
-0.00800172
4.67624e-05
-0.00157076
0.381908
0.
-0.00449457
-0.0053578
0.266264
0.
-0.00406893
-0.00819715
0.279778
0.
0.0233699
0.0372164
0.376828
0.
0.00557755
-0.00989636
0.267062
0.
0.0164129
-0.00394792
0.294568
0.
-0.0044463
0.0393928
0.276243
0.0235919
0.
0.037033
0.38339
0.0174511
0.
-0.00300315
0.252962
0.0177446
0.
-0.0120336
0.257471
0.00667345
0.
0.0361568
0.382597
0.016403
0.
-0.00355787
0.261429
0.0183933
0.
-0.00866106
0.251437
0.0258479
-0.0545741
-0.00114991
0.248926
-0.0245937
0.0223078
-0.00678326
0.371748
-0.0214187
-0.0902578
-0.00144416
0.43282
-0.166423
-0.169345
0.0939568
0.360743
0.157424
-0.17609
0.0583276
0.336499
-0.0520933
0.023864
0.0166486
0.368067
0.133525
0.117005
0.0680811
0.29381
-0.0160553
-0.0308533
-0.00725206
0.411706
0.00211916
-0.0572574
0.00125896
0.25482
0.019817
0.0331861
0.0124656
0.398783
0.019497
0.0625803
0.00122006
0.327516
-0.135561
0.152214
0.0727619
0.422234
-0.0110426
-0.00139718
0.00932064
0.31466
0.0473973
0.0862003
-0.0812041
0.355804
0.0472687
0.153708
0.059651
