Vec Object: 1 MPI process
  type: seq
0.
0.
0.
-0.0864549
0.
0.
0.
0.0196721
0.1678
-0.167507
0.
-0.0557745
0.1747
-0.179243
0.
-0.0570018
0.18939
0.206462
0.
-0.0478785
0.181424
0.164106
0.
-0.0482556
0.389167
0.00854866
0.
0.000300622
0.376019
0.00807851
0.
0.00884049
0.391519
-0.0214543
0.
0.00919702
0.398395
-0.0166575
0.
0.00482326
0.
0.
0.
-0.0208411
0.
0.
0.
-0.0597841
0.321054
-0.0575001
0.
-0.0131151
0.317644
0.089547
0.
0.00328875
0.326032
-0.0508346
0.
-0.0140756
0.321673
0.111117
0.
0.017029
0.35283
0.0747097
0.
-0.00398979
0.321977
-0.102539
0.
0.0134113
0.320645
0.0372551
0.
-0.0123475
0.32015
-0.0623417
0.
-0.00263111
0.
0.
0.
-0.115777
0.
0.
0.
0.0182235
0.
0.
0.
-0.0131173
0.
0.
0.
0.146135
0.
0.
0.
-0.0435304
0.
0.
0.
-0.145142
0.
0.
0.
-0.229147
0.
0.
0.
-0.00272713
0.
0.
0.
-0.0560676
0.
0.
0.
-0.0368999
0.
0.
0.
-0.155257
0.
0.
0.
0.0342478
0.
0.
0.
-0.0953471
0.
0.
0.
0.00864865
0.
0.
0.
0.0843989
0.
0.
0.
-0.0202297
0.
0.
0.
-0.0125624
0.
0.
0.
0.0110569
1.
0.
0.
0.0367392
0.393063
-0.00806609
-3.28462e-05
-0.00183969
0.381488
0.
-0.00438357
-0.00517554
0.266769
0.
-0.00385349
-0.00883102
0.282918
0.
0.0227927
0.0386038
0.377103
0.
0.00548102
-0.00996195
0.267822
0.
0.0160417
-0.00505716
0.297274
0.
-0.00470958
0.0417529
0.280185
0.0230686
0.
0.0395059
0.383032
0.0176025
0.
-0.0028274
0.253429
0.0183058
0.
-0.0126863
0.261212
0.00592951
0.
0.0381199
0.382735
0.0162242
0.
-0.00348897
0.261891
0.0182594
0.
-0.00967849
0.25095
0.0253485
-0.0548455
-0.00177517
0.248912
-0.0249126
0.0226549
-0.00833328
0.37139
-0.0217667
-0.0873754
-0.000355278
0.431568
-0.163343
-0.166849
0.0973713
0.359512
0.154486
-0.173343
0.0610387
0.338041
-0.0485607
0.024456
0.0182377
0.366848
0.132156
0.114579
0.0711683
0.29152
-0.0160767
-0.0306912
-0.00714724
0.411147
0.00209669
-0.0562565
0.0023019
0.255322
0.0204244
0.0330825
0.0109452
0.395279
0.0177114
0.0601089
0.00229391
0.325521
-0.133111
0.150542
0.0750743
0.41985
-0.0108425
-0.00207513
0.010682
0.316114
0.0416162
0.084513
-0.081373
0.353913
0.0462325
0.152606
0.0624098
