Vec Object: 1 MPI process
  type: seq
0.
0.
0.
-0.0859764
0.
0.
0.
0.0195768
0.167904
-0.167526
0.
-0.0553888
0.174756
-0.179279
0.
-0.0567298
0.189402
0.206516
0.
-0.047643
0.181509
0.164076
0.
-0.0477704
0.389199
0.00853592
0.
0.000242452
0.376048
0.00804224
0.
0.0088946
0.391569
-0.021481
0.
0.00921543
0.398444
-0.016626
0.
0.00472967
0.
0.
0.
-0.0206571
0.
0.
0.
-0.0594716
0.321273
-0.0575253
0.
-0.0130319
0.317582
0.0895737
0.
0.0032699
0.326259
-0.0508107
0.
-0.0141469
0.321642
0.111025
0.
0.0169442
0.353069
0.0747723
0.
-0.00406402
0.321957
-0.102491
0.
0.0133452
0.320827
0.0371753
0.
-0.0121999
0.320159
-0.0623202
0.
-0.00266492
0.
0.
0.
-0.115221
0.
0.
0.
0.0187176
0.
0.
0.
-0.013172
0.
0.
0.
0.146675
0.
0.
0.
-0.0432163
0.
0.
0.
-0.144742
0.
0.
0.
-0.229458
0.
0.
0.
-0.00340478
0.
0.
0.
-0.0567827
0.
0.
0.
-0.0370624
0.
0.
0.
-0.154679
0.
0.
0.
0.0344492
0.
0.
0.
-0.0954397
0.
0.
0.
0.00893047
0.
0.
0.
0.0830432
0.
0.
0.
-0.0213216
0.
0.
0.
-0.0126312
0.
0.
0.
0.0110844
1.
0.
0.
0.0365308
0.392926
-0.00805532
-1.91736e-05
-0.00179234
0.381562
0.
-0.0044034
-0.00520859
0.26668
0.
-0.0038912
-0.00871784
0.282368
0.
0.0228942
0.0383575
0.377057
0.
0.00549867
-0.00995179
0.267689
0.
0.0161069
-0.00485924
0.2968
0.
-0.00466455
0.0413326
0.279495
0.0231618
0.
0.0390627
0.383095
0.0175755
0.
-0.0028593
0.253344
0.0182094
0.
-0.0125689
0.260559
0.00605803
0.
0.0377674
0.382713
0.0162567
0.
-0.00350193
0.261809
0.0182853
0.
-0.00949608
0.251036
0.0254373
-0.0548035
-0.00165823
0.248916
-0.0248628
0.0225976
-0.00805314
0.371462
-0.0217033
-0.0878838
-0.0005498
0.431781
-0.163893
-0.167289
0.0967625
0.359715
0.155009
-0.173829
0.0605518
0.337795
-0.0491929
0.0243541
0.0179525
0.36706
0.132405
0.115009
0.0706138
0.291923
-0.0160747
-0.0307197
-0.00716239
0.411259
0.00210094
-0.0564406
0.00211587
0.255237
0.0203264
0.0331018
0.01122
0.395895
0.0180252
0.0605404
0.00210033
0.325862
-0.133547
0.150839
0.0746599
0.420279
-0.010881
-0.00195477
0.0104356
0.315881
0.042641
0.0848216
-0.0813617
0.354237
0.0464198
0.152808
0.0619122
