Vec Object: 1 MPI process
  type: seq
0.
0.
0.
-0.0759189
0.
0.
0.
0.0196811
0.170437
-0.168218
0.
-0.0464152
0.176314
-0.180301
0.
-0.0498861
0.190059
0.207871
0.
-0.0416952
0.183413
0.163604
0.
-0.0366946
0.390012
0.00841377
0.
-0.000994827
0.377035
0.00690897
0.
0.00989378
0.39308
-0.0221547
0.
0.00924249
0.399654
-0.0160021
0.
0.00263466
0.
0.
0.
-0.0175003
0.
0.
0.
-0.0544331
0.326839
-0.0582268
0.
-0.0111642
0.315899
0.0902955
0.
0.00282002
0.332109
-0.0499613
0.
-0.0153805
0.320949
0.108593
0.
0.0148287
0.359165
0.0760959
0.
-0.00528083
0.321534
-0.10118
0.
0.0116295
0.325299
0.0352958
0.
-0.0090109
0.320698
-0.0616788
0.
-0.00355412
0.
0.
0.
-0.100932
0.
0.
0.
0.0281049
0.
0.
0.
-0.0117396
0.
0.
0.
0.154643
0.
0.
0.
-0.0388539
0.
0.
0.
-0.133551
0.
0.
0.
-0.232851
0.
0.
0.
-0.016107
0.
0.
0.
-0.0698163
0.
0.
0.
-0.0378192
0.
0.
0.
-0.136679
0.
0.
0.
0.0395914
0.
0.
0.
-0.0937554
0.
0.
0.
0.0155339
0.
0.
0.
0.0532915
0.
0.
0.
-0.0433676
0.
0.
0.
-0.0108277
0.
0.
0.
0.0105096
1.
0.
0.
0.0310673
0.389131
-0.00769998
0.000374568
-0.000653591
0.383424
0.
-0.00485372
-0.00586904
0.26459
0.
-0.00486571
-0.0061368
0.268318
0.
0.0254131
0.032504
0.375566
0.
0.00584072
-0.00947506
0.26426
0.
0.0177573
-0.000366765
0.284654
0.
-0.00333354
0.0316266
0.261838
0.0252954
0.
0.0291823
0.38471
0.0169615
0.
-0.00349087
0.251617
0.0154533
0.
-0.0100262
0.243474
0.00960487
0.
0.0299604
0.381873
0.0169169
0.
-0.00367831
0.259868
0.0185807
0.
-0.00544963
0.253115
0.0275674
-0.0529925
0.000331067
0.248789
-0.0226999
0.020655
-0.00214836
0.371975
-0.0204298
-0.100269
-0.00495684
0.438045
-0.176377
-0.178194
0.0827469
0.366772
0.167057
-0.185511
0.0498179
0.328322
-0.0630745
0.0215833
0.0116973
0.372664
0.137511
0.125129
0.0583828
0.301914
-0.015863
-0.0314555
-0.00793047
0.412234
0.0021663
-0.0598367
-0.00214794
0.252548
0.0166346
0.0334824
0.0169898
0.411355
0.0258163
0.0716925
-0.00206973
0.335799
-0.143672
0.157787
0.0653596
0.4296
-0.0113472
0.000820387
0.00522726
0.307119
0.0664297
0.0906835
-0.0788521
0.363534
0.0502965
0.156643
0.0511755
