Vec Object: 1 MPI process
  type: seq
0.
0.
0.
-0.110241
0.
0.
0.
0.0359031
0.162525
-0.1672
0.
-0.0762513
0.17218
-0.177994
0.
-0.0704538
0.189815
0.203881
0.
-0.0585746
0.176675
0.166158
0.
-0.073814
0.387538
0.00972192
0.
0.00399418
0.375217
0.00934642
0.
0.00599072
0.389871
-0.0201573
0.
0.00724988
0.395946
-0.0186624
0.
0.0103132
0.
0.
0.
-0.0332288
0.
0.
0.
-0.0832536
0.310724
-0.0562826
0.
-0.0169041
0.320203
0.0881997
0.
0.00367754
0.315693
-0.0511638
0.
-0.00907645
0.323279
0.114928
0.
0.020467
0.341769
0.0709343
0.
0.00166289
0.323089
-0.104353
0.
0.0157846
0.311627
0.0412514
0.
-0.0202776
0.320433
-0.0629503
0.
-0.0018224
0.
0.
0.
-0.134509
0.
0.
0.
-0.0123892
0.
0.
0.
0.00278178
0.
0.
0.
0.108234
0.
0.
0.
-0.0675883
0.
0.
0.
-0.153954
0.
0.
0.
-0.195866
0.
0.
0.
0.0458779
0.
0.
0.
-0.00373937
0.
0.
0.
-0.0145291
0.
0.
0.
-0.162943
0.
0.
0.
0.0290026
0.
0.
0.
-0.0733792
0.
0.
0.
-0.00453884
0.
0.
0.
0.162356
0.
0.
0.
0.0501706
0.
0.
0.
0.00789851
0.
0.
0.
0.00610646
1.
0.
0.
0.0453318
0.398438
-0.0083863
-0.000577756
-0.0036251
0.378242
0.
-0.00332243
-0.00341839
0.271391
0.
-0.0021257
-0.0151042
0.308422
0.
0.0180324
0.051574
0.378556
0.
0.00435987
-0.0100987
0.273724
0.
0.012974
-0.0155907
0.318848
0.
-0.00641737
0.0637952
0.311762
0.0182741
0.
0.0642066
0.380379
0.0190191
0.
-0.00112013
0.258253
0.0220317
0.
-0.0194633
0.290301
0.000847123
0.
0.0584785
0.383188
0.0142445
0.
-0.00277615
0.266101
0.016097
0.
-0.0199697
0.247156
0.0204474
-0.0540849
-0.0106338
0.248571
-0.0247266
0.0235749
-0.0248554
0.363813
-0.0257014
-0.0633465
0.0103535
0.424994
-0.134177
-0.145675
0.129998
0.355922
0.127072
-0.149345
0.0887206
0.338047
-0.0162905
0.0276712
0.0344513
0.35807
0.116513
0.0936109
0.103005
0.272649
-0.0148398
-0.0291847
-0.00806586
0.399186
0.00172698
-0.044551
0.0125527
0.257807
0.0210898
0.0313543
-0.00505498
0.366098
0.00338368
0.0414273
0.0140589
0.313826
-0.110413
0.134913
0.098715
0.395653
-0.00773088
-0.00777462
0.0260378
0.314718
-0.0061642
0.0659699
-0.0702843
0.341898
0.0355187
0.139206
0.0923221
