Vec Object: 1 MPI process
  type: seq
0.
0.
0.
-0.121652
0.
0.
0.
0.0662029
0.157893
-0.167574
0.
-0.0944317
0.169883
-0.177591
0.
-0.0823741
0.191223
0.201813
0.
-0.0655714
0.17236
0.168228
0.
-0.0952686
0.386006
0.0113376
0.
0.0088087
0.374753
0.0102634
0.
0.00524892
0.389138
-0.0192452
0.
0.00577576
0.393742
-0.0208299
0.
0.0164748
0.
0.
0.
-0.0442609
0.
0.
0.
-0.108302
0.302894
-0.0548418
0.
-0.0180606
0.321802
0.0866457
0.
0.00198486
0.308235
-0.0503932
0.
-0.00341445
0.324557
0.116643
0.
0.020646
0.333681
0.0671392
0.
0.00838574
0.324058
-0.104661
0.
0.0150647
0.304231
0.0440839
0.
-0.0258367
0.321214
-0.0626458
0.
-0.00385222
0.
0.
0.
-0.130906
0.
0.
0.
-0.0385751
0.
0.
0.
0.0352568
0.
0.
0.
0.0745977
0.
0.
0.
-0.0914343
0.
0.
0.
-0.140589
0.
0.
0.
-0.143425
0.
0.
0.
0.104941
0.
0.
0.
0.0603053
0.
0.
0.
0.0239933
0.
0.
0.
-0.136493
0.
0.
0.
0.0352496
0.
0.
0.
-0.0312802
0.
0.
0.
-0.0112445
0.
0.
0.
0.237612
0.
0.
0.
0.126875
0.
0.
0.
0.0495682
0.
0.
0.
0.000100378
1.
0.
0.
0.0497578
0.401233
-0.00850906
-0.000934871
-0.00285071
0.376378
0.
-0.00243647
-0.00260097
0.275029
0.
-0.000908152
-0.0216609
0.327503
0.
0.0146089
0.0634091
0.3793
0.
0.00324781
-0.0104636
0.277625
0.
0.0106976
-0.0252106
0.334166
0.
-0.00736951
0.0826511
0.334485
0.0144881
0.
0.0868006
0.379039
0.0200658
0.
-0.000336667
0.262356
0.0239619
0.
-0.0265682
0.310709
-0.00178569
0.
0.0786746
0.383335
0.0123323
0.
-0.00277223
0.269516
0.0136953
0.
-0.0302036
0.244749
0.0157812
-0.0503219
-0.0206753
0.248308
-0.0222106
0.022173
-0.0407097
0.353267
-0.0293713
-0.0466706
0.0208478
0.424713
-0.109628
-0.129058
0.158835
0.359534
0.104178
-0.130618
0.114766
0.324625
0.00635376
0.0274859
0.0505829
0.353277
0.100172
0.0784429
0.133988
0.258937
-0.0118194
-0.0276627
-0.00991293
0.381983
0.00119525
-0.0337923
0.0229576
0.258113
0.0172452
0.0287584
-0.0193388
0.343776
-0.00610999
0.0300052
0.0273429
0.310077
-0.0913384
0.12121
0.122013
0.373739
-0.00434324
-0.0111474
0.0428126
0.297581
-0.0345705
0.0501848
-0.0427494
0.336341
0.0259616
0.124989
0.123319
