Vec Object: 1 MPI process
  type: seq
0.
0.
0.
-0.0901719
0.
0.
0.
0.020677
0.167014
-0.167383
0.
-0.058738
0.17429
-0.178992
0.
-0.0590516
0.189328
0.206056
0.
-0.0496403
0.18076
0.164353
0.
-0.0519921
0.388919
0.00866178
0.
0.000760332
0.375825
0.00833321
0.
0.0084097
0.391167
-0.0212532
0.
0.00902004
0.398024
-0.0169097
0.
0.00555283
0.
0.
0.
-0.0223542
0.
0.
0.
-0.0624036
0.319408
-0.057315
0.
-0.0137514
0.318095
0.0893477
0.
0.00342626
0.32434
-0.0509913
0.
-0.0134894
0.321912
0.111795
0.
0.0176623
0.351041
0.0742156
0.
-0.00336949
0.322132
-0.102893
0.
0.0138975
0.31927
0.0378652
0.
-0.0134984
0.320103
-0.0624932
0.
-0.00238747
0.
0.
0.
-0.119843
0.
0.
0.
0.0142493
0.
0.
0.
-0.0123802
0.
0.
0.
0.141611
0.
0.
0.
-0.0462051
0.
0.
0.
-0.147948
0.
0.
0.
-0.226334
0.
0.
0.
0.00281068
0.
0.
0.
-0.0501911
0.
0.
0.
-0.035308
0.
0.
0.
-0.159147
0.
0.
0.
0.0327969
0.
0.
0.
-0.0942039
0.
0.
0.
0.00650518
0.
0.
0.
0.0949902
0.
0.
0.
-0.0114963
0.
0.
0.
-0.0116269
0.
0.
0.
0.0107292
1.
0.
0.
0.0382756
0.394058
-0.00814006
-0.000131655
-0.00219374
0.38094
0.
-0.00423038
-0.00491523
0.267459
0.
-0.003572
-0.0097055
0.287033
0.
0.022029
0.0404881
0.377424
0.
0.00533927
-0.0100218
0.268809
0.
0.0155527
-0.00658211
0.300809
0.
-0.00503259
0.044982
0.28534
0.0223525
0.
0.0429505
0.38257
0.0178111
0.
-0.0025757
0.254094
0.0190034
0.
-0.0136041
0.266058
0.00499319
0.
0.0408719
0.382881
0.0159662
0.
-0.00338209
0.262518
0.0180336
0.
-0.0110971
0.250309
0.0246648
-0.0550838
-0.00275089
0.248876
-0.0252057
0.0230345
-0.0105407
0.370727
-0.0222733
-0.0835373
0.0011484
0.430061
-0.159102
-0.163537
0.102062
0.358173
0.150462
-0.169654
0.0648362
0.339563
-0.0436803
0.025187
0.0204603
0.365287
0.130176
0.111309
0.0754967
0.288492
-0.0160626
-0.0304756
-0.00708048
0.410122
0.0020605
-0.0547688
0.00373693
0.255907
0.0210423
0.0329198
0.0087793
0.390653
0.0153579
0.0569075
0.00381554
0.323091
-0.129768
0.148262
0.0782989
0.416503
-0.01051
-0.00299163
0.0126331
0.317534
0.0338366
0.0820435
-0.0811862
0.351579
0.0447602
0.150969
0.0663252
