Vec Object: 1 MPI process
  type: seq
0.
0.
0.
-0.119826
0.
0.
0.
0.0570809
0.159104
-0.167442
0.
-0.08971
0.170519
-0.177645
0.
-0.0792094
0.190795
0.202346
0.
-0.0639687
0.173482
0.167685
0.
-0.0898146
0.386434
0.0108679
0.
0.00735114
0.374898
0.0099989
0.
0.00517615
0.389318
-0.0194476
0.
0.00599291
0.394339
-0.0202319
0.
0.014703
0.
0.
0.
-0.0416019
0.
0.
0.
-0.101793
0.304849
-0.0552745
0.
-0.0179996
0.321424
0.0871111
0.
0.00269141
0.310073
-0.0506693
0.
-0.0049699
0.324238
0.116357
0.
0.0209523
0.335677
0.0681505
0.
0.00655231
0.323812
-0.104714
0.
0.0155946
0.306119
0.0434301
0.
-0.0246082
0.320996
-0.0628071
0.
-0.00298537
0.
0.
0.
-0.133664
0.
0.
0.
-0.0322511
0.
0.
0.
0.0253869
0.
0.
0.
0.0826819
0.
0.
0.
-0.0854805
0.
0.
0.
-0.145892
0.
0.
0.
-0.158815
0.
0.
0.
0.0884316
0.
0.
0.
0.0424098
0.
0.
0.
0.0125674
0.
0.
0.
-0.145959
0.
0.
0.
0.032621
0.
0.
0.
-0.0438969
0.
0.
0.
-0.0100436
0.
0.
0.
0.217665
0.
0.
0.
0.105971
0.
0.
0.
0.0369508
0.
0.
0.
0.00158833
1.
0.
0.
0.0488347
0.400634
-0.00848206
-0.000847133
-0.00336456
0.376772
0.
-0.00265891
-0.00270181
0.274134
0.
-0.00120157
-0.019799
0.322737
0.
0.0154422
0.0602735
0.3791
0.
0.00353846
-0.010303
0.276706
0.
0.0112573
-0.0226236
0.330423
0.
-0.0071531
0.0777931
0.328897
0.0154287
0.
0.0809201
0.379295
0.0198234
0.
-0.000427902
0.261333
0.0235489
0.
-0.0245658
0.305712
-0.00122465
0.
0.0732483
0.383267
0.0128307
0.
-0.00268665
0.268664
0.0143265
0.
-0.0274006
0.245322
0.0170123
-0.0514761
-0.0179941
0.248378
-0.0229704
0.0226673
-0.0365248
0.356236
-0.0284423
-0.0506252
0.0179942
0.424409
-0.115855
-0.133254
0.151365
0.35822
0.109984
-0.135295
0.107931
0.328883
0.00109962
0.0277519
0.0462033
0.354313
0.104556
0.0820979
0.125729
0.262304
-0.012741
-0.0280796
-0.00946338
0.386859
0.00134853
-0.0364988
0.0200807
0.258152
0.0184935
0.0295097
-0.0157122
0.349367
-0.00388346
0.0326145
0.0236002
0.310646
-0.0961992
0.124766
0.115762
0.379398
-0.00522931
-0.0104344
0.0382041
0.303041
-0.028423
0.0540709
-0.0513465
0.337487
0.0284086
0.128799
0.114918
