Vec Object: 1 MPI process
  type: seq
0.
0.
0.
-0.0809471
0.
0.
0.
0.0190711
0.169052
-0.167784
0.
-0.051195
0.175414
-0.179702
0.
-0.0536717
0.189612
0.207122
0.
-0.0449821
0.18242
0.163795
0.
-0.0425293
0.389567
0.00843228
0.
-0.000364675
0.376423
0.0075907
0.
0.00943661
0.392184
-0.0217806
0.
0.00933373
0.398992
-0.0163056
0.
0.00373157
0.
0.
0.
-0.0188863
0.
0.
0.
-0.0565508
0.32375
-0.0578207
0.
-0.0121342
0.316862
0.089882
0.
0.00305728
0.328842
-0.0504896
0.
-0.0148355
0.32131
0.109965
0.
0.0159884
0.355777
0.0754239
0.
-0.00476298
0.32175
-0.101925
0.
0.0125853
0.322849
0.0363018
0.
-0.0106399
0.320326
-0.0620568
0.
-0.0030589
0.
0.
0.
-0.108818
0.
0.
0.
0.0236646
0.
0.
0.
-0.0131467
0.
0.
0.
0.151644
0.
0.
0.
-0.0404056
0.
0.
0.
-0.139932
0.
0.
0.
-0.231989
0.
0.
0.
-0.0100968
0.
0.
0.
-0.0637684
0.
0.
0.
-0.0381458
0.
0.
0.
-0.147342
0.
0.
0.
0.036781
0.
0.
0.
-0.0955835
0.
0.
0.
0.012018
0.
0.
0.
0.0686807
0.
0.
0.
-0.0324705
0.
0.
0.
-0.0125916
0.
0.
0.
0.0111273
1.
0.
0.
0.0341305
0.391312
-0.00791756
0.000144381
-0.00126498
0.382394
0.
-0.00461681
-0.00554855
0.2657
0.
-0.00432026
-0.00749769
0.27613
0.
0.0240324
0.0356581
0.376472
0.
0.00567665
-0.00979517
0.266174
0.
0.0168421
-0.00272424
0.291419
0.
-0.00411985
0.036772
0.271659
0.0241714
0.
0.0343331
0.383808
0.0172844
0.
-0.0031864
0.252471
0.0170588
0.
-0.0113295
0.253077
0.00756956
0.
0.0340226
0.382406
0.0165903
0.
-0.00362061
0.26091
0.0185051
0.
-0.00755198
0.251993
0.0264084
-0.0541663
-0.000548097
0.248919
-0.0241166
0.0218451
-0.00513274
0.372003
-0.0210566
-0.0935407
-0.00264302
0.434378
-0.16982
-0.172208
0.0901741
0.362402
0.160682
-0.179197
0.0553837
0.334311
-0.0559437
0.0231501
0.0149239
0.369508
0.134962
0.119729
0.0647292
0.296439
-0.0160054
-0.0310412
-0.00742513
0.412121
0.00213998
-0.0582651
0.000104939
0.254175
0.0189657
0.0332898
0.0140821
0.402823
0.0215496
0.0654722
6.59547e-05
0.329984
-0.138289
0.15408
0.0702328
0.42481
-0.0112138
-0.000641628
0.00787296
0.312607
0.053864
0.0879243
-0.0807169
0.358121
0.048368
0.154828
0.0566885
