Vec Object: 1 MPI process
  type: seq
0.
0.
0.
-0.0799139
0.
0.
0.
0.0190903
0.169309
-0.167854
0.
-0.0502825
0.175571
-0.179805
0.
-0.0529775
0.189678
0.20726
0.
-0.0443772
0.182613
0.163746
0.
-0.041401
0.389649
0.00841943
0.
-0.000490359
0.376523
0.0074763
0.
0.00953987
0.392338
-0.0218487
0.
0.00933703
0.399115
-0.0162421
0.
0.00351896
0.
0.
0.
-0.0185642
0.
0.
0.
-0.0560405
0.324315
-0.0578915
0.
-0.0119429
0.316692
0.0899547
0.
0.00301048
0.329436
-0.0504034
0.
-0.0149615
0.321239
0.109719
0.
0.0157728
0.356396
0.0755583
0.
-0.00488654
0.321706
-0.101792
0.
0.0124102
0.323302
0.0361106
0.
-0.0103144
0.32038
-0.0619916
0.
-0.00315018
0.
0.
0.
-0.107351
0.
0.
0.
0.0246225
0.
0.
0.
-0.0129907
0.
0.
0.
0.152467
0.
0.
0.
-0.0399592
0.
0.
0.
-0.138781
0.
0.
0.
-0.232327
0.
0.
0.
-0.0113822
0.
0.
0.
-0.0650877
0.
0.
0.
-0.0382133
0.
0.
0.
-0.145493
0.
0.
0.
0.0373134
0.
0.
0.
-0.0954011
0.
0.
0.
0.012692
0.
0.
0.
0.0656557
0.
0.
0.
-0.0347091
0.
0.
0.
-0.0123937
0.
0.
0.
0.0110684
1.
0.
0.
0.033574
0.390927
-0.00788173
0.000184182
-0.00114829
0.382584
0.
-0.00466261
-0.0056164
0.265488
0.
-0.00441899
-0.00723508
0.274704
0.
0.0242887
0.0350638
0.376322
0.
0.00571153
-0.00974765
0.265825
0.
0.0170095
-0.00226594
0.290186
0.
-0.00398559
0.0357838
0.269866
0.024389
0.
0.0333282
0.383972
0.0172219
0.
-0.00325134
0.252294
0.0167801
0.
-0.0110704
0.251343
0.00792937
0.
0.0332298
0.382321
0.0166576
0.
-0.0036394
0.260713
0.0185357
0.
-0.00713996
0.252207
0.0266231
-0.0539811
-0.000347516
0.248908
-0.0238982
0.0216474
-0.00453164
0.372056
-0.0209272
-0.0948024
-0.00309195
0.435015
-0.171092
-0.173317
0.088749
0.363117
0.161909
-0.180386
0.0542924
0.333345
-0.0573661
0.0228659
0.014286
0.370078
0.135481
0.120762
0.0634863
0.297456
-0.0159809
-0.0311152
-0.00750573
0.412219
0.00214663
-0.0586125
-0.000329191
0.253903
0.0185909
0.0333268
0.0146698
0.404394
0.0223438
0.0666072
-0.000358266
0.330992
-0.13932
0.154787
0.0692885
0.425759
-0.0112623
-0.000357362
0.00734464
0.311708
0.0563026
0.0885255
-0.0804519
0.359064
0.0487652
0.155218
0.0555989
