Vec Object: 1 MPI process
  type: seq
0.
0.
0.
-0.118869
0.
0.
0.
0.0536748
0.159586
-0.167395
0.
-0.0878241
0.170764
-0.177676
0.
-0.0779615
0.190636
0.202558
0.
-0.0632857
0.17393
0.167469
0.
-0.0876154
0.386598
0.0106908
0.
0.00681629
0.374949
0.00990066
0.
0.00520535
0.389389
-0.0195365
0.
0.00612238
0.394571
-0.0200007
0.
0.0140348
0.
0.
0.
-0.0404928
0.
0.
0.
-0.0991799
0.305643
-0.055435
0.
-0.017929
0.321267
0.087283
0.
0.00291512
0.310824
-0.0507654
0.
-0.00557561
0.324109
0.11621
0.
0.0209988
0.336491
0.0685499
0.
0.005833
0.323712
-0.104707
0.
0.0157323
0.306877
0.0431525
0.
-0.0240731
0.32091
-0.0628546
0.
-0.00271237
0.
0.
0.
-0.134415
0.
0.
0.
-0.0296198
0.
0.
0.
0.021716
0.
0.
0.
0.0860575
0.
0.
0.
-0.08304
0.
0.
0.
-0.147659
0.
0.
0.
-0.164627
0.
0.
0.
0.0820591
0.
0.
0.
0.0354997
0.
0.
0.
0.00827105
0.
0.
0.
-0.149254
0.
0.
0.
0.0317658
0.
0.
0.
-0.0486219
0.
0.
0.
-0.0094564
0.
0.
0.
0.209779
0.
0.
0.
0.0978086
0.
0.
0.
0.0322475
0.
0.
0.
0.00220469
1.
0.
0.
0.0484268
0.400372
-0.00847057
-0.000811292
-0.00350049
0.376947
0.
-0.00274923
-0.00276621
0.273767
0.
-0.00132288
-0.0190933
0.320803
0.
0.0157848
0.0590362
0.379024
0.
0.00365447
-0.0102534
0.276322
0.
0.0114865
-0.0216149
0.328888
0.
-0.0070612
0.0758496
0.326613
0.015812
0.
0.0785743
0.379416
0.0197203
0.
-0.00048877
0.260916
0.0233679
0.
-0.0238035
0.303667
-0.000978657
0.
0.0711191
0.383249
0.0130298
0.
-0.00267031
0.268317
0.0145783
0.
-0.0263153
0.245558
0.0175005
-0.0519068
-0.0169338
0.248405
-0.023257
0.0228423
-0.0348692
0.357381
-0.028065
-0.0522737
0.0168821
0.424356
-0.118369
-0.134948
0.148381
0.357759
0.112327
-0.137195
0.105215
0.33045
-0.00111902
0.027819
0.0444947
0.354764
0.106282
0.0836093
0.122474
0.263681
-0.0130843
-0.0282416
-0.00927258
0.388733
0.00140698
-0.0376002
0.0189695
0.258146
0.0189492
0.0297958
-0.0142471
0.351633
-0.0029511
0.0337203
0.0221649
0.310944
-0.0981563
0.126185
0.113306
0.381664
-0.0055836
-0.0101182
0.0364118
0.305044
-0.0257381
0.0556673
-0.0545049
0.337995
0.0293931
0.1303
0.111633
