Vec Object: 1 MPI process
  type: seq
0.
0.
0.
-0.0737041
0.
0.
0.
0.0205347
0.171249
-0.168541
0.
-0.0438079
0.176903
-0.180702
0.
-0.047634
0.190427
0.208316
0.
-0.0397641
0.183934
0.163584
0.
-0.0336165
0.390269
0.00846549
0.
-0.00130567
0.377484
0.00643273
0.
0.0100325
0.393683
-0.0223831
0.
0.00906125
0.400038
-0.0158726
0.
0.00205251
0.
0.
0.
-0.017099
0.
0.
0.
-0.0538956
0.328693
-0.0584934
0.
-0.0106821
0.315284
0.0905671
0.
0.00270858
0.334087
-0.0495804
0.
-0.0155395
0.32077
0.107745
0.
0.0141622
0.361199
0.076428
0.
-0.00541494
0.321427
-0.100717
0.
0.0110659
0.326738
0.0347405
0.
-0.00821969
0.321013
-0.0614276
0.
-0.00383834
0.
0.
0.
-0.0964986
0.
0.
0.
0.0298356
0.
0.
0.
-0.0103731
0.
0.
0.
0.154649
0.
0.
0.
-0.0389373
0.
0.
0.
-0.129766
0.
0.
0.
-0.232314
0.
0.
0.
-0.018593
0.
0.
0.
-0.0721571
0.
0.
0.
-0.0369271
0.
0.
0.
-0.129885
0.
0.
0.
0.0410703
0.
0.
0.
-0.0918347
0.
0.
0.
0.0174178
0.
0.
0.
0.0454338
0.
0.
0.
-0.0483669
0.
0.
0.
-0.0091408
0.
0.
0.
0.00982375
1.
0.
0.
0.0292322
0.387739
-0.00754338
0.000527767
-0.000326247
0.384027
0.
-0.00497953
-0.00599731
0.263992
0.
-0.00520044
-0.00541394
0.263637
0.
0.0262088
0.0307276
0.374919
0.
0.00590753
-0.00920861
0.263111
0.
0.0183065
0.000853661
0.280587
0.
-0.00279586
0.0288661
0.255959
0.025884
0.
0.0265053
0.385254
0.0167899
0.
-0.00360899
0.25125
0.0143906
0.
-0.00938387
0.237584
0.0109011
0.
0.0278402
0.381468
0.017064
0.
-0.00365505
0.259288
0.0185177
0.
-0.00437449
0.253713
0.028261
-0.0521242
0.000628852
0.248608
-0.0215925
0.0198258
-0.000717381
0.37159
-0.0201458
-0.104059
-0.00616459
0.440427
-0.179804
-0.181674
0.0787384
0.369909
0.170455
-0.189046
0.0469544
0.324003
-0.0664925
0.0206605
0.0100923
0.374584
0.138714
0.128015
0.0551043
0.305062
-0.0157984
-0.0317208
-0.0082754
0.411849
0.00217004
-0.0603879
-0.00334254
0.251404
0.0149287
0.0336027
0.0183706
0.416378
0.0282488
0.0753984
-0.00312754
0.339617
-0.146577
0.159807
0.0627745
0.431984
-0.0112687
0.00156662
0.00391522
0.303298
0.0728546
0.0916924
-0.0773586
0.367074
0.0511381
0.157358
0.048376
