Vec Object: 1 MPI process
  type: seq
0.
0.
0.
-0.077148
0.
0.
0.
0.0193974
0.170059
-0.168086
0.
-0.0476821
0.176056
-0.180127
0.
-0.0509282
0.189914
0.207665
0.
-0.0425961
0.183154
0.163637
0.
-0.0382207
0.389891
0.00840603
0.
-0.000834874
0.37685
0.00711106
0.
0.00979478
0.392819
-0.0220509
0.
0.00929436
0.399474
-0.016075
0.
0.00292146
0.
0.
0.
-0.0177914
0.
0.
0.
-0.0548568
0.325986
-0.05811
0.
-0.0114123
0.316172
0.090177
0.
0.00288019
0.331203
-0.050121
0.
-0.0152653
0.321042
0.108977
0.
0.0151435
0.358229
0.0759256
0.
-0.00517595
0.321588
-0.101389
0.
0.0118923
0.32463
0.0355637
0.
-0.00942279
0.320577
-0.0617884
0.
-0.00341909
0.
0.
0.
-0.103064
0.
0.
0.
0.027075
0.
0.
0.
-0.0122536
0.
0.
0.
0.154187
0.
0.
0.
-0.0390658
0.
0.
0.
-0.135321
0.
0.
0.
-0.232845
0.
0.
0.
-0.0146915
0.
0.
0.
-0.0684262
0.
0.
0.
-0.0380702
0.
0.
0.
-0.139737
0.
0.
0.
0.0388477
0.
0.
0.
-0.0944515
0.
0.
0.
0.0146072
0.
0.
0.
0.0572554
0.
0.
0.
-0.0406858
0.
0.
0.
-0.0114678
0.
0.
0.
0.0107503
1.
0.
0.
0.0319158
0.389751
-0.00776541
0.000307915
-0.000815118
0.383142
0.
-0.00479168
-0.00579338
0.264883
0.
-0.00471372
-0.00649363
0.270476
0.
0.0250377
0.033351
0.375837
0.
0.005802
-0.00957852
0.264789
0.
0.0175047
-0.000979543
0.286525
0.
-0.00356375
0.0329818
0.26455
0.025002
0.
0.0305189
0.38446
0.017046
0.
-0.00341968
0.251824
0.0159167
0.
-0.0103576
0.246154
0.00902678
0.
0.0310151
0.382038
0.0168369
0.
-0.00367387
0.260146
0.0185824
0.
-0.0059923
0.252818
0.0272499
-0.0533541
0.000139777
0.248844
-0.0231453
0.0210092
-0.00289757
0.37206
-0.0205833
-0.0984573
-0.00435383
0.436991
-0.174668
-0.176562
0.084706
0.365455
0.165382
-0.183816
0.0512554
0.33014
-0.0612731
0.0220163
0.0125221
0.371784
0.136877
0.123704
0.0600242
0.300427
-0.015902
-0.0313384
-0.00777773
0.412302
0.0021615
-0.0594839
-0.0015568
0.253032
0.0173453
0.0334304
0.0162626
0.409016
0.0246601
0.0699753
-0.00152582
0.334122
-0.142251
0.156804
0.0666339
0.428378
-0.011343
0.000441259
0.00589877
0.308762
0.0631667
0.0900539
-0.0794594
0.361977
0.0498262
0.156221
0.0525893
