Vec Object: 1 MPI process
  type: seq
0.
0.
0.
-0.0740853
0.
0.
0.
0.0203464
0.171092
-0.168475
0.
-0.0442998
0.176785
-0.180621
0.
-0.048071
0.19035
0.20823
0.
-0.0401369
0.183837
0.163582
0.
-0.0341899
0.39022
0.00845164
0.
-0.00124906
0.377392
0.00652946
0.
0.0100138
0.393562
-0.0223383
0.
0.00910376
0.399964
-0.0158948
0.
0.00216156
0.
0.
0.
-0.0171531
0.
0.
0.
-0.0539616
0.328332
-0.0584402
0.
-0.0107697
0.315406
0.0905125
0.
0.00272797
0.333701
-0.0496581
0.
-0.0155181
0.320802
0.107911
0.
0.01429
0.360803
0.0763672
0.
-0.00539847
0.321446
-0.100808
0.
0.0111746
0.326459
0.0348458
0.
-0.00836254
0.320946
-0.0614779
0.
-0.00378418
0.
0.
0.
-0.0973371
0.
0.
0.
0.0295519
0.
0.
0.
-0.0106619
0.
0.
0.
0.154752
0.
0.
0.
-0.0388647
0.
0.
0.
-0.130493
0.
0.
0.
-0.232474
0.
0.
0.
-0.0181692
0.
0.
0.
-0.0717711
0.
0.
0.
-0.037134
0.
0.
0.
-0.131217
0.
0.
0.
0.0407994
0.
0.
0.
-0.0922476
0.
0.
0.
0.0170654
0.
0.
0.
0.0468831
0.
0.
0.
-0.0474801
0.
0.
0.
-0.00949572
0.
0.
0.
0.00997341
1.
0.
0.
0.0295879
0.388015
-0.00757543
0.000497032
-0.000387277
0.383911
0.
-0.00495599
-0.00597629
0.264104
0.
-0.00513473
-0.00554897
0.264547
0.
0.0260562
0.0310666
0.375051
0.
0.00589636
-0.00926502
0.263334
0.
0.0181994
0.000628388
0.281379
0.
-0.00290473
0.0293835
0.257101
0.0257748
0.
0.0270022
0.385148
0.016822
0.
-0.00359
0.251313
0.0146037
0.
-0.00950054
0.238738
0.0106445
0.
0.028235
0.381552
0.0170382
0.
-0.00366321
0.259398
0.0185362
0.
-0.00457253
0.253602
0.0281249
-0.0523012
0.000582507
0.248651
-0.0218228
0.0199932
-0.000975068
0.371686
-0.020196
-0.103338
-0.00594079
0.439954
-0.179169
-0.181004
0.0794921
0.36927
0.16982
-0.188374
0.0474844
0.32488
-0.0658824
0.0208373
0.0103842
0.37421
0.138498
0.127477
0.0557122
0.304459
-0.0158078
-0.0316678
-0.008208
0.411948
0.00217005
-0.0603035
-0.00312
0.251637
0.0152773
0.033578
0.018123
0.415407
0.0277848
0.0746807
-0.00293501
0.338856
-0.146032
0.159426
0.0632584
0.431549
-0.0112934
0.00143024
0.00415544
0.304064
0.0716805
0.0915346
-0.0776647
0.366368
0.0509944
0.15724
0.0488927
