Vec Object: 1 MPI process
  type: seq
0.
0.
0.
-0.107649
0.
0.
0.
0.0326454
0.163196
-0.167183
0.
-0.0736043
0.17249
-0.1781
0.
-0.0687574
0.189671
0.204192
0.
-0.0573703
0.177301
0.165865
0.
-0.070579
0.387745
0.00952786
0.
0.00343871
0.375278
0.0092207
0.
0.00629106
0.390007
-0.0203133
0.
0.00754862
0.396255
-0.0183747
0.
0.00953634
0.
0.
0.
-0.0315037
0.
0.
0.
-0.0797249
0.311948
-0.056449
0.
-0.0165329
0.31993
0.0883836
0.
0.00372754
0.316884
-0.0512045
0.
-0.00982094
0.323081
0.114546
0.
0.0201739
0.343056
0.0714605
0.
0.000784882
0.322944
-0.104201
0.
0.0156302
0.312741
0.0407729
0.
-0.0193044
0.320341
-0.0629271
0.
-0.0017832
0.
0.
0.
-0.13342
0.
0.
0.
-0.00827112
0.
0.
0.
-0.000618887
0.
0.
0.
0.113525
0.
0.
0.
-0.0640425
0.
0.
0.
-0.154257
0.
0.
0.
-0.201863
0.
0.
0.
0.0383745
0.
0.
0.
-0.0118701
0.
0.
0.
-0.0188117
0.
0.
0.
-0.164374
0.
0.
0.
0.028977
0.
0.
0.
-0.0779225
0.
0.
0.
-0.00311391
0.
0.
0.
0.15177
0.
0.
0.
0.0399354
0.
0.
0.
0.00351248
0.
0.
0.
0.00697666
1.
0.
0.
0.0444636
0.397905
-0.00836181
-0.00051982
-0.00351031
0.378592
0.
-0.00345767
-0.00361851
0.270819
0.
-0.00232478
-0.0142528
0.305434
0.
0.0185861
0.0498898
0.378435
0.
0.00451771
-0.0100896
0.273065
0.
0.0133359
-0.0142312
0.316373
0.
-0.00624701
0.0609958
0.308121
0.0188652
0.
0.0609357
0.380654
0.0188445
0.
-0.0013151
0.257624
0.0216641
0.
-0.0185321
0.287004
0.00135211
0.
0.0556898
0.383174
0.0145181
0.
-0.00284384
0.265575
0.0164301
0.
-0.0185784
0.247567
0.0211065
-0.0544459
-0.00927292
0.248614
-0.0249694
0.0236427
-0.0226044
0.365115
-0.0251583
-0.0661256
0.00892015
0.425405
-0.137884
-0.148227
0.125774
0.355795
0.130535
-0.152258
0.0850015
0.339188
-0.0201321
0.0274853
0.0322492
0.358972
0.118747
0.0960867
0.0986766
0.274847
-0.0151453
-0.0293886
-0.00781364
0.401276
0.00178983
-0.0461623
0.0111663
0.257646
0.0213858
0.0316571
-0.00292135
0.36957
0.0049961
0.0434412
0.0123643
0.314786
-0.11328
0.136918
0.0954926
0.398859
-0.00820471
-0.00714122
0.0238236
0.316187
-0.000904781
0.0684214
-0.0729765
0.343017
0.0369338
0.14115
0.0881199
