Vec Object: 1 MPI process
  type: seq
0.
0.
0.
-0.0930887
0.
0.
0.
0.0217941
0.166408
-0.16731
0.
-0.0610547
0.173988
-0.178815
0.
-0.060613
0.189316
0.205749
0.
-0.0509617
0.180233
0.164564
0.
-0.0549164
0.38873
0.0087669
0.
0.0011355
0.3757
0.00850711
0.
0.00806171
0.390926
-0.0210999
0.
0.00884355
0.39774
-0.017118
0.
0.00613665
0.
0.
0.
-0.0236419
0.
0.
0.
-0.0646955
0.318166
-0.0571777
0.
-0.0142399
0.318423
0.0891972
0.
0.00352177
0.323074
-0.0510827
0.
-0.0129895
0.322098
0.112293
0.
0.0181322
0.349697
0.0738143
0.
-0.00282791
0.322255
-0.103147
0.
0.0142492
0.318216
0.0383371
0.
-0.0144117
0.320096
-0.0625956
0.
-0.00221945
0.
0.
0.
-0.12274
0.
0.
0.
0.010958
0.
0.
0.
-0.0114174
0.
0.
0.
0.137694
0.
0.
0.
-0.048577
0.
0.
0.
-0.149803
0.
0.
0.
-0.223628
0.
0.
0.
0.00753174
0.
0.
0.
-0.045147
0.
0.
0.
-0.0336486
0.
0.
0.
-0.161514
0.
0.
0.
0.031798
0.
0.
0.
-0.0927915
0.
0.
0.
0.00486514
0.
0.
0.
0.103469
0.
0.
0.
-0.00427066
0.
0.
0.
-0.0103966
0.
0.
0.
0.0103456
1.
0.
0.
0.0394003
0.394773
-0.00818863
-0.000202279
-0.00245567
0.38053
0.
-0.00410986
-0.00470678
0.267996
0.
-0.00336099
-0.0103952
0.290125
0.
0.0214516
0.0419545
0.377638
0.
0.00522184
-0.0100504
0.269544
0.
0.0151833
-0.00777666
0.303455
0.
-0.00526069
0.0475027
0.289203
0.0217948
0.
0.0456862
0.382228
0.0179749
0.
-0.0023737
0.25463
0.0195009
0.
-0.0143388
0.269658
0.00431871
0.
0.0430745
0.382967
0.0157552
0.
-0.0032928
0.263004
0.0178284
0.
-0.0122251
0.249829
0.0241264
-0.0551721
-0.00360279
0.248838
-0.0253361
0.0232619
-0.012326
0.370084
-0.0226906
-0.0806214
0.00233407
0.429034
-0.155777
-0.161019
0.105742
0.357368
0.14732
-0.166822
0.0678687
0.340322
-0.0398652
0.0256941
0.0222313
0.364145
0.128548
0.108799
0.0789585
0.286203
-0.0160135
-0.0303092
-0.00708684
0.409126
0.00202795
-0.053529
0.00486631
0.256296
0.0213736
0.0327732
0.00702954
0.387154
0.0135878
0.0545379
0.00504637
0.321403
-0.127163
0.146484
0.080869
0.41383
-0.010211
-0.00369366
0.0142273
0.318211
0.0279062
0.0800162
-0.0807017
0.349929
0.0435765
0.149598
0.0694949
