Vec Object: 1 MPI process
  type: seq
0.
0.
0.
-0.118445
0.
0.
0.
0.0523364
0.15978
-0.167377
0.
-0.0870614
0.170862
-0.17769
0.
-0.0774592
0.190573
0.202644
0.
-0.0630026
0.174111
0.167382
0.
-0.0867224
0.386663
0.0106208
0.
0.00660686
0.374968
0.00986191
0.
0.00522593
0.389417
-0.0195736
0.
0.00618055
0.394664
-0.0199083
0.
0.0137702
0.
0.
0.
-0.040037
0.
0.
0.
-0.0981223
0.305966
-0.0554979
0.
-0.0178928
0.321202
0.0873505
0.
0.0029968
0.31113
-0.0508019
0.
-0.0058179
0.324056
0.116146
0.
0.021006
0.336824
0.0687106
0.
0.00554466
0.323672
-0.104701
0.
0.0157768
0.307185
0.0430375
0.
-0.0238496
0.320876
-0.0628712
0.
-0.0026131
0.
0.
0.
-0.134661
0.
0.
0.
-0.0285394
0.
0.
0.
0.0202762
0.
0.
0.
0.0874452
0.
0.
0.
-0.0820441
0.
0.
0.
-0.148316
0.
0.
0.
-0.166922
0.
0.
0.
0.0795182
0.
0.
0.
0.0327442
0.
0.
0.
0.00657768
0.
0.
0.
-0.150506
0.
0.
0.
0.0314518
0.
0.
0.
-0.0504807
0.
0.
0.
-0.00920152
0.
0.
0.
0.206602
0.
0.
0.
0.0945378
0.
0.
0.
0.0304012
0.
0.
0.
0.00245693
1.
0.
0.
0.0482548
0.400262
-0.0084658
-0.000796653
-0.00354515
0.377021
0.
-0.002786
-0.00279595
0.273617
0.
-0.00137265
-0.0188133
0.320016
0.
0.0159251
0.0585379
0.378994
0.
0.00370135
-0.0102356
0.276164
0.
0.0115801
-0.02121
0.32826
0.
-0.0070231
0.0750626
0.32568
0.0159683
0.
0.0776259
0.379467
0.0196777
0.
-0.000517113
0.260745
0.023292
0.
-0.0235005
0.30283
-0.000875417
0.
0.0702637
0.383242
0.0131103
0.
-0.00266654
0.268176
0.01468
0.
-0.0258812
0.245656
0.0176974
-0.0520756
-0.0165069
0.248415
-0.0233698
0.0229092
-0.0342017
0.357837
-0.0279115
-0.0529522
0.0164366
0.424346
-0.11939
-0.135637
0.147173
0.357584
0.113279
-0.137969
0.104118
0.331061
-0.00203621
0.0278395
0.0438098
0.354953
0.106976
0.0842294
0.121165
0.264244
-0.0132189
-0.0283065
-0.009194
0.389479
0.00143015
-0.0380488
0.0185259
0.25814
0.0191261
0.0299092
-0.0136518
0.352555
-0.00256665
0.0341785
0.0215939
0.311076
-0.0989507
0.126759
0.11232
0.382582
-0.00572682
-0.00998516
0.0356949
0.305824
-0.0246137
0.0563201
-0.055737
0.33821
0.0297924
0.130904
0.110316
