Vec Object: 1 MPI process
  type: seq
0.
0.
0.
-0.10464
0.
0.
0.
0.0295048
0.163919
-0.167179
0.
-0.0707588
0.172821
-0.178231
0.
-0.0669335
0.18954
0.204532
0.
-0.0560208
0.177973
0.165554
0.
-0.0670705
0.387966
0.00933117
0.
0.00287164
0.37535
0.00908035
0.
0.00665146
0.390172
-0.0204852
0.
0.0078697
0.396587
-0.0180735
0.
0.00872664
0.
0.
0.
-0.0296517
0.
0.
0.
-0.0760312
0.313294
-0.0566201
0.
-0.0160836
0.319622
0.0885741
0.
0.00373944
0.318204
-0.0512249
0.
-0.0105951
0.322863
0.114099
0.
0.019799
0.34448
0.0720163
0.
-0.000119544
0.322787
-0.104009
0.
0.0154054
0.313953
0.0402429
0.
-0.0182262
0.320254
-0.0628839
0.
-0.00179834
0.
0.
0.
-0.131787
0.
0.
0.
-0.003824
0.
0.
0.
-0.00385665
0.
0.
0.
0.119216
0.
0.
0.
-0.0602892
0.
0.
0.
-0.154098
0.
0.
0.
-0.20779
0.
0.
0.
0.0306683
0.
0.
0.
-0.0202127
0.
0.
0.
-0.0229907
0.
0.
0.
-0.165151
0.
0.
0.
0.0291991
0.
0.
0.
-0.0822916
0.
0.
0.
-0.00147028
0.
0.
0.
0.140524
0.
0.
0.
0.0292519
0.
0.
0.
-0.000664362
0.
0.
0.
0.00787301
1.
0.
0.
0.0434568
0.397288
-0.00833205
-0.000454847
-0.00333882
0.378991
0.
-0.00360436
-0.00384909
0.270194
0.
-0.00254582
-0.0133552
0.30214
0.
0.0191999
0.0480855
0.378292
0.
0.00468474
-0.0100848
0.272327
0.
0.0137348
-0.0127707
0.313626
0.
-0.0060518
0.0579672
0.304086
0.0195121
0.
0.0574336
0.380971
0.0186524
0.
-0.00153975
0.256943
0.0212387
0.
-0.0175506
0.283337
0.00193709
0.
0.052738
0.383152
0.0148086
0.
-0.00293062
0.265002
0.0167776
0.
-0.0171034
0.248033
0.0218071
-0.0547633
-0.00786121
0.248662
-0.0251779
0.0236647
-0.0202086
0.366428
-0.024579
-0.0692202
0.00739904
0.425972
-0.141901
-0.151021
0.121229
0.355811
0.134291
-0.155449
0.0810358
0.340108
-0.0244042
0.0272146
0.0299176
0.360009
0.121093
0.0988292
0.0940826
0.277281
-0.0154286
-0.0296033
-0.0075698
0.403373
0.00185267
-0.0478868
0.00970255
0.257431
0.0216036
0.0319574
-0.000628781
0.373384
0.00680364
0.0457237
0.010604
0.315967
-0.116388
0.139078
0.0920793
0.402297
-0.00870016
-0.00642135
0.0215139
0.3174
0.0050782
0.0710757
-0.0754679
0.344335
0.0384553
0.143187
0.0837012
