Vec Object: 1 MPI process
  type: seq
0.
0.
0.
-0.111314
0.
0.
0.
0.0374363
0.162229
-0.167211
0.
-0.0774162
0.172043
-0.177951
0.
-0.0712013
0.189884
0.203745
0.
-0.0590894
0.176399
0.166288
0.
-0.0752284
0.387447
0.0098106
0.
0.00424787
0.375191
0.00940096
0.
0.00587073
0.389816
-0.02009
0.
0.00712028
0.39581
-0.0187911
0.
0.0106627
0.
0.
0.
-0.033985
0.
0.
0.
-0.0848282
0.310193
-0.0562066
0.
-0.0170522
0.320319
0.0881163
0.
0.00364256
0.315179
-0.0511396
0.
-0.00874182
0.323366
0.115086
0.
0.0205777
0.341213
0.0707002
0.
0.00205954
0.323153
-0.104412
0.
0.0158348
0.31114
0.0414572
0.
-0.0206953
0.320476
-0.0629554
0.
-0.00185714
0.
0.
0.
-0.134857
0.
0.
0.
-0.0141887
0.
0.
0.
0.00439334
0.
0.
0.
0.105919
0.
0.
0.
-0.0691571
0.
0.
0.
-0.153684
0.
0.
0.
-0.193085
0.
0.
0.
0.0492772
0.
0.
0.
-5.41736e-05
0.
0.
0.
-0.0125282
0.
0.
0.
-0.162103
0.
0.
0.
0.0290854
0.
0.
0.
-0.0712394
0.
0.
0.
-0.00513237
0.
0.
0.
0.167048
0.
0.
0.
0.0547596
0.
0.
0.
0.00997613
0.
0.
0.
0.00571618
1.
0.
0.
0.0456938
0.39866
-0.00839628
-0.000602598
-0.00366072
0.378094
0.
-0.00326334
-0.00333539
0.271639
0.
-0.00204002
-0.0154847
0.309717
0.
0.0177937
0.0523173
0.378607
0.
0.00428982
-0.0101049
0.274006
0.
0.0128175
-0.0161898
0.319914
0.
-0.00648925
0.0650216
0.313332
0.0180173
0.
0.065649
0.380265
0.0190945
0.
-0.00103931
0.258527
0.0221855
0.
-0.0198791
0.29172
0.000636144
0.
0.0597182
0.383193
0.0141234
0.
-0.00275087
0.26633
0.0159479
0.
-0.0205882
0.246981
0.0201553
-0.0539076
-0.011245
0.248553
-0.0246066
0.0235318
-0.0258516
0.363218
-0.0259409
-0.0621535
0.0109904
0.424847
-0.132556
-0.144564
0.131854
0.356017
0.125558
-0.14808
0.0903651
0.337465
-0.0146424
0.0277337
0.0354308
0.357692
0.115516
0.0925442
0.104925
0.2717
-0.0146931
-0.0290937
-0.00818252
0.398226
0.00169803
-0.043842
0.0131711
0.257867
0.0209336
0.0312142
-0.00599231
0.364591
0.00269451
0.040573
0.0148226
0.313443
-0.109159
0.134032
0.100147
0.394242
-0.00751929
-0.00804202
0.0270317
0.313974
-0.00838486
0.0648993
-0.0689876
0.341436
0.0348968
0.138338
0.094198
