Vec Object: 1 MPI process
  type: seq
0.
0.
0.
-0.114861
0.
0.
0.
0.0435456
0.161149
-0.167269
0.
-0.0816778
0.171532
-0.177816
0.
-0.0739479
0.190164
0.203254
0.
-0.0608947
0.175388
0.166769
0.
-0.0803541
0.387108
0.0101518
0.
0.00522926
0.375096
0.0096003
0.
0.00550377
0.389629
-0.0198521
0.
0.00666773
0.395309
-0.0192734
0.
0.0119857
0.
0.
0.
-0.0367156
0.
0.
0.
-0.0906652
0.308291
-0.0559123
0.
-0.0175103
0.320726
0.0877961
0.
0.00344026
0.313347
-0.0510196
0.
-0.0074828
0.323676
0.115609
0.
0.0208797
0.339229
0.0698316
0.
0.00355863
0.323384
-0.104584
0.
0.0159184
0.309377
0.0421837
0.
-0.0221602
0.320644
-0.0629463
0.
-0.00208297
0.
0.
0.
-0.135442
0.
0.
0.
-0.0206695
0.
0.
0.
0.0108658
0.
0.
0.
0.0975716
0.
0.
0.
-0.0748968
0.
0.
0.
-0.151994
0.
0.
0.
-0.182196
0.
0.
0.
0.062193
0.
0.
0.
0.0139527
0.
0.
0.
-0.00462958
0.
0.
0.
-0.157974
0.
0.
0.
0.029762
0.
0.
0.
-0.0627159
0.
0.
0.
-0.00712041
0.
0.
0.
0.184378
0.
0.
0.
0.0719593
0.
0.
0.
0.0183119
0.
0.
0.
0.00427084
1.
0.
0.
0.0469179
0.399419
-0.00842944
-0.000690621
-0.00370556
0.377587
0.
-0.0030497
-0.00306216
0.272531
0.
-0.00173616
-0.0169121
0.314352
0.
0.0169453
0.0550495
0.378782
0.
0.00403122
-0.010143
0.274996
0.
0.0122582
-0.0183907
0.323701
0.
-0.00673777
0.0694812
0.318923
0.0170951
0.
0.0709356
0.37988
0.0193617
0.
-0.000773757
0.259522
0.0227094
0.
-0.0214362
0.29676
-8.11629e-05
0.
0.0643163
0.383211
0.0136774
0.
-0.00268467
0.267158
0.0153935
0.
-0.0228861
0.246371
0.0190773
-0.0531729
-0.0135325
0.248491
-0.0241084
0.0233115
-0.0295202
0.360934
-0.0268166
-0.0579421
0.0133564
0.424475
-0.126681
-0.140566
0.138635
0.356551
0.120078
-0.143536
0.0964146
0.334961
-0.00884195
0.0278676
0.0390715
0.356398
0.1118
0.088759
0.112027
0.268323
-0.0140965
-0.0287533
-0.00862656
0.394528
0.00158565
-0.0412596
0.0154823
0.258034
0.0202404
0.0306683
-0.00940333
0.359183
0.000275087
0.0376041
0.0177139
0.31223
-0.10461
0.130814
0.105456
0.38908
-0.0067338
-0.00896033
0.0307656
0.310787
-0.0160241
0.0610395
-0.063676
0.339886
0.0326301
0.135103
0.101193
