Vec Object: 1 MPI process
  type: seq
0.
0.
0.
-0.0827331
0.
0.
0.
0.0191423
0.168628
-0.167679
0.
-0.0527223
0.175163
-0.179538
0.
-0.0548088
0.189518
0.206897
0.
-0.0459732
0.182092
0.163887
0.
-0.0444291
0.389431
0.00846206
0.
-0.000149038
0.376272
0.00776834
0.
0.00925064
0.391944
-0.0216692
0.
0.00930922
0.398789
-0.0164173
0.
0.00409104
0.
0.
0.
-0.0194789
0.
0.
0.
-0.0575089
0.322827
-0.0577079
0.
-0.0124586
0.317136
0.0897654
0.
0.00313572
0.327875
-0.0506201
0.
-0.0146045
0.32143
0.110365
0.
0.0163433
0.354766
0.0751929
0.
-0.00453243
0.321823
-0.10214
0.
0.0128706
0.322101
0.0366209
0.
-0.011197
0.320251
-0.0621592
0.
-0.00291024
0.
0.
0.
-0.111219
0.
0.
0.
0.0219603
0.
0.
0.
-0.0132875
0.
0.
0.
0.150045
0.
0.
0.
-0.0412924
0.
0.
0.
-0.141779
0.
0.
0.
-0.231251
0.
0.
0.
-0.00780611
0.
0.
0.
-0.0613959
0.
0.
0.
-0.0378973
0.
0.
0.
-0.150237
0.
0.
0.
0.035906
0.
0.
0.
-0.0957163
0.
0.
0.
0.0108903
0.
0.
0.
0.0738276
0.
0.
0.
-0.028569
0.
0.
0.
-0.0127723
0.
0.
0.
0.0111691
1.
0.
0.
0.0350339
0.391928
-0.00797251
8.138e-05
-0.00145919
0.382084
0.
-0.0045396
-0.0054295
0.266057
0.
-0.00415961
-0.00793972
0.27846
0.
0.0236104
0.0366467
0.376704
0.
0.005615
-0.00986304
0.266742
0.
0.0165683
-0.00349729
0.293431
0.
-0.00433099
0.0384302
0.274587
0.0238051
0.
0.0360356
0.38354
0.0173897
0.
-0.00307212
0.252778
0.0175011
0.
-0.0117723
0.255889
0.00699338
0.
0.0353674
0.382532
0.0164732
0.
-0.00358286
0.261239
0.0184392
0.
-0.00825105
0.251639
0.0260527
-0.0544378
-0.000917284
0.248926
-0.0244346
0.0221478
-0.00616793
0.37186
-0.0212826
-0.0914532
-0.00188581
0.433371
-0.167674
-0.170385
0.0925666
0.361314
0.158621
-0.177224
0.0572381
0.335756
-0.0535186
0.0236086
0.0160099
0.368585
0.134063
0.118002
0.0668406
0.294765
-0.0160398
-0.0309211
-0.0073087
0.411884
0.00212733
-0.0576412
0.000834641
0.254595
0.0195273
0.0332253
0.0130687
0.400247
0.0202421
0.0636235
0.000791385
0.328389
-0.136562
0.152898
0.0718285
0.423189
-0.0111123
-0.00111969
0.00878107
0.313961
0.0497696
0.0868537
-0.0810616
0.356626
0.0476795
0.154133
0.0585506
