Vec Object: 1 MPI process
  type: seq
0.
0.
0.
-0.121966
0.
0.
0.
0.101066
0.153943
-0.168078
0.
-0.109463
0.167598
-0.177601
0.
-0.0928995
0.192886
0.200014
0.
-0.0694547
0.168731
0.16998
0.
-0.112313
0.384341
0.0131711
0.
0.0151183
0.374025
0.0113935
0.
0.00728576
0.388388
-0.0188724
0.
0.0067438
0.391576
-0.0230021
0.
0.0235662
0.
0.
0.
-0.0516185
0.
0.
0.
-0.128703
0.296815
-0.053153
0.
-0.0173843
0.322906
0.0847126
0.
-0.00207167
0.302589
-0.0492071
0.
0.00176832
0.325546
0.116713
0.
0.0174246
0.327559
0.063813
0.
0.014277
0.324834
-0.103726
0.
0.011166
0.298199
0.0457974
0.
-0.0287882
0.321937
-0.0616652
0.
-0.00880377
0.
0.
0.
-0.113803
0.
0.
0.
-0.0561601
0.
0.
0.
0.0732958
0.
0.
0.
0.052519
0.
0.
0.
-0.108768
0.
0.
0.
-0.115333
0.
0.
0.
-0.0860555
0.
0.
0.
0.163326
0.
0.
0.
0.123466
0.
0.
0.
0.066921
0.
0.
0.
-0.0949933
0.
0.
0.
0.0482573
0.
0.
0.
0.0164912
0.
0.
0.
-0.0125625
0.
0.
0.
0.304033
0.
0.
0.
0.198662
0.
0.
0.
0.0978914
0.
0.
0.
-0.00405134
1.
0.
0.
0.0521446
0.402644
-0.00857969
-0.00119969
0.00103022
0.375558
0.
-0.00175248
-0.00294764
0.27768
0.
-5.09924e-05
-0.0290252
0.342362
0.
0.0121227
0.0740133
0.380159
0.
0.00231895
-0.0113533
0.280213
0.
0.00901709
-0.0346001
0.345463
0.
-0.00794233
0.0984435
0.351522
0.0116096
0.
0.105866
0.378687
0.0206776
0.
-0.000727404
0.26544
0.0249304
0.
-0.0343791
0.325879
-0.00312181
0.
0.0972654
0.383883
0.0107379
0.
-0.00347223
0.272081
0.0116864
0.
-0.0404676
0.242996
0.0117432
-0.0459918
-0.0296328
0.248003
-0.0194592
0.0201354
-0.0549011
0.342804
-0.0321566
-0.0354362
0.030683
0.427154
-0.0900946
-0.115814
0.183102
0.365056
0.0859442
-0.116144
0.137185
0.308236
0.0205172
0.025802
0.0657186
0.350721
0.0854926
0.0677607
0.161836
0.248677
-0.00833417
-0.0262027
-0.0110587
0.364712
0.000644608
-0.0256408
0.0331982
0.2575
0.0123711
0.026038
-0.0308475
0.326331
-0.0123605
0.0229423
0.0408137
0.309697
-0.0759513
0.109645
0.143286
0.35563
-0.00154184
-0.0127015
0.0587105
0.276288
-0.0492682
0.0387638
-0.0086768
0.333668
0.0182402
0.112259
0.152193
