Vec Object: 1 MPI process
  type: seq
0.
0.
0.
-0.0822258
0.
0.
0.
0.0191093
0.168746
-0.167707
0.
-0.0522939
0.175232
-0.179583
0.
-0.0544928
0.189542
0.206959
0.
-0.0456979
0.182184
0.16386
0.
-0.043895
0.389469
0.00845272
0.
-0.000210174
0.376313
0.00772017
0.
0.00930433
0.39201
-0.0217001
0.
0.00931839
0.398846
-0.0163853
0.
0.00398975
0.
0.
0.
-0.0193062
0.
0.
0.
-0.0572274
0.323083
-0.0577389
0.
-0.0123672
0.31706
0.0897976
0.
0.00311376
0.328143
-0.0505851
0.
-0.0146717
0.321396
0.110254
0.
0.0162445
0.355047
0.0752584
0.
-0.00460001
0.321803
-0.102081
0.
0.0127915
0.32231
0.0365315
0.
-0.0110392
0.32027
-0.0621313
0.
-0.00295138
0.
0.
0.
-0.110553
0.
0.
0.
0.0224505
0.
0.
0.
-0.0132632
0.
0.
0.
0.15052
0.
0.
0.
-0.0410268
0.
0.
0.
-0.141272
0.
0.
0.
-0.23148
0.
0.
0.
-0.00846599
0.
0.
0.
-0.0620818
0.
0.
0.
-0.037984
0.
0.
0.
-0.14945
0.
0.
0.
0.036149
0.
0.
0.
-0.0957007
0.
0.
0.
0.0112064
0.
0.
0.
0.0723738
0.
0.
0.
-0.0296824
0.
0.
0.
-0.0127408
0.
0.
0.
0.0111643
1.
0.
0.
0.034784
0.391759
-0.00795769
9.86199e-05
-0.00140489
0.38217
0.
-0.00456132
-0.00546352
0.265957
0.
-0.00420412
-0.00781544
0.277813
0.
0.0237279
0.0363701
0.376642
0.
0.00563269
-0.00984538
0.266584
0.
0.0166443
-0.0032798
0.292873
0.
-0.00427338
0.0379646
0.273775
0.023908
0.
0.0355556
0.383614
0.0173601
0.
-0.00310482
0.252691
0.0173799
0.
-0.011647
0.255111
0.00715184
0.
0.034988
0.382498
0.0165066
0.
-0.00359418
0.261147
0.0184594
0.
-0.00805384
0.251738
0.0261521
-0.0543664
-0.000809562
0.248925
-0.0243511
0.0220664
-0.00587405
0.371907
-0.021218
-0.0920356
-0.00209887
0.433646
-0.168278
-0.170892
0.0918947
0.361606
0.1592
-0.177775
0.0567145
0.335372
-0.0542037
0.0234823
0.0157031
0.36884
0.134319
0.118486
0.0662445
0.295231
-0.0160311
-0.0309544
-0.00733899
0.41196
0.00213107
-0.0578213
0.000629613
0.254481
0.0193778
0.0332438
0.0133565
0.400963
0.0206061
0.0641357
0.000586031
0.328825
-0.137047
0.15323
0.0713789
0.423648
-0.0111432
-0.000985421
0.00852338
0.3136
0.0509186
0.0871616
-0.0809775
0.357036
0.0478754
0.154333
0.0580235
