Vec Object: 1 MPI process
  type: seq
0.
0.
0.
-0.119977
0.
0.
0.
0.0576763
0.159022
-0.167451
0.
-0.0900321
0.170477
-0.17764
0.
-0.0794234
0.190823
0.202309
0.
-0.064083
0.173405
0.167722
0.
-0.0901889
0.386406
0.0108987
0.
0.00744501
0.374889
0.0100161
0.
0.00517434
0.389306
-0.0194329
0.
0.005973
0.394299
-0.0202718
0.
0.0148192
0.
0.
0.
-0.0417887
0.
0.
0.
-0.102238
0.304714
-0.0552464
0.
-0.0180089
0.321451
0.087081
0.
0.00265001
0.309946
-0.0506521
0.
-0.00486553
0.32426
0.11638
0.
0.0209402
0.335539
0.068082
0.
0.006676
0.323829
-0.104713
0.
0.015567
0.305989
0.0434766
0.
-0.0246971
0.32101
-0.062798
0.
-0.00303602
0.
0.
0.
-0.133516
0.
0.
0.
-0.0326947
0.
0.
0.
0.0260295
0.
0.
0.
0.0821134
0.
0.
0.
-0.085894
0.
0.
0.
-0.14557
0.
0.
0.
-0.157803
0.
0.
0.
0.0895327
0.
0.
0.
0.0436037
0.
0.
0.
0.0133166
0.
0.
0.
-0.145368
0.
0.
0.
0.0327783
0.
0.
0.
-0.0430717
0.
0.
0.
-0.0101378
0.
0.
0.
0.219016
0.
0.
0.
0.107376
0.
0.
0.
0.0377735
0.
0.
0.
0.0014842
1.
0.
0.
0.048902
0.400678
-0.00848398
-0.000853206
-0.00333759
0.376743
0.
-0.00264357
-0.00269214
0.274196
0.
-0.00118109
-0.0199216
0.323065
0.
0.0153843
0.0604857
0.379113
0.
0.00351864
-0.0103123
0.276771
0.
0.0112184
-0.0227972
0.330682
0.
-0.00716848
0.0781247
0.329284
0.0153637
0.
0.0813209
0.379276
0.0198406
0.
-0.000418852
0.261404
0.0235788
0.
-0.0246979
0.306059
-0.00126538
0.
0.073614
0.383271
0.0127967
0.
-0.00269045
0.268723
0.0142835
0.
-0.0275878
0.245282
0.0169287
-0.0514008
-0.0181758
0.248374
-0.0229205
0.022636
-0.0368084
0.356038
-0.0285064
-0.0503477
0.0181857
0.424423
-0.115427
-0.132965
0.151874
0.358302
0.109585
-0.134973
0.108395
0.328607
0.0014716
0.0277382
0.0464974
0.354238
0.10426
0.0818428
0.126287
0.26207
-0.0126809
-0.0280516
-0.00949541
0.386534
0.00133838
-0.0363118
0.0202726
0.258152
0.0184131
0.02946
-0.0159614
0.348982
-0.00404017
0.0324294
0.0238487
0.310599
-0.0958659
0.124524
0.116183
0.379011
-0.0051688
-0.0104866
0.038513
0.302689
-0.0288682
0.0538007
-0.0507912
0.337403
0.0282409
0.128542
0.115483
