Vec Object: 1 MPI process
  type: seq
0.
0.
0.
-0.0992629
0.
0.
0.
0.0251864
0.165114
-0.167211
0.
-0.0660744
0.173372
-0.178484
0.
-0.0639129
0.189384
0.205107
0.
-0.0536703
0.179072
0.165059
0.
-0.0612329
0.388331
0.00903644
0.
0.00199835
0.375493
0.00882781
0.
0.00730909
0.390492
-0.0207767
0.
0.00837499
0.397138
-0.0175972
0.
0.00744552
0.
0.
0.
-0.026661
0.
0.
0.
-0.0702648
0.315586
-0.0568903
0.
-0.0152448
0.319075
0.088877
0.
0.00367768
0.320477
-0.0512005
0.
-0.0118038
0.322498
0.113282
0.
0.0190621
0.346922
0.0729052
0.
-0.00150691
0.322529
-0.103633
0.
0.0149165
0.315984
0.0393396
0.
-0.0163999
0.320146
-0.0627723
0.
-0.00193763
0.
0.
0.
-0.128072
0.
0.
0.
0.00344454
0.
0.
0.
-0.00819933
0.
0.
0.
0.128422
0.
0.
0.
-0.0543567
0.
0.
0.
-0.152742
0.
0.
0.
-0.216312
0.
0.
0.
0.0188583
0.
0.
0.
-0.0329706
0.
0.
0.
-0.0288568
0.
0.
0.
-0.164639
0.
0.
0.
0.0301123
0.
0.
0.
-0.0882475
0.
0.
0.
0.00146249
0.
0.
0.
0.122358
0.
0.
0.
0.0124631
0.
0.
0.
-0.00626226
0.
0.
0.
0.00920879
1.
0.
0.
0.0416243
0.396161
-0.00827266
-0.000340087
-0.0029628
0.379699
0.
-0.0038479
-0.0042544
0.269144
0.
-0.00292666
-0.0119099
0.296507
0.
0.0202547
0.0451246
0.378016
0.
0.00495158
-0.010078
0.271039
0.
0.0144158
-0.0103633
0.308884
0.
-0.00569787
0.0529393
0.297139
0.0206009
0.
0.0517157
0.381543
0.0183283
0.
-0.0019343
0.255819
0.0204614
0.
-0.0159745
0.276985
0.00300558
0.
0.0479905
0.383091
0.015276
0.
-0.00309739
0.264046
0.0173164
0.
-0.0147191
0.248858
0.0229405
-0.0551035
-0.00568245
0.248747
-0.0253768
0.0235713
-0.0163362
0.368368
-0.0236451
-0.0745594
0.00493293
0.427217
-0.148576
-0.155748
0.113745
0.356239
0.140545
-0.160842
0.0745992
0.340832
-0.0317231
0.0265999
0.0261559
0.361883
0.124808
0.103526
0.0866675
0.281461
-0.0157868
-0.0299479
-0.00725636
0.406444
0.001945
-0.0506765
0.00734271
0.25697
0.0217013
0.0323923
0.00311544
0.379869
0.00995496
0.0497679
0.00783827
0.318294
-0.121558
0.142645
0.0865814
0.407915
-0.00947185
-0.00515332
0.0178783
0.31848
0.0156522
0.075443
-0.0786344
0.3468
0.0409489
0.1464
0.0766669
