Vec Object: 1 MPI process
  type: seq
0.
0.
0.
-0.086672
0.
0.
0.
0.240138
0.145743
-0.16606
0.
-0.123961
0.162031
-0.175615
0.
-0.101602
0.204536
0.189138
0.
-0.0389184
0.161375
0.171993
0.
-0.133047
0.371479
0.026386
0.
0.0830565
0.365252
0.022068
0.
0.0589184
0.377748
-0.0261504
0.
0.0669557
0.377845
-0.0364324
0.
0.0907559
0.
0.
0.
-0.0814566
0.
0.
0.
-0.200721
0.278559
-0.051017
0.
-0.0433546
0.326142
0.0711745
0.
-0.0507097
0.285878
-0.0496543
0.
-0.0173712
0.328998
0.104719
0.
-0.0347696
0.309753
0.0587914
0.
-0.0016645
0.327634
-0.0892372
0.
-0.0422916
0.278724
0.0520602
0.
-0.0550064
0.323957
-0.0518656
0.
-0.0641375
0.
0.
0.
-0.00482072
0.
0.
0.
-0.0983505
0.
0.
0.
0.228401
0.
0.
0.
0.0125268
0.
0.
0.
-0.157102
0.
0.
0.
0.0183723
0.
0.
0.
0.145345
0.
0.
0.
0.378096
0.
0.
0.
0.35288
0.
0.
0.
0.23535
0.
0.
0.
0.108692
0.
0.
0.
0.110289
0.
0.
0.
0.206675
0.
0.
0.
-0.0118672
0.
0.
0.
0.529293
0.
0.
0.
0.451438
0.
0.
0.
0.299998
0.
0.
0.
-0.0307637
1.
0.
0.
0.0906438
0.400269
-0.00818088
-0.00160978
0.072671
0.37943
0.
0.000156883
-0.0101778
0.283989
0.
0.00189094
-0.0954771
0.382568
0.
0.00590332
0.114693
0.389332
0.
-9.25287e-05
-0.0121396
0.285396
0.
0.00498213
-0.10414
0.372348
0.
-0.00832583
0.154886
0.395179
0.00396736
0.
0.167902
0.384833
0.0202849
0.
-0.00801728
0.273221
0.0242269
0.
-0.101068
0.3638
-0.00329971
0.
0.171989
0.393999
0.00651704
0.
-0.00356977
0.278254
0.00672024
0.
-0.11276
0.236673
-4.27485e-05
-0.0292898
-0.0891953
0.245264
-0.0100632
0.011568
-0.13601
0.30324
-0.0351386
-0.0124822
0.0426907
0.443532
-0.0334599
-0.0754446
0.271082
0.387944
0.032791
-0.0746633
0.212594
0.241229
0.0398663
0.0154179
0.104682
0.346156
0.0370741
0.0429676
0.260813
0.219481
0.00304261
-0.0204165
-0.0371153
0.300225
-0.000991588
-0.00714863
0.057056
0.25134
-0.00470217
0.0158898
-0.0986829
0.27436
-0.0236313
0.0109467
0.0718907
0.316103
-0.0297659
0.0726552
0.218273
0.300252
0.00573305
-0.010747
0.0973292
0.186868
-0.0556512
0.0141584
0.132761
0.329676
-0.00386881
0.0703306
0.25812
