Vec Object: 1 MPI process
  type: seq
0.
0.
0.
-0.103264
0.
0.
0.
0.0282567
0.164234
-0.167183
0.
-0.0695187
0.172966
-0.178293
0.
-0.066137
0.189491
0.204683
0.
-0.0554144
0.178265
0.165421
0.
-0.065532
0.388062
0.00924949
0.
0.00263349
0.375385
0.00901661
0.
0.00681884
0.39025
-0.0205614
0.
0.00800743
0.396733
-0.017945
0.
0.00838145
0.
0.
0.
-0.0288502
0.
0.
0.
-0.0744619
0.313891
-0.0566927
0.
-0.0158728
0.319482
0.0886554
0.
0.0037323
0.318793
-0.0512257
0.
-0.0109235
0.322767
0.113892
0.
0.0196177
0.345114
0.0722549
0.
-0.000499779
0.322719
-0.103917
0.
0.0152898
0.314487
0.0400072
0.
-0.0177479
0.320221
-0.0628593
0.
-0.00182209
0.
0.
0.
-0.130926
0.
0.
0.
-0.00188819
0.
0.
0.
-0.00512802
0.
0.
0.
0.121682
0.
0.
0.
-0.0586827
0.
0.
0.
-0.153871
0.
0.
0.
-0.210199
0.
0.
0.
0.0274324
0.
0.
0.
-0.0237123
0.
0.
0.
-0.0246692
0.
0.
0.
-0.165236
0.
0.
0.
0.0293755
0.
0.
0.
-0.0840218
0.
0.
0.
-0.000719982
0.
0.
0.
0.13567
0.
0.
0.
0.0247065
0.
0.
0.
-0.00230413
0.
0.
0.
0.00824625
1.
0.
0.
0.0429934
0.397004
-0.00831773
-0.000425506
-0.0032499
0.379172
0.
-0.00366863
-0.00395374
0.269919
0.
-0.00264452
-0.012969
0.300675
0.
0.0194736
0.0473008
0.378225
0.
0.00475648
-0.0100834
0.271995
0.
0.0139121
-0.0121339
0.312398
0.
-0.00596234
0.056641
0.302286
0.0197976
0.
0.0559133
0.381116
0.0185674
0.
-0.00164168
0.256645
0.0210428
0.
-0.0171287
0.281695
0.00220663
0.
0.0514671
0.38314
0.0149339
0.
-0.00297228
0.264751
0.0169248
0.
-0.0164669
0.248244
0.0221096
-0.0548766
-0.00726532
0.248684
-0.0252494
0.0236565
-0.0191738
0.36697
-0.0243289
-0.0706039
0.00674187
0.426263
-0.143662
-0.152256
0.119247
0.355873
0.135939
-0.156859
0.0793196
0.340401
-0.0263092
0.0270728
0.0289125
0.360484
0.122095
0.100051
0.0921008
0.278366
-0.0155368
-0.0296955
-0.00747487
0.404235
0.00187848
-0.048633
0.00907227
0.257323
0.0216629
0.0320799
0.000367533
0.375075
0.00761625
0.0467586
0.00985619
0.316535
-0.11775
0.140021
0.0906088
0.40379
-0.00891046
-0.0060954
0.0205309
0.317801
0.00779116
0.0722346
-0.0764206
0.34495
0.0391175
0.144056
0.081809
