Vec Object: 1 MPI process
  type: seq
0.
0.
0.
-0.080694
0.
0.
0.
0.0190715
0.169114
-0.1678
0.
-0.0509737
0.175451
-0.179726
0.
-0.0535044
0.189627
0.207155
0.
-0.0448363
0.182467
0.163783
0.
-0.0422552
0.389587
0.00842881
0.
-0.000395375
0.376447
0.00756356
0.
0.00946223
0.392221
-0.021797
0.
0.00933534
0.399022
-0.01629
0.
0.00367986
0.
0.
0.
-0.0188059
0.
0.
0.
-0.0564227
0.323886
-0.0578376
0.
-0.0120876
0.316821
0.0898994
0.
0.00304591
0.328985
-0.0504692
0.
-0.0148669
0.321292
0.109906
0.
0.0159364
0.355926
0.0754568
0.
-0.00479394
0.321739
-0.101893
0.
0.0125431
0.322958
0.0362555
0.
-0.0105604
0.320339
-0.0620412
0.
-0.00308087
0.
0.
0.
-0.108464
0.
0.
0.
0.0239012
0.
0.
0.
-0.0131138
0.
0.
0.
0.151853
0.
0.
0.
-0.0402914
0.
0.
0.
-0.139656
0.
0.
0.
-0.232078
0.
0.
0.
-0.0104143
0.
0.
0.
-0.0640952
0.
0.
0.
-0.0381677
0.
0.
0.
-0.146902
0.
0.
0.
0.0369096
0.
0.
0.
-0.0955464
0.
0.
0.
0.0121815
0.
0.
0.
0.0679436
0.
0.
0.
-0.0330199
0.
0.
0.
-0.0125498
0.
0.
0.
0.0111154
1.
0.
0.
0.0339967
0.39122
-0.00790909
0.000153877
-0.00123671
0.38244
0.
-0.00462794
-0.00556524
0.265649
0.
-0.004344
-0.00743389
0.275787
0.
0.0240942
0.0355143
0.376437
0.
0.00568525
-0.00978415
0.26609
0.
0.0168824
-0.00261283
0.291122
0.
-0.00408788
0.0365321
0.271228
0.0242243
0.
0.0340885
0.383847
0.0172692
0.
-0.00320239
0.252427
0.0169923
0.
-0.0112663
0.25266
0.00765571
0.
0.0338296
0.382386
0.0166068
0.
-0.00362545
0.260863
0.0185131
0.
-0.00745165
0.252045
0.0264603
-0.054123
-0.000498065
0.248917
-0.0240656
0.0217984
-0.00498573
0.372018
-0.0210248
-0.0938457
-0.00275215
0.43453
-0.170129
-0.172476
0.0898282
0.362571
0.16098
-0.179485
0.0551179
0.334084
-0.0562907
0.0230819
0.0147684
0.369645
0.135089
0.11998
0.0644265
0.296684
-0.0159997
-0.031059
-0.00744393
0.412148
0.00214166
-0.0583512
-4.79382e-07
0.254111
0.0188776
0.0332988
0.0142259
0.403202
0.0217413
0.0657453
-3.75746e-05
0.330224
-0.138539
0.154252
0.0700031
0.425042
-0.0112265
-0.000572565
0.00774385
0.312395
0.0544562
0.0880729
-0.0806566
0.358346
0.0484654
0.154924
0.0564227
