Vec Object: 1 MPI process
  type: seq
0.
0.
0.
0.185957
0.
0.
0.
0.668042
0.202112
-0.109278
0.
0.83397
0.218581
-0.117549
0.
0.851862
0.272125
0.126116
0.
0.934511
0.219502
0.115255
0.
0.823927
0.356245
0.0386917
0.
-0.321526
0.356797
0.0313904
0.
-0.364887
0.360358
-0.0378522
0.
-0.314576
0.362782
-0.0474744
0.
-0.318748
0.
0.
0.
0.0113253
0.
0.
0.
-0.176686
0.256987
-0.0773345
0.
-0.111233
0.330133
0.0291543
0.
-0.577173
0.26615
-0.0825761
0.
-0.0999132
0.334065
0.0509567
0.
-0.58724
0.289388
0.0812272
0.
-0.0547523
0.331842
-0.0342557
0.
-0.589265
0.254738
0.0782614
0.
-0.0619354
0.326673
-0.018547
0.
-0.60251
0.
0.
0.
0.386698
0.
0.
0.
0.031429
0.
0.
0.
0.68239
0.
0.
0.
0.211986
0.
0.
0.
-0.0534132
0.
0.
0.
0.4419
0.
0.
0.
0.717351
0.
0.
0.
0.96216
0.
0.
0.
0.914895
0.
0.
0.
0.690935
0.
0.
0.
0.632772
0.
0.
0.
0.397132
0.
0.
0.
0.67971
0.
0.
0.
0.168066
0.
0.
0.
1.24499
0.
0.
0.
1.1038
0.
0.
0.
0.908841
0.
0.
0.
0.0461735
1.
0.
0.
1.13794
0.395189
-0.00499996
-0.000653424
-0.309127
0.392892
0.
0.00175809
-0.514664
0.28762
0.
0.00262398
-0.550341
0.370011
0.
0.00174103
0.754973
0.409533
0.
-0.000703815
-0.493798
0.286506
0.
0.00316218
-0.527524
0.349912
0.
-0.00690849
0.797171
0.381847
0.000792877
0.
0.80442
0.400973
0.0127082
0.
-0.511915
0.277861
0.014492
0.
-0.543017
0.346952
0.00109457
0.
0.837021
0.417015
0.00553704
0.
-0.487445
0.28076
0.0067133
0.
-0.543607
0.225164
-0.00408336
-0.0147797
-0.23667
0.236975
-0.00246453
0.00432285
-0.448612
0.25743
-0.0187766
-0.00288723
0.201546
0.446139
0.00166855
-0.0409593
1.04792
0.389441
0.0022964
-0.0417142
0.850177
0.170257
0.0268652
0.00475977
0.346804
0.322133
0.00512241
0.0287508
0.872285
0.192873
0.00101986
-0.0135083
-0.016446
0.233316
0.000754675
0.000981233
0.261437
0.238663
-0.0052699
0.00678474
-0.296447
0.22741
-0.0202731
0.00829392
0.249193
0.306619
0.000412952
0.0406148
0.785996
0.248205
0.00939686
-0.00313433
0.359979
0.0933326
-0.0291064
0.00511476
0.529978
0.306326
-0.0107988
0.0352511
0.855922
