Vec Object: 1 MPI process
  type: seq
0.
0.
0.
-0.10274
0.
0.
0.
0.0278087
0.164352
-0.167185
0.
-0.0690545
0.17302
-0.178317
0.
-0.0658384
0.189474
0.204739
0.
-0.0551846
0.178374
0.165371
0.
-0.0649548
0.388098
0.00921958
0.
0.00254569
0.375398
0.00899225
0.
0.00688287
0.39028
-0.0205901
0.
0.0080584
0.396787
-0.0178973
0.
0.0082534
0.
0.
0.
-0.0285516
0.
0.
0.
-0.0738818
0.314116
-0.0567196
0.
-0.0157917
0.319429
0.0886855
0.
0.00372783
0.319016
-0.0512247
0.
-0.0110449
0.322731
0.113813
0.
0.0195472
0.345353
0.0723437
0.
-0.000639786
0.322693
-0.103881
0.
0.0152438
0.314687
0.0399184
0.
-0.0175678
0.32021
-0.0628492
0.
-0.00183351
0.
0.
0.
-0.130581
0.
0.
0.
-0.00116506
0.
0.
0.
-0.0055816
0.
0.
0.
0.122601
0.
0.
0.
-0.0580872
0.
0.
0.
-0.153762
0.
0.
0.
-0.211072
0.
0.
0.
0.0262411
0.
0.
0.
-0.0250001
0.
0.
0.
-0.0252745
0.
0.
0.
-0.165227
0.
0.
0.
0.0294538
0.
0.
0.
-0.0846414
0.
0.
0.
-0.000434133
0.
0.
0.
0.133862
0.
0.
0.
0.0230234
0.
0.
0.
-0.00288903
0.
0.
0.
0.00838269
1.
0.
0.
0.042816
0.396895
-0.00831213
-0.000414346
-0.00321456
0.379241
0.
-0.00369273
-0.00399346
0.269815
0.
-0.00268185
-0.0128252
0.300123
0.
0.0195771
0.0470072
0.378198
0.
0.00478314
-0.0100829
0.271869
0.
0.013979
-0.0118955
0.311934
0.
-0.00592812
0.0561438
0.301605
0.019905
0.
0.0553454
0.381172
0.0185355
0.
-0.00168036
0.256534
0.0209677
0.
-0.0169716
0.281074
0.0023099
0.
0.050994
0.383134
0.0149805
0.
-0.0029884
0.264656
0.0169791
0.
-0.0162297
0.248324
0.0222224
-0.0549149
-0.00704563
0.248693
-0.0252728
0.0236505
-0.0187881
0.367167
-0.0242357
-0.0711273
0.00649674
0.426378
-0.144322
-0.152721
0.118506
0.355905
0.136558
-0.15739
0.0786794
0.340492
-0.0270286
0.0270159
0.028538
0.360666
0.122467
0.100512
0.0913625
0.278776
-0.0155749
-0.0297298
-0.00744138
0.404548
0.00188789
-0.0489111
0.00883746
0.25728
0.0216792
0.0321244
0.000739696
0.375712
0.00792434
0.0471524
0.00957923
0.316756
-0.118261
0.140374
0.0900612
0.404348
-0.00898815
-0.00597156
0.0201667
0.317931
0.00882278
0.0726682
-0.0767561
0.345187
0.0393651
0.144378
0.0811062
