Vec Object: 1 MPI process
  type: seq
0.
0.
0.
-0.00751203
0.
0.
0.
0.411523
0.16996
-0.139197
0.
0.231406
0.186189
-0.148755
0.
0.252168
0.240619
0.155583
0.
0.345351
0.186689
0.146491
0.
0.223546
0.350533
0.0463883
0.
0.0649252
0.350188
0.0393586
0.
0.0198829
0.355153
-0.0453781
0.
0.066863
0.357127
-0.0557717
0.
0.0691649
0.
0.
0.
-0.111873
0.
0.
0.
-0.269831
0.263496
-0.071927
0.
-0.157973
0.329559
0.0454091
0.
-0.274829
0.272077
-0.076272
0.
-0.142807
0.333296
0.0726083
0.
-0.273729
0.295431
0.076809
0.
-0.10082
0.331216
-0.0559953
0.
-0.278316
0.261715
0.0739704
0.
-0.133871
0.325466
-0.031623
0.
-0.296721
0.
0.
0.
0.151443
0.
0.
0.
-0.110903
0.
0.
0.
0.417052
0.
0.
0.
0.0365984
0.
0.
0.
-0.181635
0.
0.
0.
0.196666
0.
0.
0.
0.416627
0.
0.
0.
0.64125
0.
0.
0.
0.611556
0.
0.
0.
0.429557
0.
0.
0.
0.356787
0.
0.
0.
0.195984
0.
0.
0.
0.41725
0.
0.
0.
0.00493357
0.
0.
0.
0.849595
0.
0.
0.
0.755678
0.
0.
0.
0.572312
0.
0.
0.
-0.0719242
1.
0.
0.
0.508385
0.390321
-0.00600464
-0.000941645
0.0763181
0.391512
0.
0.00148907
-0.164974
0.288008
0.
0.00255056
-0.33218
0.385685
0.
0.0025095
0.332578
0.407851
0.
-0.000722976
-0.145434
0.28769
0.
0.00333026
-0.330045
0.366399
0.
-0.00727116
0.385339
0.398197
0.00101343
0.
0.39546
0.399933
0.0161362
0.
-0.161854
0.27805
0.0185134
0.
-0.32999
0.363535
0.000302564
0.
0.421677
0.415905
0.00543087
0.
-0.136968
0.281569
0.00627265
0.
-0.341626
0.229634
-0.00366133
-0.017567
-0.236885
0.240618
-0.00434549
0.00559348
-0.337295
0.267937
-0.0227201
-0.00436958
0.0341885
0.450113
6.61536e-05
-0.0477584
0.570926
0.394873
0.00237542
-0.0480392
0.448017
0.185126
0.0317027
0.006525
0.152624
0.333094
0.00676298
0.0313983
0.493226
0.199143
0.00128398
-0.0151946
-0.109795
0.247228
-0.00025142
-0.000424684
0.0858389
0.2434
-0.00564127
0.0085222
-0.269447
0.236951
-0.0219356
0.00856907
0.0836698
0.313753
-0.000577519
0.0469803
0.419381
0.259803
0.00902303
-0.00457531
0.151039
0.112585
-0.0370413
0.00599242
0.290471
0.31721
-0.0147107
0.0417516
0.488544
