Vec Object: 1 MPI process
  type: seq
0.
0.
0.
-0.1017
0.
0.
0.
0.0269632
0.164584
-0.167191
0.
-0.0681468
0.173127
-0.178366
0.
-0.0652536
0.189443
0.204851
0.
-0.0547305
0.178587
0.165275
0.
-0.063824
0.388169
0.00916213
0.
0.00237601
0.375425
0.00894372
0.
0.00701011
0.390341
-0.0206465
0.
0.00815696
0.396894
-0.0178048
0.
0.00800474
0.
0.
0.
-0.0279705
0.
0.
0.
-0.0727596
0.314559
-0.0567719
0.
-0.0156298
0.319323
0.0887442
0.
0.0037164
0.319455
-0.0512206
0.
-0.0112799
0.322661
0.113656
0.
0.0194052
0.345825
0.0725162
0.
-0.000909843
0.322643
-0.103809
0.
0.01515
0.31508
0.0397435
0.
-0.0172139
0.320188
-0.0628279
0.
-0.00185969
0.
0.
0.
-0.12987
0.
0.
0.
0.000245955
0.
0.
0.
-0.00643325
0.
0.
0.
0.12439
0.
0.
0.
-0.056933
0.
0.
0.
-0.153509
0.
0.
0.
-0.212736
0.
0.
0.
0.0239431
0.
0.
0.
-0.027483
0.
0.
0.
-0.0264218
0.
0.
0.
-0.165146
0.
0.
0.
0.029626
0.
0.
0.
-0.0858086
0.
0.
0.
0.000132558
0.
0.
0.
0.130337
0.
0.
0.
0.0197609
0.
0.
0.
-0.00398698
0.
0.
0.
0.0086439
1.
0.
0.
0.0424628
0.396678
-0.00830078
-0.000392221
-0.00314232
0.379378
0.
-0.00373993
-0.00407194
0.269612
0.
-0.00275546
-0.0125449
0.299034
0.
0.019781
0.0464335
0.378146
0.
0.00483497
-0.0100818
0.27162
0.
0.0141107
-0.0114291
0.311017
0.
-0.00585997
0.0551698
0.300262
0.0201158
0.
0.0542366
0.381282
0.0184727
0.
-0.00175676
0.256316
0.020818
0.
-0.0166659
0.279847
0.00251573
0.
0.0500728
0.383123
0.0150712
0.
-0.00302065
0.264471
0.017084
0.
-0.0157672
0.248483
0.0224423
-0.054983
-0.00662149
0.248709
-0.0253133
0.0236339
-0.0180366
0.367546
-0.0240544
-0.0721595
0.0060186
0.426616
-0.145615
-0.153636
0.117055
0.355983
0.137769
-0.158434
0.0774309
0.340642
-0.028445
0.0268986
0.0278084
0.361027
0.123188
0.10142
0.0899238
0.279584
-0.0156454
-0.0297966
-0.00737932
0.405148
0.00190589
-0.0494529
0.00837988
0.257192
0.0217013
0.0322093
0.0014661
0.376966
0.00853319
0.0479329
0.00904215
0.317202
-0.119263
0.141066
0.0889945
0.405438
-0.00913837
-0.0057265
0.0194605
0.318151
0.0108656
0.0735156
-0.077379
0.345661
0.0398487
0.145002
0.0797405
