Vec Object: 1 MPI process
  type: seq
0.
0.
0.
-0.0936145
0.
0.
0.
0.022027
0.166299
-0.167299
0.
-0.0614741
0.173935
-0.178785
0.
-0.0608926
0.189317
0.205694
0.
-0.051196
0.180137
0.164603
0.
-0.0554456
0.388696
0.00878734
0.
0.00120494
0.37568
0.0085366
0.
0.00799829
0.390886
-0.0210724
0.
0.00880853
0.397689
-0.0171566
0.
0.00624366
0.
0.
0.
-0.0238832
0.
0.
0.
-0.0651311
0.317945
-0.0571533
0.
-0.014327
0.318481
0.0891702
0.
0.00353768
0.32285
-0.0510966
0.
-0.0128955
0.322132
0.11238
0.
0.0182148
0.349458
0.0737403
0.
-0.00272497
0.322278
-0.10319
0.
0.0143101
0.318027
0.038422
0.
-0.0145777
0.320097
-0.0626127
0.
-0.00219139
0.
0.
0.
-0.123236
0.
0.
0.
0.010348
0.
0.
0.
-0.0112073
0.
0.
0.
0.136956
0.
0.
0.
-0.049029
0.
0.
0.
-0.150106
0.
0.
0.
-0.223092
0.
0.
0.
0.00842176
0.
0.
0.
-0.0441935
0.
0.
0.
-0.0333102
0.
0.
0.
-0.16188
0.
0.
0.
0.0316313
0.
0.
0.
-0.0924885
0.
0.
0.
0.00457235
0.
0.
0.
0.105021
0.
0.
0.
-0.00292734
0.
0.
0.
-0.0101275
0.
0.
0.
0.0102656
1.
0.
0.
0.039597
0.394897
-0.00819668
-0.000214533
-0.00250143
0.380458
0.
-0.004088
-0.00466884
0.268092
0.
-0.00332355
-0.0105206
0.290674
0.
0.0213488
0.0422197
0.377674
0.
0.00520004
-0.0100542
0.269674
0.
0.0151175
-0.00799296
0.303924
0.
-0.00530001
0.0479584
0.289887
0.0216942
0.
0.046185
0.382168
0.0180045
0.
-0.0023369
0.254728
0.019587
0.
-0.0144733
0.270294
0.00420152
0.
0.0434779
0.382981
0.0157162
0.
-0.00327638
0.263092
0.0177889
0.
-0.0124309
0.249744
0.0240284
-0.0551795
-0.00376479
0.248831
-0.0253515
0.023297
-0.0126541
0.369957
-0.0227679
-0.0801014
0.00254963
0.428861
-0.155175
-0.160569
0.10641
0.357243
0.146752
-0.166314
0.0684231
0.340422
-0.0391769
0.0257798
0.0225548
0.363945
0.128246
0.108349
0.0795921
0.285796
-0.0160009
-0.0302791
-0.00709317
0.408928
0.00202167
-0.0532985
0.00507158
0.256361
0.0214206
0.0327448
0.00670831
0.38653
0.0132738
0.0541207
0.00527306
0.321115
-0.126693
0.146162
0.0813388
0.413342
-0.0101536
-0.00381905
0.0145221
0.318295
0.0268495
0.0796422
-0.0805822
0.349646
0.0433599
0.149342
0.0700785
