Vec Object: 1 MPI process
  type: seq
0.
0.
0.
-0.0809982
0.
0.
0.
0.0190713
0.169039
-0.16778
0.
-0.0512395
0.175406
-0.179697
0.
-0.0537053
0.189609
0.207115
0.
-0.0450114
0.18241
0.163797
0.
-0.0425846
0.389563
0.008433
0.
-0.000358475
0.376419
0.00759613
0.
0.00943141
0.392177
-0.0217773
0.
0.00933335
0.398986
-0.0163088
0.
0.00374199
0.
0.
0.
-0.0189027
0.
0.
0.
-0.056577
0.323723
-0.0578173
0.
-0.0121436
0.31687
0.0898786
0.
0.00305957
0.328814
-0.0504936
0.
-0.0148291
0.321313
0.109977
0.
0.0159989
0.355747
0.0754173
0.
-0.00475667
0.321752
-0.101932
0.
0.0125937
0.322827
0.0363111
0.
-0.0106559
0.320324
-0.0620599
0.
-0.00305448
0.
0.
0.
-0.108889
0.
0.
0.
0.0236166
0.
0.
0.
-0.0131529
0.
0.
0.
0.151601
0.
0.
0.
-0.0404291
0.
0.
0.
-0.139987
0.
0.
0.
-0.231971
0.
0.
0.
-0.0100324
0.
0.
0.
-0.0637021
0.
0.
0.
-0.0381409
0.
0.
0.
-0.14743
0.
0.
0.
0.0367552
0.
0.
0.
-0.0955904
0.
0.
0.
0.0119851
0.
0.
0.
0.0688295
0.
0.
0.
-0.0323594
0.
0.
0.
-0.0125996
0.
0.
0.
0.0111296
1.
0.
0.
0.0341573
0.391331
-0.00791925
0.00014248
-0.00127067
0.382385
0.
-0.00461456
-0.00554516
0.265711
0.
-0.00431549
-0.00751054
0.276199
0.
0.0240199
0.0356871
0.37648
0.
0.00567491
-0.00979735
0.266191
0.
0.016834
-0.0027467
0.291479
0.
-0.00412624
0.0368203
0.271746
0.0241607
0.
0.0343824
0.3838
0.0172875
0.
-0.00318316
0.252479
0.0170721
0.
-0.0113423
0.25316
0.00755229
0.
0.0340615
0.38241
0.016587
0.
-0.00361962
0.26092
0.0185034
0.
-0.00757221
0.251983
0.026398
-0.0541749
-0.000558281
0.248919
-0.0241267
0.0218544
-0.00516244
0.372
-0.021063
-0.0934793
-0.00262103
0.434347
-0.169757
-0.172154
0.0902438
0.362368
0.160622
-0.179139
0.0554373
0.334357
-0.0558737
0.0231638
0.0149552
0.36948
0.134937
0.119679
0.0647903
0.29639
-0.0160065
-0.0310376
-0.00742141
0.412116
0.00213964
-0.0582477
0.000126179
0.254188
0.0189833
0.0332879
0.0140531
0.402747
0.0215111
0.0654174
8.68547e-05
0.329935
-0.138239
0.154046
0.070279
0.424763
-0.0112112
-0.000655545
0.00789904
0.312649
0.0537446
0.0878942
-0.0807287
0.358076
0.0483483
0.154808
0.0567422
