Vec Object: 1 MPI process
  type: seq
0.
0.
0.
-0.0897763
0.
0.
0.
0.0205479
0.167097
-0.167394
0.
-0.0584242
0.174332
-0.179017
0.
-0.0588376
0.189332
0.206099
0.
-0.0494576
0.180831
0.164325
0.
-0.0515959
0.388945
0.00864861
0.
0.000710583
0.375843
0.00830808
0.
0.0084563
0.391202
-0.0212742
0.
0.00904155
0.398063
-0.0168823
0.
0.00547468
0.
0.
0.
-0.0221864
0.
0.
0.
-0.0621088
0.319579
-0.057334
0.
-0.0136844
0.318049
0.0893684
0.
0.00341242
0.324515
-0.0509769
0.
-0.0135545
0.321886
0.111726
0.
0.0175969
0.351227
0.074269
0.
-0.00343917
0.322115
-0.102857
0.
0.0138479
0.319414
0.0378009
0.
-0.0133754
0.320106
-0.0624783
0.
-0.00241182
0.
0.
0.
-0.119431
0.
0.
0.
0.0146837
0.
0.
0.
-0.0124847
0.
0.
0.
0.142118
0.
0.
0.
-0.0459015
0.
0.
0.
-0.147673
0.
0.
0.
-0.226666
0.
0.
0.
0.00219712
0.
0.
0.
-0.0508446
0.
0.
0.
-0.0355051
0.
0.
0.
-0.158781
0.
0.
0.
0.0329418
0.
0.
0.
-0.0943607
0.
0.
0.
0.00673001
0.
0.
0.
0.0938547
0.
0.
0.
-0.0124489
0.
0.
0.
-0.01176
0.
0.
0.
0.0107731
1.
0.
0.
0.0381182
0.393957
-0.0081329
-0.000121674
-0.00215717
0.380996
0.
-0.00424666
-0.00494322
0.267386
0.
-0.00360116
-0.0096125
0.286606
0.
0.0221086
0.0402891
0.377393
0.
0.00535476
-0.0100168
0.268707
0.
0.0156036
-0.00642039
0.300443
0.
-0.00500015
0.0446402
0.284806
0.0224282
0.
0.0425827
0.382618
0.017789
0.
-0.00260279
0.254022
0.0189329
0.
-0.0135057
0.265558
0.00508827
0.
0.0405769
0.382868
0.0159942
0.
-0.0033939
0.262452
0.0180596
0.
-0.0109455
0.250375
0.0247374
-0.0550654
-0.00264131
0.24888
-0.0251817
0.0229991
-0.0103026
0.370806
-0.0222181
-0.083938
0.000988452
0.43021
-0.159552
-0.163882
0.101564
0.358297
0.150888
-0.170041
0.0644296
0.339432
-0.0441979
0.025114
0.0202225
0.365447
0.130391
0.111652
0.0750328
0.288807
-0.0160667
-0.0304982
-0.00708348
0.410244
0.00206462
-0.054932
0.00358448
0.25585
0.0209876
0.0329383
0.00901279
0.391135
0.0156024
0.0572372
0.00365158
0.323333
-0.130121
0.148503
0.0779541
0.416862
-0.0105481
-0.00289544
0.0124217
0.317414
0.0346511
0.0823124
-0.081229
0.351813
0.0449185
0.151148
0.0659031
