Vec Object: 1 MPI process
  type: seq
0.
0.
0.
-0.0758247
0.
0.
0.
0.0197075
0.170468
-0.16823
0.
-0.046314
0.176336
-0.180315
0.
-0.0498015
0.190071
0.207888
0.
-0.0416223
0.183433
0.163602
0.
-0.0365734
0.390022
0.00841484
0.
-0.00100737
0.377051
0.00689206
0.
0.00990087
0.393102
-0.0221632
0.
0.00923739
0.399669
-0.0159966
0.
0.00261186
0.
0.
0.
-0.0174796
0.
0.
0.
-0.0544037
0.326908
-0.0582365
0.
-0.0111447
0.315876
0.0903053
0.
0.00281535
0.332183
-0.0499479
0.
-0.0153887
0.320942
0.108562
0.
0.0148033
0.359241
0.0761092
0.
-0.00528813
0.321529
-0.101163
0.
0.0116082
0.325353
0.0352744
0.
-0.00897871
0.320709
-0.0616697
0.
-0.00356501
0.
0.
0.
-0.100761
0.
0.
0.
0.0281821
0.
0.
0.
-0.0116942
0.
0.
0.
0.154667
0.
0.
0.
-0.0388437
0.
0.
0.
-0.133407
0.
0.
0.
-0.232844
0.
0.
0.
-0.0162143
0.
0.
0.
-0.0699205
0.
0.
0.
-0.037794
0.
0.
0.
-0.136428
0.
0.
0.
0.0396504
0.
0.
0.
-0.0936931
0.
0.
0.
0.0156076
0.
0.
0.
0.0529788
0.
0.
0.
-0.043575
0.
0.
0.
-0.0107714
0.
0.
0.
0.0104878
1.
0.
0.
0.0309983
0.38908
-0.00769447
0.000380096
-0.000640737
0.383447
0.
-0.00485865
-0.00587474
0.264567
0.
-0.00487813
-0.00610844
0.268142
0.
0.0254434
0.0324359
0.375543
0.
0.00584365
-0.00946612
0.264217
0.
0.0177778
-0.000318294
0.284502
0.
-0.00331435
0.0315187
0.261617
0.0253186
0.
0.0290764
0.38473
0.0169548
0.
-0.0034962
0.251602
0.0154149
0.
-0.0100002
0.243255
0.00965242
0.
0.0298768
0.381859
0.016923
0.
-0.00367827
0.259845
0.0185798
0.
-0.0054068
0.253139
0.0275932
-0.0529619
0.000345035
0.248784
-0.0226618
0.0206254
-0.00208995
0.371965
-0.020418
-0.100415
-0.00500462
0.438132
-0.176513
-0.178326
0.0825907
0.366883
0.16719
-0.185647
0.0497043
0.328169
-0.0632149
0.0215483
0.0116326
0.372735
0.137561
0.125242
0.058253
0.302034
-0.0158599
-0.0314652
-0.00794317
0.412225
0.0021666
-0.0598626
-0.00219492
0.252508
0.0165746
0.0334867
0.0170464
0.411544
0.0259095
0.071832
-0.0021124
0.335938
-0.143786
0.157866
0.0652583
0.429696
-0.0113464
0.000850292
0.00517456
0.306981
0.0666872
0.0907302
-0.0788002
0.363662
0.0503326
0.156675
0.051064
