Vec Object: 1 MPI process
  type: seq
0.
0.
0.
-0.095328
0.
0.
0.
0.0228555
0.165943
-0.167266
0.
-0.0628484
0.173763
-0.178689
0.
-0.0618031
0.189327
0.205516
0.
-0.0519532
0.179821
0.164735
0.
-0.0571784
0.388586
0.0088571
0.
0.00143577
0.375618
0.00862943
0.
0.00779051
0.390758
-0.0209831
0.
0.00868793
0.397523
-0.0172851
0.
0.00659725
0.
0.
0.
-0.0246898
0.
0.
0.
-0.0665989
0.317228
-0.0570741
0.
-0.014609
0.318665
0.0890824
0.
0.00358642
0.322125
-0.0511367
0.
-0.0125806
0.322242
0.11266
0.
0.0184793
0.348684
0.0734952
0.
-0.00237773
0.322352
-0.10333
0.
0.0145032
0.317411
0.0386988
0.
-0.0151225
0.320104
-0.0626656
0.
-0.00210488
0.
0.
0.
-0.124799
0.
0.
0.
0.00832309
0.
0.
0.
-0.010443
0.
0.
0.
0.134484
0.
0.
0.
-0.0505536
0.
0.
0.
-0.151026
0.
0.
0.
-0.221237
0.
0.
0.
0.0114119
0.
0.
0.
-0.0409853
0.
0.
0.
-0.0321208
0.
0.
0.
-0.162944
0.
0.
0.
0.0311168
0.
0.
0.
-0.0913959
0.
0.
0.
0.00362289
0.
0.
0.
0.110142
0.
0.
0.
0.00154694
0.
0.
0.
-0.00914731
0.
0.
0.
0.00998267
1.
0.
0.
0.0402275
0.395293
-0.00822163
-0.000253663
-0.00264737
0.380224
0.
-0.0040163
-0.00454442
0.268408
0.
-0.00320239
-0.010933
0.292452
0.
0.0210156
0.0430879
0.377785
0.
0.00512752
-0.0100645
0.270093
0.
0.0149042
-0.00870161
0.30544
0.
-0.00542502
0.0494501
0.292103
0.0213655
0.
0.0478264
0.381975
0.0181016
0.
-0.00221614
0.255052
0.0198612
0.
-0.0149168
0.272346
0.00382748
0.
0.0448094
0.38302
0.0155871
0.
-0.00322241
0.263378
0.0176549
0.
-0.0131088
0.249471
0.0237059
-0.0551864
-0.00431141
0.248807
-0.0253857
0.0233998
-0.0137389
0.369518
-0.0230247
-0.0784148
0.00325799
0.428323
-0.153201
-0.159108
0.108598
0.356875
0.144893
-0.164661
0.0702506
0.340673
-0.0369296
0.0260479
0.0236206
0.363304
0.127243
0.106887
0.0816822
0.284475
-0.0159515
-0.0301806
-0.00712443
0.408246
0.00200025
-0.052532
0.00574613
0.256561
0.0215482
0.0326472
0.00564736
0.384507
0.0122583
0.0527782
0.00602423
0.320211
-0.125154
0.14511
0.082888
0.411733
-0.00995967
-0.00422587
0.0155017
0.318489
0.0234267
0.0784042
-0.0801224
0.348746
0.0426456
0.148488
0.0720115
