Vec Object: 1 MPI process
  type: seq
0.
0.
0.
-0.122132
0.
0.
0.
0.0993147
0.154123
-0.168055
0.
-0.108798
0.167709
-0.177596
0.
-0.092418
0.1928
0.200101
0.
-0.0693326
0.168896
0.169901
0.
-0.111563
0.384429
0.013075
0.
0.0147615
0.374069
0.01133
0.
0.00711951
0.388432
-0.0188769
0.
0.00662201
0.391685
-0.0228932
0.
0.0231828
0.
0.
0.
-0.0513223
0.
0.
0.
-0.127799
0.297086
-0.053238
0.
-0.017431
0.322859
0.0848174
0.
-0.00181669
0.302839
-0.0492685
0.
0.00153897
0.325502
0.116741
0.
0.0176579
0.327829
0.0639639
0.
0.0140245
0.324799
-0.103797
0.
0.0114286
0.298473
0.0457317
0.
-0.028681
0.321904
-0.0617267
0.
-0.00849519
0.
0.
0.
-0.114839
0.
0.
0.
-0.0554565
0.
0.
0.
0.0713762
0.
0.
0.
0.0533834
0.
0.
0.
-0.108047
0.
0.
0.
-0.116736
0.
0.
0.
-0.088903
0.
0.
0.
0.160514
0.
0.
0.
0.120429
0.
0.
0.
0.0647845
0.
0.
0.
-0.0972164
0.
0.
0.
0.0475258
0.
0.
0.
0.0141051
0.
0.
0.
-0.0125818
0.
0.
0.
0.300946
0.
0.
0.
0.195264
0.
0.
0.
0.0954609
0.
0.
0.
-0.00388229
1.
0.
0.
0.0520407
0.402597
-0.00857717
-0.00118833
0.00076046
0.37558
0.
-0.00178252
-0.00290775
0.277567
0.
-8.7217e-05
-0.0286299
0.341701
0.
0.0122297
0.0735122
0.380109
0.
0.00236053
-0.0113014
0.280107
0.
0.00908949
-0.034123
0.344973
0.
-0.00792045
0.0977168
0.350776
0.0117359
0.
0.104996
0.378686
0.0206561
0.
-0.000684972
0.265307
0.0248981
0.
-0.0339638
0.325216
-0.00307552
0.
0.0963801
0.383843
0.0108094
0.
-0.00342794
0.271971
0.0117758
0.
-0.0399466
0.243075
0.0119281
-0.0462053
-0.029209
0.248021
-0.0195915
0.0202402
-0.0542206
0.343306
-0.0320391
-0.0358999
0.0302211
0.427
-0.0909656
-0.116409
0.181989
0.364769
0.0867583
-0.116785
0.136154
0.309055
0.0199624
0.0259025
0.0650009
0.350814
0.0861749
0.0682127
0.160528
0.249128
-0.00850663
-0.026273
-0.0110124
0.365542
0.000671095
-0.0259901
0.0327038
0.257543
0.0126154
0.0261702
-0.0303196
0.327109
-0.0121049
0.0232228
0.0401617
0.309673
-0.0766424
0.110174
0.142282
0.356448
-0.00166605
-0.0126551
0.0579619
0.277361
-0.0487585
0.0392452
-0.0104211
0.333761
0.018585
0.11285
0.150822
