Vec Object: 1 MPI process
  type: seq
0.
0.
0.
-0.0839167
0.
0.
0.
0.0192571
0.168358
-0.167618
0.
-0.0537082
0.175008
-0.179439
0.
-0.0555278
0.189469
0.206754
0.
-0.0465992
0.181878
0.163954
0.
-0.0456614
0.389344
0.00848632
0.
-6.48881e-06
0.376184
0.0078746
0.
0.00912311
0.391799
-0.0215987
0.
0.00928168
0.398661
-0.0164925
0.
0.00432548
0.
0.
0.
-0.0198944
0.
0.
0.
-0.058193
0.322245
-0.0576385
0.
-0.0126699
0.317305
0.089693
0.
0.00318594
0.327268
-0.0506958
0.
-0.0144429
0.321508
0.110614
0.
0.0165683
0.354129
0.0750399
0.
-0.00436865
0.321872
-0.102273
0.
0.0130495
0.321626
0.0368263
0.
-0.0115637
0.320212
-0.0622213
0.
-0.0028173
0.
0.
0.
-0.112728
0.
0.
0.
0.0207986
0.
0.
0.
-0.0132983
0.
0.
0.
0.148878
0.
0.
0.
-0.0419511
0.
0.
0.
-0.142915
0.
0.
0.
-0.230662
0.
0.
0.
-0.00623743
0.
0.
0.
-0.0597587
0.
0.
0.
-0.0376476
0.
0.
0.
-0.15197
0.
0.
0.
0.0353554
0.
0.
0.
-0.0956886
0.
0.
0.
0.0101638
0.
0.
0.
0.0772019
0.
0.
0.
-0.0259523
0.
0.
0.
-0.0127881
0.
0.
0.
0.0111602
1.
0.
0.
0.0355989
0.392308
-0.00800494
4.29042e-05
-0.00158341
0.381888
0.
-0.00448944
-0.00534953
0.266287
0.
-0.00405871
-0.0082265
0.279927
0.
0.0233427
0.0372812
0.376842
0.
0.00557321
-0.00989989
0.267098
0.
0.0163954
-0.00399931
0.294696
0.
-0.00445912
0.0395024
0.27643
0.0235676
0.
0.037147
0.383373
0.0174581
0.
-0.00299518
0.252984
0.0177718
0.
-0.0120636
0.257649
0.00663765
0.
0.0362471
0.382604
0.0163949
0.
-0.0035549
0.26145
0.0183877
0.
-0.00870794
0.251414
0.0258247
-0.0545886
-0.00117723
0.248925
-0.0246107
0.0223254
-0.00685397
0.371734
-0.0214344
-0.0901224
-0.00139377
0.432759
-0.166281
-0.169228
0.0941152
0.360681
0.157287
-0.175961
0.0584523
0.336579
-0.0519303
0.0238926
0.0167217
0.368008
0.133463
0.116892
0.0682231
0.293702
-0.0160568
-0.0308456
-0.00724612
0.411684
0.00211819
-0.0572127
0.00130732
0.254845
0.0198484
0.0331815
0.0123963
0.398618
0.0194127
0.0624628
0.00126922
0.327419
-0.135447
0.152136
0.0728685
0.422125
-0.0110342
-0.00142876
0.00938266
0.314736
0.0471276
0.0861245
-0.0812176
0.355712
0.0472215
0.153659
0.0597772
