Vec Object: 1 MPI process
  type: seq
0.
0.
0.
-0.0833062
0.
0.
0.
0.254882
0.146228
-0.164658
0.
-0.115542
0.162552
-0.174342
0.
-0.0932931
0.207298
0.186581
0.
-0.0246199
0.161938
0.171042
0.
-0.125075
0.368531
0.0293316
0.
0.100485
0.363046
0.0246379
0.
0.0734662
0.374784
-0.0287051
0.
0.085556
0.374893
-0.0393253
0.
0.107778
0.
0.
0.
-0.089964
0.
0.
0.
-0.213902
0.276448
-0.0524502
0.
-0.0565467
0.326595
0.0685264
0.
-0.0628553
0.283943
-0.0516861
0.
-0.0309924
0.329544
0.101677
0.
-0.0481663
0.307729
0.059948
0.
-0.0132878
0.328087
-0.085967
0.
-0.055605
0.276355
0.0540403
0.
-0.0657375
0.324149
-0.0498227
0.
-0.0773965
0.
0.
0.
0.00843079
0.
0.
0.
-0.106108
0.
0.
0.
0.24542
0.
0.
0.
0.00727089
0.
0.
0.
-0.165954
0.
0.
0.
0.0345327
0.
0.
0.
0.173008
0.
0.
0.
0.402778
0.
0.
0.
0.378676
0.
0.
0.
0.253686
0.
0.
0.
0.134255
0.
0.
0.
0.115005
0.
0.
0.
0.22782
0.
0.
0.
-0.0156815
0.
0.
0.
0.556257
0.
0.
0.
0.480724
0.
0.
0.
0.324662
0.
0.
0.
-0.0399798
1.
0.
0.
0.10629
0.398938
-0.00799088
-0.00157444
0.0924466
0.380819
0.
0.000366373
-0.0115629
0.284636
0.
0.00204081
-0.112746
0.385689
0.
0.00532335
0.120798
0.39158
0.
-0.000271665
-0.0111471
0.285837
0.
0.00464918
-0.121336
0.373872
0.
-0.00821984
0.163284
0.398438
0.00329484
0.
0.176252
0.386646
0.0199564
0.
-0.0093218
0.274026
0.0237305
0.
-0.117899
0.366436
-0.00292896
0.
0.183321
0.396665
0.00619648
0.
-0.00245738
0.278849
0.00641179
0.
-0.130166
0.235802
-0.00102338
-0.0273295
-0.105576
0.244759
-0.00908299
0.0105545
-0.154645
0.298121
-0.0342728
-0.0108349
0.0367005
0.445476
-0.0274512
-0.0709545
0.284906
0.39025
0.0271674
-0.0702579
0.222735
0.232697
0.0397835
0.0139914
0.104257
0.345299
0.0316465
0.0408539
0.273298
0.216302
0.00362333
-0.0196497
-0.0482366
0.292173
-0.00106362
-0.00576136
0.0548508
0.250329
-0.0058892
0.0146931
-0.1166
0.268516
-0.0240017
0.0103288
0.0689812
0.316766
-0.0246622
0.0684898
0.227114
0.294018
0.00636903
-0.00995062
0.0966606
0.175436
-0.0536162
0.0123822
0.147318
0.328916
-0.00615871
0.0656122
0.271405
