Vec Object: 1 MPI process
  type: seq
0.
0.
0.
-0.0892185
0.
0.
0.
0.230421
0.145696
-0.166736
0.
-0.127345
0.161937
-0.176213
0.
-0.104964
0.20303
0.190531
0.
-0.0459655
0.161282
0.172372
0.
-0.136054
0.373124
0.0247369
0.
0.0733715
0.366471
0.0206416
0.
0.0508855
0.379359
-0.0247939
0.
0.0568439
0.379505
-0.0348098
0.
0.0812984
0.
0.
0.
-0.0770227
0.
0.
0.
-0.193322
0.279881
-0.0504257
0.
-0.0368065
0.325874
0.0726987
0.
-0.0441069
0.287089
-0.0487404
0.
-0.010751
0.32868
0.106422
0.
-0.0274897
0.311022
0.0583592
0.
0.00405568
0.327371
-0.0910899
0.
-0.035023
0.280198
0.0510651
0.
-0.0496276
0.323832
-0.0530346
0.
-0.0568649
0.
0.
0.
-0.0134561
0.
0.
0.
-0.0941491
0.
0.
0.
0.217284
0.
0.
0.
0.0154581
0.
0.
0.
-0.15223
0.
0.
0.
0.00793404
0.
0.
0.
0.127768
0.
0.
0.
0.362369
0.
0.
0.
0.336338
0.
0.
0.
0.223382
0.
0.
0.
0.0924622
0.
0.
0.
0.106708
0.
0.
0.
0.192945
0.
0.
0.
-0.0102419
0.
0.
0.
0.512493
0.
0.
0.
0.432901
0.
0.
0.
0.284414
0.
0.
0.
-0.0260366
1.
0.
0.
0.0829709
0.400962
-0.00827814
-0.00162003
0.0617776
0.37868
0.
2.49213e-05
-0.00947234
0.283587
0.
0.00178809
-0.086167
0.380343
0.
0.00628121
0.111204
0.388085
0.
3.41507e-05
-0.0126888
0.285115
0.
0.00520598
-0.0948109
0.371137
0.
-0.00837771
0.150052
0.392842
0.00442226
0.
0.163025
0.38384
0.0204579
0.
-0.00734463
0.272715
0.0244913
0.
-0.0919439
0.361865
-0.00348964
0.
0.165374
0.392531
0.0067433
0.
-0.00419054
0.277876
0.00695303
0.
-0.103287
0.237207
0.000641459
-0.030539
-0.0805094
0.245565
-0.0107018
0.0122147
-0.125813
0.306403
-0.0354963
-0.0136102
0.0452039
0.442242
-0.0373067
-0.0782986
0.263176
0.386382
0.0363999
-0.0774824
0.206608
0.246549
0.0396814
0.0163083
0.104103
0.346597
0.0405371
0.0443708
0.253183
0.2215
0.0025305
-0.0208913
-0.0315152
0.305248
-0.000924016
-0.00809953
0.0575709
0.251956
-0.00378901
0.0166483
-0.0891365
0.278048
-0.0232844
0.0114005
0.0725751
0.315607
-0.0330048
0.075303
0.212782
0.304189
0.00531008
-0.0111983
0.0969149
0.194007
-0.0567227
0.015382
0.123014
0.330057
-0.00239607
0.073336
0.249946
