Vec Object: 1 MPI process
  type: seq
0.
0.
0.
-0.120034
0.
0.
0.
0.115685
0.152507
-0.168256
0.
-0.114686
0.166686
-0.17765
0.
-0.0967306
0.193622
0.199287
0.
-0.07018
0.167419
0.170603
0.
-0.118213
0.383577
0.014001
0.
0.0183167
0.373617
0.0119583
0.
0.0089499
0.387977
-0.0188951
0.
0.0081032
0.390648
-0.023925
0.
0.0269445
0.
0.
0.
-0.0539037
0.
0.
0.
-0.135909
0.294651
-0.0524525
0.
-0.017034
0.32328
0.0837997
0.
-0.00442177
0.300598
-0.0487013
0.
0.00351642
0.325901
0.116369
0.
0.0151882
0.325408
0.0626125
0.
0.0161745
0.325116
-0.103045
0.
0.00869863
0.295994
0.0462923
0.
-0.0296096
0.322199
-0.0611052
0.
-0.0116312
0.
0.
0.
-0.104628
0.
0.
0.
-0.0615098
0.
0.
0.
0.0893438
0.
0.
0.
0.0460376
0.
0.
0.
-0.114349
0.
0.
0.
-0.103216
0.
0.
0.
-0.0623698
0.
0.
0.
0.186465
0.
0.
0.
0.148432
0.
0.
0.
0.0846928
0.
0.
0.
-0.0760318
0.
0.
0.
0.0545767
0.
0.
0.
0.0363626
0.
0.
0.
-0.0121736
0.
0.
0.
0.329117
0.
0.
0.
0.226445
0.
0.
0.
0.118196
0.
0.
0.
-0.00537833
1.
0.
0.
0.0530478
0.40296
-0.0085965
-0.00128816
0.00362388
0.375447
0.
-0.00151407
-0.00335598
0.278559
0.
0.000231759
-0.0324947
0.347644
0.
0.0112804
0.0781222
0.380606
0.
0.0019878
-0.0118006
0.281026
0.
0.00844801
-0.0386932
0.34934
0.
-0.00810336
0.104342
0.357445
0.0106073
0.
0.112877
0.378762
0.0208275
0.
-0.00115802
0.266484
0.0251495
0.
-0.0380084
0.331128
-0.00344746
0.
0.10455
0.384268
0.0101672
0.
-0.00385914
0.272945
0.0109764
0.
-0.0449208
0.242357
0.0102534
-0.0442253
-0.0331567
0.247841
-0.0183776
0.0192587
-0.0605726
0.338681
-0.033062
-0.0318557
0.0344042
0.428529
-0.0831368
-0.111035
0.192125
0.367461
0.0794362
-0.111033
0.14553
0.301431
0.0246849
0.0249215
0.0715637
0.350036
0.0799573
0.0642294
0.17251
0.245092
-0.00690963
-0.0256226
-0.0114576
0.357894
0.000428126
-0.0229087
0.0372481
0.257098
0.010346
0.0249497
-0.0351865
0.320109
-0.0143243
0.0208125
0.0461499
0.310013
-0.0704133
0.10537
0.151503
0.349062
-0.000556574
-0.0129928
0.0647777
0.267341
-0.0528615
0.0350205
0.00597346
0.332999
0.0154866
0.107467
0.163442
