Vec Object: 1 MPI process
  type: seq
0.
0.
0.
-0.11634
0.
0.
0.
0.0467414
0.16063
-0.167306
0.
-0.083719
0.171282
-0.177763
0.
-0.0752728
0.190312
0.203022
0.
-0.0617165
0.174904
0.167
0.
-0.0827825
0.386942
0.0103246
0.
0.00573197
0.37505
0.00969748
0.
0.00537224
0.389546
-0.0197433
0.
0.0064691
0.395066
-0.0195107
0.
0.0126462
0.
0.
0.
-0.0379949
0.
0.
0.
-0.0934878
0.3074
-0.0557612
0.
-0.0176815
0.320911
0.0876331
0.
0.00329845
0.312494
-0.0509455
0.
-0.00686105
0.323821
0.115829
0.
0.0209629
0.338304
0.0694095
0.
0.00430072
0.323494
-0.104642
0.
0.015899
0.308542
0.0425161
0.
-0.0228232
0.32073
-0.0629264
0.
-0.00225002
0.
0.
0.
-0.135344
0.
0.
0.
-0.0237008
0.
0.
0.
0.0142762
0.
0.
0.
0.0936682
0.
0.
0.
-0.0776273
0.
0.
0.
-0.1508
0.
0.
0.
-0.176599
0.
0.
0.
0.068634
0.
0.
0.
0.0209391
0.
0.
0.
-0.000536679
0.
0.
0.
-0.15543
0.
0.
0.
0.0302936
0.
0.
0.
-0.0582629
0.
0.
0.
-0.00796716
0.
0.
0.
0.192763
0.
0.
0.
0.0804132
0.
0.
0.
0.0226974
0.
0.
0.
0.00357803
1.
0.
0.
0.0474511
0.399753
-0.00844383
-0.000731424
-0.00367526
0.377363
0.
-0.00294888
-0.00295007
0.272948
0.
-0.00159575
-0.0176185
0.316523
0.
0.0165521
0.0563667
0.378863
0.
0.00390643
-0.0101716
0.27545
0.
0.0119975
-0.019453
0.325457
0.
-0.00684946
0.0716035
0.321522
0.016663
0.
0.0734713
0.379714
0.0194845
0.
-0.000665273
0.25999
0.0229402
0.
-0.0222047
0.299098
-0.00039627
0.
0.0665531
0.38322
0.0134626
0.
-0.00266877
0.267548
0.0151241
0.
-0.0240085
0.246093
0.0185562
-0.0527774
-0.0146512
0.248462
-0.0238411
0.023174
-0.0312893
0.359785
-0.0272338
-0.0560078
0.0145115
0.424384
-0.1239
-0.138682
0.141876
0.356899
0.117484
-0.141403
0.0993283
0.333572
-0.00619276
0.0278816
0.040849
0.355827
0.109987
0.0870093
0.11547
0.266753
-0.0137793
-0.0285861
-0.0088431
0.39266
0.0015284
-0.0400337
0.0166189
0.258088
0.0198468
0.0303891
-0.0110233
0.356645
-0.000829523
0.0362645
0.0191545
0.311746
-0.102453
0.129275
0.108038
0.386613
-0.00635319
-0.00936665
0.0326073
0.309021
-0.0194177
0.0592277
-0.060824
0.339216
0.0315503
0.133524
0.104615
