Vec Object: 1 MPI process
  type: seq
0.
0.
0.
-0.058828
0.
0.
0.
0.331941
0.157754
-0.151014
0.
0.0336163
0.17397
-0.160919
0.
0.0550858
0.22693
0.168348
0.
0.146086
0.174085
0.158534
0.
0.0251297
0.35348
0.04404
0.
0.146869
0.351839
0.0375556
0.
0.105459
0.358684
-0.0428808
0.
0.143454
0.360012
-0.0536692
0.
0.152017
0.
0.
0.
-0.129063
0.
0.
0.
-0.274532
0.267275
-0.0657582
0.
-0.141091
0.328813
0.0535336
0.
-0.16875
0.27553
-0.0687033
0.
-0.122246
0.33233
0.0831812
0.
-0.162433
0.298989
0.07148
0.
-0.0873867
0.330412
-0.0667246
0.
-0.168279
0.265932
0.0681639
0.
-0.129843
0.324981
-0.038085
0.
-0.188507
0.
0.
0.
0.0786825
0.
0.
0.
-0.135875
0.
0.
0.
0.332828
0.
0.
0.
-0.00266779
0.
0.
0.
-0.201719
0.
0.
0.
0.118115
0.
0.
0.
0.310878
0.
0.
0.
0.532017
0.
0.
0.
0.507527
0.
0.
0.
0.34541
0.
0.
0.
0.260336
0.
0.
0.
0.142594
0.
0.
0.
0.330444
0.
0.
0.
-0.0288931
0.
0.
0.
0.712746
0.
0.
0.
0.633538
0.
0.
0.
0.457832
0.
0.
0.
-0.0856013
1.
0.
0.
0.293377
0.391446
-0.00666773
-0.00116249
0.153461
0.38881
0.
0.00122275
-0.0633349
0.287384
0.
0.00247058
-0.239849
0.390112
0.
0.003164
0.204165
0.403876
0.
-0.000693162
-0.048545
0.287539
0.
0.00357197
-0.244258
0.372293
0.
-0.0075482
0.256693
0.40288
0.00134193
0.
0.268064
0.39673
0.0176552
0.
-0.0603923
0.277293
0.0204544
0.
-0.240534
0.368694
-0.000597059
0.
0.289267
0.411346
0.00545775
0.
-0.039602
0.281186
0.00605677
0.
-0.254384
0.23171
-0.0033903
-0.0198372
-0.205377
0.242153
-0.00551724
0.00671548
-0.273891
0.275877
-0.0264497
-0.00566483
0.0056536
0.450554
-0.005127
-0.0533165
0.415305
0.395756
0.00670203
-0.0532802
0.320893
0.197068
0.0348476
0.00824596
0.107269
0.338158
0.0114645
0.0335083
0.372993
0.203543
0.00246791
-0.016373
-0.111435
0.258506
-0.000714252
-0.00149656
0.0477789
0.245657
-0.00657319
0.00998677
-0.227897
0.24475
-0.0230575
0.00882895
0.0519133
0.316287
-0.00515733
0.0521422
0.307579
0.268515
0.0085124
-0.00595945
0.101282
0.128183
-0.0420398
0.0070905
0.217756
0.322168
-0.0140333
0.0473281
0.371547
