Vec Object: 1 MPI process
  type: seq
0.
0.
0.
-0.0804947
0.
0.
0.
0.0190738
0.169163
-0.167813
0.
-0.0507985
0.175481
-0.179746
0.
-0.0533715
0.189639
0.207182
0.
-0.0447205
0.182504
0.163773
0.
-0.0420384
0.389602
0.00842622
0.
-0.000419581
0.376466
0.0075418
0.
0.00948226
0.39225
-0.02181
0.
0.00933625
0.399045
-0.0162777
0.
0.00363899
0.
0.
0.
-0.0187433
0.
0.
0.
-0.0563233
0.323994
-0.0578511
0.
-0.0120508
0.316789
0.0899133
0.
0.00303692
0.329099
-0.0504529
0.
-0.0148914
0.321279
0.109859
0.
0.015895
0.356044
0.0754827
0.
-0.00481801
0.321731
-0.101868
0.
0.0125096
0.323045
0.0362188
0.
-0.0104977
0.320349
-0.0620288
0.
-0.00309835
0.
0.
0.
-0.108183
0.
0.
0.
0.0240866
0.
0.
0.
-0.0130855
0.
0.
0.
0.152015
0.
0.
0.
-0.0402037
0.
0.
0.
-0.139436
0.
0.
0.
-0.232145
0.
0.
0.
-0.0106631
0.
0.
0.
-0.0643508
0.
0.
0.
-0.0381826
0.
0.
0.
-0.14655
0.
0.
0.
0.0370116
0.
0.
0.
-0.0955138
0.
0.
0.
0.0123109
0.
0.
0.
0.0673616
0.
0.
0.
-0.0334519
0.
0.
0.
-0.0125138
0.
0.
0.
0.0111049
1.
0.
0.
0.0338902
0.391147
-0.00790228
0.000161465
-0.00121432
0.382476
0.
-0.00463674
-0.00557836
0.265608
0.
-0.00436289
-0.00738344
0.275514
0.
0.0241433
0.0354003
0.376408
0.
0.00569199
-0.00977521
0.266023
0.
0.0169145
-0.00252474
0.290886
0.
-0.00406231
0.0363423
0.270884
0.0242661
0.
0.0338953
0.383879
0.0172572
0.
-0.00321495
0.252393
0.0169391
0.
-0.0112164
0.252329
0.00772441
0.
0.0336771
0.38237
0.0166198
0.
-0.00362915
0.260825
0.0185192
0.
-0.0073724
0.252086
0.0265015
-0.054088
-0.000459083
0.248915
-0.0240244
0.0217608
-0.00486989
0.372029
-0.0209999
-0.0940876
-0.00283843
0.434651
-0.170373
-0.172688
0.0895544
0.362706
0.161216
-0.179713
0.0549079
0.333901
-0.0565645
0.0230275
0.0146456
0.369754
0.135189
0.120178
0.0641874
0.296879
-0.015995
-0.0310731
-0.00745916
0.412168
0.00214296
-0.0584185
-8.38789e-05
0.254059
0.0188066
0.033306
0.0143392
0.403502
0.0218935
0.0659625
-0.000119247
0.330417
-0.138737
0.154388
0.0698216
0.425224
-0.0112361
-0.00051794
0.00764208
0.312225
0.0549247
0.0881893
-0.0806071
0.358526
0.048542
0.155
0.0562129
