Vec Object: 1 MPI process
  type: seq
0.
0.
0.
-0.121905
0.
0.
0.
0.0680224
0.157663
-0.167601
0.
-0.0953245
0.169759
-0.177584
0.
-0.0829795
0.191308
0.201711
0.
-0.0658566
0.172147
0.16833
0.
-0.0962923
0.385921
0.011431
0.
0.00910565
0.374722
0.010317
0.
0.00528798
0.389103
-0.0192105
0.
0.00575494
0.393626
-0.0209463
0.
0.0168279
0.
0.
0.
-0.0447441
0.
0.
0.
-0.109527
0.302529
-0.0547549
0.
-0.0180544
0.321871
0.0865515
0.
0.00182585
0.307893
-0.0503355
0.
-0.00311455
0.324616
0.116685
0.
0.0205556
0.333309
0.0669462
0.
0.00873641
0.324104
-0.104639
0.
0.0149327
0.303876
0.0442009
0.
-0.0260512
0.321256
-0.0626082
0.
-0.00404761
0.
0.
0.
-0.130245
0.
0.
0.
-0.0397271
0.
0.
0.
0.037231
0.
0.
0.
0.0731306
0.
0.
0.
-0.0925328
0.
0.
0.
-0.139447
0.
0.
0.
-0.140381
0.
0.
0.
0.108153
0.
0.
0.
0.0637846
0.
0.
0.
0.0262601
0.
0.
0.
-0.134512
0.
0.
0.
0.0358243
0.
0.
0.
-0.0287701
0.
0.
0.
-0.0114284
0.
0.
0.
0.241419
0.
0.
0.
0.130904
0.
0.
0.
0.0520872
0.
0.
0.
-0.000170997
1.
0.
0.
0.0499183
0.401338
-0.00851391
-0.000951171
-0.00272307
0.376311
0.
-0.00239497
-0.00259213
0.275194
0.
-0.000854223
-0.0220305
0.328395
0.
0.0144549
0.0640092
0.37934
0.
0.00319285
-0.0105001
0.277793
0.
0.0105938
-0.0257121
0.33486
0.
-0.00740834
0.0835702
0.335523
0.014313
0.
0.0879145
0.378998
0.0201091
0.
-0.00032981
0.262546
0.0240338
0.
-0.0269642
0.311637
-0.00188343
0.
0.0797174
0.383352
0.0122381
0.
-0.00279568
0.269674
0.0135759
0.
-0.0307496
0.244643
0.015547
-0.0500921
-0.0211865
0.248294
-0.0220607
0.0220711
-0.041509
0.35269
-0.0295442
-0.0459492
0.021399
0.424797
-0.10846
-0.12827
0.160249
0.359806
0.103089
-0.129745
0.116065
0.32377
0.00730035
0.0274206
0.0514283
0.353095
0.0993332
0.0777712
0.13557
0.258312
-0.0116356
-0.027582
-0.00999268
0.381033
0.00116519
-0.033289
0.0235177
0.258098
0.016993
0.0286108
-0.0200188
0.34273
-0.00651471
0.0295359
0.0280752
0.309997
-0.0904245
0.120536
0.123213
0.372671
-0.00417606
-0.0112697
0.0437035
0.29648
-0.035644
0.0494677
-0.041014
0.336143
0.0255014
0.124261
0.124936
