Vec Object: 1 MPI process
  type: seq
0.
0.
0.
-0.122814
0.
0.
0.
0.0798752
0.156239
-0.167778
0.
-0.100813
0.168966
-0.177564
0.
-0.0867538
0.191866
0.201079
0.
-0.0674737
0.170835
0.168966
0.
-0.102545
0.385368
0.0120419
0.
0.0111109
0.374504
0.0106775
0.
0.00572817
0.388869
-0.019027
0.
0.00580501
0.392885
-0.0216909
0.
0.0191525
0.
0.
0.
-0.0475774
0.
0.
0.
-0.117002
0.300305
-0.0541837
0.
-0.0179049
0.322284
0.0859224
0.
0.000647373
0.305818
-0.0499438
0.
-0.00123798
0.324978
0.11684
0.
0.0197476
0.331058
0.0657475
0.
0.0109055
0.324386
-0.10442
0.
0.0138738
0.301692
0.0448755
0.
-0.02725
0.321516
-0.0623245
0.
-0.00549393
0.
0.
0.
-0.12521
0.
0.
0.
-0.0465001
0.
0.
0.
0.0501267
0.
0.
0.
0.0645505
0.
0.
0.
-0.0990868
0.
0.
0.
-0.131453
0.
0.
0.
-0.120715
0.
0.
0.
0.128546
0.
0.
0.
0.0858673
0.
0.
0.
0.0409444
0.
0.
0.
-0.121016
0.
0.
0.
0.0398984
0.
0.
0.
-0.0124682
0.
0.
0.
-0.0122608
0.
0.
0.
0.265125
0.
0.
0.
0.156246
0.
0.
0.
0.0685072
0.
0.
0.
-0.00176513
1.
0.
0.
0.0508283
0.401921
-0.00854206
-0.00104962
-0.00169206
0.375947
0.
-0.0021431
-0.00261468
0.276187
0.
-0.000532287
-0.0244555
0.333828
0.
0.0135295
0.0677628
0.37961
0.
0.00285491
-0.0107691
0.27878
0.
0.00996912
-0.0289136
0.339044
0.
-0.00763323
0.0892459
0.341806
0.0132522
0.
0.0947913
0.378799
0.0203564
0.
-0.000366038
0.263693
0.024435
0.
-0.0295515
0.31724
-0.00243048
0.
0.0862679
0.383492
0.0116586
0.
-0.0029908
0.270629
0.0128431
0.
-0.0342467
0.244003
0.0140951
-0.0486043
-0.0243669
0.248199
-0.0211012
0.0213907
-0.0465071
0.349027
-0.0305869
-0.0416808
0.024875
0.425483
-0.101326
-0.123451
0.168982
0.361639
0.0964334
-0.124436
0.124114
0.318186
0.01281
0.0269206
0.0567598
0.352068
0.0940974
0.073761
0.145454
0.25453
-0.0104416
-0.0270713
-0.0104441
0.374994
0.000973179
-0.0302532
0.0270846
0.257944
0.0153376
0.0276665
-0.0241797
0.336355
-0.00890024
0.0268019
0.0327563
0.30967
-0.084826
0.116372
0.130738
0.366105
-0.00315167
-0.0119372
0.0493204
0.289263
-0.0416597
0.0451769
-0.0295737
0.335046
0.0226851
0.119717
0.135114
