Vec Object: 1 MPI process
  type: seq
0.
0.
0.
-0.0742517
0.
0.
0.
0.0202707
0.171026
-0.168447
0.
-0.0445073
0.176737
-0.180588
0.
-0.0482536
0.190318
0.208194
0.
-0.040293
0.183795
0.163582
0.
-0.0344329
0.390199
0.0084464
0.
-0.00122488
0.377354
0.00656925
0.
0.0100048
0.393512
-0.0223196
0.
0.00912048
0.399933
-0.0159045
0.
0.00220767
0.
0.
0.
-0.017179
0.
0.
0.
-0.0539945
0.328181
-0.0584181
0.
-0.0108072
0.315456
0.09049
0.
0.00273641
0.33354
-0.04969
0.
-0.0155078
0.320816
0.107981
0.
0.0143436
0.360637
0.0763413
0.
-0.00539025
0.321455
-0.100846
0.
0.0112202
0.326343
0.0348901
0.
-0.00842376
0.320919
-0.0614987
0.
-0.0037614
0.
0.
0.
-0.0976908
0.
0.
0.
0.029426
0.
0.
0.
-0.0107794
0.
0.
0.
0.154781
0.
0.
0.
-0.0388422
0.
0.
0.
-0.130798
0.
0.
0.
-0.232533
0.
0.
0.
-0.017984
0.
0.
0.
-0.0716003
0.
0.
0.
-0.0372159
0.
0.
0.
-0.131772
0.
0.
0.
0.0406837
0.
0.
0.
-0.0924147
0.
0.
0.
0.0169162
0.
0.
0.
0.0474994
0.
0.
0.
-0.0470979
0.
0.
0.
-0.00964047
0.
0.
0.
0.0100337
1.
0.
0.
0.0297366
0.388129
-0.00758858
0.000484336
-0.000413144
0.383862
0.
-0.00494603
-0.00596695
0.264152
0.
-0.00510739
-0.00560614
0.264927
0.
0.0259922
0.031209
0.375105
0.
0.00589144
-0.00928791
0.263427
0.
0.0181548
0.000532582
0.281709
0.
-0.00294955
0.0296023
0.257578
0.0257284
0.
0.0272131
0.385104
0.0168356
0.
-0.0035815
0.25134
0.0146917
0.
-0.00955042
0.239219
0.010538
0.
0.0284023
0.381586
0.017027
0.
-0.00366609
0.259445
0.0185431
0.
-0.00465679
0.253555
0.0280683
-0.052374
0.00056159
0.248667
-0.0219169
0.0200623
-0.00108557
0.371723
-0.0202176
-0.103035
-0.00584574
0.439758
-0.178899
-0.180724
0.0798105
0.369007
0.169551
-0.188091
0.0477094
0.325241
-0.0656198
0.0209116
0.010509
0.374053
0.138406
0.127249
0.0559702
0.304206
-0.0158123
-0.0316459
-0.00817981
0.411986
0.00216994
-0.060265
-0.00302566
0.251732
0.0154205
0.0335679
0.0180166
0.415001
0.0275897
0.0743806
-0.00285274
0.33854
-0.145801
0.159266
0.0634631
0.431364
-0.0113024
0.001372
0.00425782
0.304381
0.0711792
0.0914633
-0.0777905
0.366076
0.0509315
0.157188
0.0491123
