Vec Object: 1 MPI process
  type: seq
0.
0.
0.
-0.0912251
0.
0.
0.
0.0210466
0.166795
-0.167354
0.
-0.0595735
0.174179
-0.178926
0.
-0.0596183
0.18932
0.205945
0.
-0.0501223
0.180571
0.164427
0.
-0.0530467
0.38885
0.00869812
0.
0.000894014
0.375777
0.0083982
0.
0.00828487
0.391077
-0.0211976
0.
0.00895988
0.397921
-0.0169838
0.
0.00576197
0.
0.
0.
-0.0228091
0.
0.
0.
-0.0632071
0.318956
-0.0572649
0.
-0.0139288
0.318215
0.089293
0.
0.00346211
0.323878
-0.0510272
0.
-0.013313
0.321979
0.111978
0.
0.0178345
0.350551
0.0740723
0.
-0.0031796
0.322176
-0.102986
0.
0.0140273
0.318888
0.038036
0.
-0.0138268
0.320098
-0.0625317
0.
-0.00232443
0.
0.
0.
-0.120918
0.
0.
0.
0.0130787
0.
0.
0.
-0.0120718
0.
0.
0.
0.140232
0.
0.
0.
-0.0470348
0.
0.
0.
-0.148652
0.
0.
0.
-0.225408
0.
0.
0.
0.00447462
0.
0.
0.
-0.0484162
0.
0.
0.
-0.034751
0.
0.
0.
-0.160069
0.
0.
0.
0.032422
0.
0.
0.
-0.0937461
0.
0.
0.
0.00590957
0.
0.
0.
0.0980287
0.
0.
0.
-0.00892925
0.
0.
0.
-0.0112334
0.
0.
0.
0.0106028
1.
0.
0.
0.0386887
0.394322
-0.00815842
-0.000157727
-0.0022899
0.38079
0.
-0.00418697
-0.00484037
0.267653
0.
-0.00349505
-0.00995359
0.28816
0.
0.0218189
0.0410174
0.377504
0.
0.00529754
-0.0100336
0.269078
0.
0.0154183
-0.0070128
0.301774
0.
-0.00511708
0.0458916
0.286749
0.022151
0.
0.0439331
0.382445
0.0178702
0.
-0.0025032
0.254286
0.0191872
0.
-0.0138675
0.267374
0.00474449
0.
0.0416612
0.382915
0.015891
0.
-0.00335026
0.262693
0.0179622
0.
-0.0115021
0.250133
0.0244712
-0.0551251
-0.00304951
0.248863
-0.0252619
0.0231232
-0.011179
0.370507
-0.0224218
-0.0824772
0.00157499
0.429676
-0.157904
-0.162622
0.103388
0.35786
0.149329
-0.168627
0.0659238
0.339878
-0.0423027
0.0253764
0.0210958
0.364867
0.129597
0.110398
0.0767376
0.287659
-0.0160489
-0.0304155
-0.00707707
0.409782
0.00204919
-0.0543286
0.00414339
0.256054
0.0211762
0.032869
0.00815339
0.38938
0.0147126
0.05604
0.00425525
0.322462
-0.128828
0.14762
0.0792208
0.415544
-0.0104058
-0.00324652
0.0132011
0.317821
0.0316805
0.0813207
-0.0810458
0.350967
0.0443361
0.150483
0.0674576
