Vec Object: 1 MPI process
  type: seq
0.
0.
0.
-0.0800567
0.
0.
0.
0.0190848
0.169273
-0.167844
0.
-0.0504102
0.175549
-0.17979
0.
-0.0530753
0.189668
0.20724
0.
-0.0444624
0.182586
0.163752
0.
-0.0415585
0.389638
0.00842099
0.
-0.00047292
0.376508
0.00749271
0.
0.00952581
0.392316
-0.0218391
0.
0.00933711
0.399098
-0.0162508
0.
0.00354861
0.
0.
0.
-0.0186078
0.
0.
0.
-0.0561091
0.324235
-0.0578814
0.
-0.0119695
0.316716
0.0899444
0.
0.00301701
0.329352
-0.0504159
0.
-0.0149445
0.321249
0.109753
0.
0.0158031
0.356308
0.0755397
0.
-0.00486991
0.321712
-0.101811
0.
0.0124349
0.323238
0.0361374
0.
-0.0103596
0.320372
-0.0620009
0.
-0.0031373
0.
0.
0.
-0.107558
0.
0.
0.
0.0244913
0.
0.
0.
-0.0130158
0.
0.
0.
0.152358
0.
0.
0.
-0.0400177
0.
0.
0.
-0.138944
0.
0.
0.
-0.232284
0.
0.
0.
-0.0112061
0.
0.
0.
-0.0649076
0.
0.
0.
-0.0382075
0.
0.
0.
-0.145757
0.
0.
0.
0.0372386
0.
0.
0.
-0.0954313
0.
0.
0.
0.0125977
0.
0.
0.
0.0660766
0.
0.
0.
-0.0344001
0.
0.
0.
-0.0124254
0.
0.
0.
0.0110782
1.
0.
0.
0.0336526
0.390982
-0.00788689
0.00017851
-0.00116464
0.382557
0.
-0.00465622
-0.00560707
0.265517
0.
-0.00440505
-0.00727175
0.274905
0.
0.0242526
0.0351472
0.376344
0.
0.00570674
-0.00975464
0.265875
0.
0.0169859
-0.00232988
0.29036
0.
-0.00400477
0.0359219
0.270119
0.0243586
0.
0.0334682
0.383949
0.0172307
0.
-0.00324242
0.252318
0.0168198
0.
-0.0111064
0.251588
0.00787829
0.
0.0333403
0.382333
0.0166483
0.
-0.00363696
0.260741
0.0185318
0.
-0.00719734
0.252177
0.026593
-0.0540081
-0.000374667
0.24891
-0.0239301
0.0216759
-0.00461492
0.37205
-0.0209451
-0.0946252
-0.00302931
0.434924
-0.170914
-0.173161
0.0889482
0.363014
0.161738
-0.180219
0.0544443
0.333485
-0.0571685
0.0229061
0.0143747
0.369997
0.135409
0.120618
0.0636593
0.297313
-0.0159845
-0.0311047
-0.00749397
0.412207
0.00214575
-0.0585651
-0.000268541
0.253942
0.0186452
0.0333217
0.0145884
0.404172
0.0222321
0.066447
-0.000299342
0.330848
-0.139176
0.154688
0.0694202
0.425628
-0.0112561
-0.000397046
0.00741791
0.311838
0.055962
0.0884433
-0.0804916
0.35893
0.0487104
0.155165
0.0557503
