Vec Object: 1 MPI process
  type: seq
0.
0.
0.
-0.0895416
0.
0.
0.
0.0204738
0.167146
-0.167401
0.
-0.0582379
0.174357
-0.179032
0.
-0.0587102
0.189334
0.206124
0.
-0.0493487
0.180873
0.164309
0.
-0.0513608
0.38896
0.00864091
0.
0.000681164
0.375855
0.00829297
0.
0.00848388
0.391223
-0.0212867
0.
0.00905402
0.398086
-0.016866
0.
0.00542837
0.
0.
0.
-0.0220875
0.
0.
0.
-0.0619357
0.319681
-0.0573454
0.
-0.0136446
0.318021
0.0893807
0.
0.00340411
0.32462
-0.0509681
0.
-0.0135928
0.321871
0.111684
0.
0.0175578
0.351337
0.0743006
0.
-0.00348012
0.322105
-0.102835
0.
0.0138182
0.3195
0.0377627
0.
-0.0133025
0.320108
-0.0624693
0.
-0.00242645
0.
0.
0.
-0.119184
0.
0.
0.
0.0149403
0.
0.
0.
-0.0125438
0.
0.
0.
0.142417
0.
0.
0.
-0.0457234
0.
0.
0.
-0.147508
0.
0.
0.
-0.22686
0.
0.
0.
0.0018358
0.
0.
0.
-0.0512292
0.
0.
0.
-0.0356189
0.
0.
0.
-0.158559
0.
0.
0.
0.0330289
0.
0.
0.
-0.0944498
0.
0.
0.
0.00686377
0.
0.
0.
0.0931819
0.
0.
0.
-0.0130116
0.
0.
0.
-0.0118352
0.
0.
0.
0.0107981
1.
0.
0.
0.0380242
0.393897
-0.00812858
-0.000115697
-0.00213534
0.38103
0.
-0.00425632
-0.0049598
0.267343
0.
-0.00361855
-0.00955732
0.286352
0.
0.0221559
0.0401708
0.377374
0.
0.00536391
-0.0100137
0.268647
0.
0.0156339
-0.00632438
0.300225
0.
-0.00498071
0.0444372
0.284488
0.0224732
0.
0.0423646
0.382646
0.0177758
0.
-0.00261884
0.25398
0.0188907
0.
-0.0134474
0.26526
0.00514516
0.
0.0404022
0.382859
0.0160107
0.
-0.00340086
0.262412
0.0180748
0.
-0.0108557
0.250415
0.0247805
-0.0550537
-0.00257693
0.248883
-0.0251667
0.0229776
-0.0101618
0.370852
-0.0221855
-0.0841766
0.000893558
0.430299
-0.15982
-0.164088
0.101269
0.358373
0.151141
-0.170271
0.0641886
0.339351
-0.0445053
0.0250701
0.0200816
0.365542
0.130519
0.111856
0.074758
0.288995
-0.0160688
-0.0305117
-0.0070857
0.410315
0.00206704
-0.0550283
0.00349402
0.255816
0.020954
0.0329491
0.00915101
0.391421
0.015748
0.057434
0.00355454
0.323478
-0.130331
0.148646
0.0777497
0.417074
-0.0105704
-0.00283821
0.0122967
0.317339
0.035136
0.0824712
-0.0812518
0.351954
0.0450123
0.151255
0.0656533
