Vec Object: 1 MPI process
  type: seq
0.
0.
0.
-0.0534683
0.
0.
0.
0.341407
0.159344
-0.149432
0.
0.057482
0.175556
-0.159304
0.
0.0788742
0.228856
0.166555
0.
0.170643
0.175736
0.156948
0.
0.0491517
0.352734
0.0447178
0.
0.140527
0.351332
0.0381294
0.
0.0983359
0.357837
-0.0435774
0.
0.13804
0.359279
-0.0543129
0.
0.145527
0.
0.
0.
-0.128787
0.
0.
0.
-0.276014
0.266671
-0.0668328
0.
-0.14562
0.328949
0.0523152
0.
-0.182167
0.274978
-0.0700334
0.
-0.127393
0.332505
0.0816131
0.
-0.176609
0.298418
0.0724144
0.
-0.0912214
0.330558
-0.065125
0.
-0.182273
0.26525
0.0692031
0.
-0.13246
0.325048
-0.0371202
0.
-0.202271
0.
0.
0.
0.0873269
0.
0.
0.
-0.134539
0.
0.
0.
0.343014
0.
0.
0.
0.00067245
0.
0.
0.
-0.201007
0.
0.
0.
0.127678
0.
0.
0.
0.324525
0.
0.
0.
0.545805
0.
0.
0.
0.520748
0.
0.
0.
0.355694
0.
0.
0.
0.272756
0.
0.
0.
0.148186
0.
0.
0.
0.341257
0.
0.
0.
-0.0262919
0.
0.
0.
0.730102
0.
0.
0.
0.649229
0.
0.
0.
0.472262
0.
0.
0.
-0.08589
1.
0.
0.
0.320013
0.391095
-0.00656118
-0.00112626
0.148053
0.389319
0.
0.00127066
-0.0746177
0.287521
0.
0.00248642
-0.252685
0.389682
0.
0.00304817
0.218942
0.404635
0.
-0.000701932
-0.0589102
0.287601
0.
0.00352486
-0.256325
0.371575
0.
-0.00750128
0.271795
0.402418
0.00127353
0.
0.28299
0.39735
0.0174388
0.
-0.0716313
0.277454
0.0201681
0.
-0.252935
0.368136
-0.000436794
0.
0.305059
0.412237
0.00544533
0.
-0.0500069
0.281287
0.0060832
0.
-0.266626
0.231403
-0.00344803
-0.0194363
-0.211665
0.241936
-0.00532166
0.00651427
-0.283712
0.274522
-0.0258141
-0.00542888
0.00710609
0.450597
-0.00407696
-0.0523409
0.434127
0.395753
0.00578766
-0.0523562
0.335955
0.194994
0.0343513
0.00793462
0.111398
0.337434
0.0105171
0.0331354
0.387322
0.202798
0.00225773
-0.0161744
-0.113477
0.256545
-0.000650528
-0.00130476
0.0509214
0.245318
-0.00642383
0.00972817
-0.235495
0.243389
-0.0228859
0.00877865
0.0540744
0.315982
-0.00422438
0.0512375
0.320531
0.267022
0.00861062
-0.00571357
0.1059
0.125464
-0.0412266
0.00687625
0.226308
0.321464
-0.0142898
0.0463384
0.385545
