Vec Object: 1 MPI process
  type: seq
0.
0.
0.
0.53635
0.
0.
0.
1.10887
0.250951
-0.0644374
0.
1.82654
0.267921
-0.0705501
0.
1.83873
0.316945
0.0841122
0.
1.89372
0.268959
0.0680528
0.
1.80894
0.375977
0.0155613
0.
-1.05753
0.375918
0.00874726
0.
-1.08928
0.380277
-0.0145732
0.
-1.05085
0.382229
-0.0234352
0.
-1.05637
0.
0.
0.
0.267162
0.
0.
0.
0.0339331
0.249274
-0.0759121
0.
0.0390169
0.329925
0.00791001
0.
-1.06285
0.259141
-0.080147
0.
0.0499698
0.333836
0.0222796
0.
-1.08811
0.282319
0.0793936
0.
0.0857834
0.331615
-0.00562911
0.
-1.08695
0.246805
0.0752569
0.
0.119669
0.328527
-0.00131438
0.
-1.09199
0.
0.
0.
0.79184
0.
0.
0.
0.315608
0.
0.
0.
1.13464
0.
0.
0.
0.543269
0.
0.
0.
0.207564
0.
0.
0.
0.858653
0.
0.
0.
1.20877
0.
0.
0.
1.49264
0.
0.
0.
1.41577
0.
0.
0.
1.1343
0.
0.
0.
1.08569
0.
0.
0.
0.761704
0.
0.
0.
1.12069
0.
0.
0.
0.483233
0.
0.
0.
1.89061
0.
0.
0.
1.67138
0.
0.
0.
1.46482
0.
0.
0.
0.297808
1.
0.
0.
2.15755
0.409193
-0.00407337
-0.000469957
-1.05325
0.390369
0.
0.00186616
-1.12181
0.28541
0.
0.00268184
-0.865931
0.344252
0.
0.00119623
1.4766
0.405043
0.
-0.000670333
-1.10817
0.283399
0.
0.00319223
-0.808542
0.32492
0.
-0.00661771
1.49336
0.355122
0.000698902
0.
1.49647
0.396597
0.00785564
0.
-1.12039
0.275905
0.00912587
0.
-0.85299
0.320481
0.00103069
0.
1.53428
0.409915
0.00570262
0.
-1.10575
0.278082
0.00710276
0.
-0.832117
0.218836
-0.00499233
-0.0124948
-0.166038
0.23152
-0.000234444
0.00343804
-0.574228
0.24859
-0.0179045
-0.00171876
0.539045
0.438668
-0.00414051
-0.0356589
1.83986
0.379638
0.00987201
-0.0368631
1.5272
0.158778
0.0224971
0.00390547
0.711189
0.307439
0.00986138
0.0264571
1.5113
0.186714
0.00369413
-0.011863
0.203375
0.222817
0.00202686
0.00241736
0.597481
0.232023
-0.00740411
0.00551317
-0.268569
0.220266
-0.0191194
0.00804994
0.575825
0.295879
-0.00585369
0.0355732
1.41357
0.238085
0.00935177
-0.00251843
0.749383
0.0785543
-0.020514
0.00487936
0.946189
0.291612
-0.00068881
0.03061
1.47482
