Vec Object: 1 MPI process
  type: seq
0.
0.
0.
-0.0818961
0.
0.
0.
0.0190931
0.168824
-0.167726
0.
-0.0520133
0.175278
-0.179613
0.
-0.0542846
0.189559
0.207001
0.
-0.0455164
0.182245
0.163843
0.
-0.0435457
0.389493
0.00844701
0.
-0.00024994
0.37634
0.00768793
0.
0.00933886
0.392053
-0.0217205
0.
0.00932344
0.398883
-0.0163647
0.
0.00392361
0.
0.
0.
-0.0191958
0.
0.
0.
-0.0570484
0.323252
-0.0577594
0.
-0.0123075
0.317011
0.0898188
0.
0.00309935
0.32832
-0.0505615
0.
-0.0147147
0.321374
0.110182
0.
0.0161795
0.355232
0.0753011
0.
-0.00464305
0.321789
-0.102042
0.
0.0127393
0.322447
0.0364729
0.
-0.0109366
0.320284
-0.0621126
0.
-0.00297857
0.
0.
0.
-0.110113
0.
0.
0.
0.0227665
0.
0.
0.
-0.0132409
0.
0.
0.
0.15082
0.
0.
0.
-0.0408598
0.
0.
0.
-0.140935
0.
0.
0.
-0.231621
0.
0.
0.
-0.00889086
0.
0.
0.
-0.0625224
0.
0.
0.
-0.0380336
0.
0.
0.
-0.148925
0.
0.
0.
0.0363093
0.
0.
0.
-0.0956814
0.
0.
0.
0.0114136
0.
0.
0.
0.0714258
0.
0.
0.
-0.0304036
0.
0.
0.
-0.012712
0.
0.
0.
0.0111583
1.
0.
0.
0.0346188
0.391647
-0.00794774
0.000110089
-0.00136925
0.382227
0.
-0.00457552
-0.00548555
0.265891
0.
-0.0042335
-0.00773417
0.277387
0.
0.0238052
0.0361887
0.3766
0.
0.0056441
-0.00983325
0.266481
0.
0.0166945
-0.00313762
0.292505
0.
-0.00423498
0.0376599
0.273239
0.0239754
0.
0.0352422
0.383663
0.0173407
0.
-0.00312597
0.252634
0.0172994
0.
-0.0115654
0.254597
0.00725693
0.
0.0347404
0.382476
0.0165283
0.
-0.00360129
0.261087
0.0184719
0.
-0.00792515
0.251803
0.0262174
-0.0543176
-0.000740764
0.248924
-0.0242941
0.0220116
-0.00568304
0.371935
-0.0211762
-0.0924184
-0.00223814
0.433829
-0.168672
-0.171226
0.0914549
0.361803
0.159579
-0.178137
0.0563731
0.335112
-0.0546505
0.0233986
0.0155031
0.369008
0.134485
0.118803
0.0658558
0.295538
-0.016025
-0.0309763
-0.00735983
0.412006
0.00213344
-0.0579371
0.000495481
0.254405
0.0192766
0.0332557
0.0135436
0.401435
0.0208456
0.0644739
0.000452324
0.329115
-0.137364
0.153447
0.0710854
0.423946
-0.0111625
-0.000897543
0.00835586
0.313356
0.051671
0.0873601
-0.0809171
0.357308
0.0480025
0.154462
0.0576803
