Vec Object: 1 MPI process
  type: seq
0.
0.
0.
0.285304
0.
0.
0.
0.794414
0.216561
-0.0959794
0.
1.12177
0.233169
-0.103624
0.
1.13809
0.285583
0.11351
0.
1.21334
0.234164
0.101276
0.
1.10983
0.361289
0.0326721
0.
-0.528304
0.361799
0.0254519
0.
-0.568876
0.365384
-0.0318242
0.
-0.520857
0.367755
-0.0411868
0.
-0.526042
0.
0.
0.
0.0819363
0.
0.
0.
-0.11943
0.254568
-0.0776282
0.
-0.0726079
0.330148
0.0226443
0.
-0.718741
0.26395
-0.0827448
0.
-0.0618106
0.334096
0.042196
0.
-0.733418
0.287162
0.0813177
0.
-0.0183542
0.331858
-0.0254991
0.
-0.734448
0.25222
0.0780721
0.
-0.013543
0.327218
-0.0132777
0.
-0.745293
0.
0.
0.
0.502773
0.
0.
0.
0.110463
0.
0.
0.
0.812259
0.
0.
0.
0.305159
0.
0.
0.
0.0189063
0.
0.
0.
0.561643
0.
0.
0.
0.859773
0.
0.
0.
1.11555
0.
0.
0.
1.05973
0.
0.
0.
0.818376
0.
0.
0.
0.763888
0.
0.
0.
0.500474
0.
0.
0.
0.806712
0.
0.
0.
0.256272
0.
0.
0.
1.43229
0.
0.
0.
1.26844
0.
0.
0.
1.06964
0.
0.
0.
0.115283
1.
0.
0.
1.43471
0.398852
-0.00468306
-0.00058053
-0.517611
0.392475
0.
0.00181014
-0.688574
0.287082
0.
0.0026433
-0.644706
0.362492
0.
0.00153951
0.962397
0.408705
0.
-0.000692138
-0.669182
0.285682
0.
0.00315323
-0.611897
0.34249
0.
-0.00680517
0.997751
0.374036
0.000756003
0.
1.00376
0.400102
0.0112506
0.
-0.686161
0.277399
0.0128558
0.
-0.635557
0.33918
0.00116579
0.
1.03819
0.415541
0.00558964
0.
-0.663938
0.280071
0.00685353
0.
-0.630147
0.223269
-0.00431848
-0.0139829
-0.220889
0.235363
-0.00176994
0.00399556
-0.488837
0.254344
-0.0181424
-0.00247704
0.295186
0.444006
0.000495523
-0.0390699
1.27702
0.386623
0.00402946
-0.0399763
1.04541
0.166134
0.025356
0.00438846
0.449381
0.317645
0.00604965
0.0279662
1.05644
0.190837
0.00156877
-0.0129628
0.0428335
0.229512
0.00115182
0.00144382
0.355655
0.236671
-0.00567873
0.00632082
-0.29319
0.224816
-0.0198247
0.00821309
0.340188
0.303421
-0.000919385
0.0388278
0.966249
0.244724
0.0094226
-0.00284636
0.469772
0.0880195
-0.0263419
0.00498107
0.648968
0.30184
-0.0080934
0.0335442
1.03429
