Vec Object: 1 MPI process
  type: seq
0.
0.
0.
-0.115855
0.
0.
0.
0.0456388
0.160806
-0.167293
0.
-0.0830269
0.171367
-0.17778
0.
-0.0748228
0.190261
0.203101
0.
-0.061441
0.175068
0.166922
0.
-0.0819611
0.386998
0.0102653
0.
0.00555898
0.375066
0.00966432
0.
0.00541341
0.389574
-0.0197797
0.
0.00653479
0.395149
-0.0194298
0.
0.0124202
0.
0.
0.
-0.0375637
0.
0.
0.
-0.0925296
0.307701
-0.0558132
0.
-0.017627
0.320849
0.0876891
0.
0.00334999
0.312782
-0.0509718
0.
-0.00707318
0.323772
0.115757
0.
0.0209394
0.338616
0.069553
0.
0.00404751
0.323457
-0.104624
0.
0.0159101
0.308824
0.0424045
0.
-0.0226014
0.320701
-0.0629343
0.
-0.00218889
0.
0.
0.
-0.135405
0.
0.
0.
-0.0226791
0.
0.
0.
0.013098
0.
0.
0.
0.0949836
0.
0.
0.
-0.0767038
0.
0.
0.
-0.151232
0.
0.
0.
-0.178524
0.
0.
0.
0.0664323
0.
0.
0.
0.0185509
0.
0.
0.
-0.00194621
0.
0.
0.
-0.156332
0.
0.
0.
0.0300984
0.
0.
0.
-0.0597988
0.
0.
0.
-0.00768788
0.
0.
0.
0.189914
0.
0.
0.
0.0775319
0.
0.
0.
0.0211828
0.
0.
0.
0.00381251
1.
0.
0.
0.047274
0.399642
-0.00843904
-0.000717678
-0.00368953
0.377438
0.
-0.00298295
-0.00298661
0.272807
0.
-0.00164299
-0.0173771
0.31579
0.
0.0166845
0.0559194
0.378835
0.
0.00394879
-0.0101611
0.275297
0.
0.0120854
-0.019092
0.324865
0.
-0.00681209
0.0708848
0.320646
0.0168088
0.
0.0726114
0.379769
0.0194433
0.
-0.000700594
0.259832
0.0228634
0.
-0.0219423
0.29831
-0.000291404
0.
0.0657922
0.383217
0.0135355
0.
-0.00267296
0.267416
0.0152157
0.
-0.0236262
0.246186
0.0187332
-0.0529144
-0.0142705
0.248472
-0.0239336
0.0232228
-0.0306887
0.360179
-0.0270926
-0.0566577
0.0141182
0.424409
-0.12484
-0.139319
0.140778
0.356775
0.118361
-0.142123
0.0983394
0.334056
-0.00708155
0.0278804
0.0402438
0.356017
0.110604
0.087598
0.1143
0.267282
-0.013889
-0.0286431
-0.00876969
0.3933
0.00154805
-0.0404483
0.0162312
0.258071
0.0199844
0.030485
-0.0104752
0.357502
-0.000458811
0.036713
0.0186619
0.311903
-0.103183
0.129797
0.10716
0.387449
-0.00648246
-0.00923132
0.0319791
0.309636
-0.0182861
0.0598391
-0.0618129
0.339438
0.0319159
0.134061
0.10345
