Vec Object: 1 MPI process
  type: seq
0.
0.
0.
-0.120843
0.
0.
0.
0.110354
0.153018
-0.168195
0.
-0.112849
0.167015
-0.177631
0.
-0.0953728
0.193349
0.199553
0.
-0.0699771
0.167886
0.170382
0.
-0.116134
0.383862
0.0136922
0.
0.0171017
0.373774
0.0117446
0.
0.00828452
0.388136
-0.0188742
0.
0.00753407
0.39099
-0.0235849
0.
0.0256725
0.
0.
0.
-0.0531044
0.
0.
0.
-0.133344
0.295422
-0.0527057
0.
-0.0171494
0.323147
0.0841408
0.
-0.00351792
0.301307
-0.0488837
0.
0.00291575
0.325774
0.116517
0.
0.0160641
0.326173
0.0630381
0.
0.0155277
0.325015
-0.103312
0.
0.00965607
0.296783
0.0461217
0.
-0.0293211
0.322105
-0.0613192
0.
-0.0105472
0.
0.
0.
-0.108076
0.
0.
0.
-0.0596589
0.
0.
0.
0.083486
0.
0.
0.
0.0482592
0.
0.
0.
-0.112397
0.
0.
0.
-0.107713
0.
0.
0.
-0.0709938
0.
0.
0.
0.17809
0.
0.
0.
0.1394
0.
0.
0.
0.078223
0.
0.
0.
-0.0830264
0.
0.
0.
0.0522314
0.
0.
0.
0.0291239
0.
0.
0.
-0.0123579
0.
0.
0.
0.320099
0.
0.
0.
0.216423
0.
0.
0.
0.110787
0.
0.
0.
-0.00490824
1.
0.
0.
0.0527064
0.40286
-0.00859127
-0.00125716
0.00260496
0.375474
0.
-0.00159867
-0.00319211
0.27825
0.
0.000132421
-0.0311912
0.345764
0.
0.0115778
0.0766368
0.380436
0.
0.00210545
-0.0116354
0.280743
0.
0.00864873
-0.0371738
0.347969
0.
-0.00804889
0.102222
0.355345
0.0109629
0.
0.110367
0.378722
0.0207789
0.
-0.00098582
0.266115
0.0250795
0.
-0.0366482
0.329268
-0.00334049
0.
0.101911
0.384116
0.0103701
0.
-0.00371535
0.272641
0.0112282
0.
-0.0432714
0.242587
0.0107862
-0.0448664
-0.03187
0.247903
-0.0187676
0.0195789
-0.0585008
0.340172
-0.032747
-0.0331056
0.0330757
0.428011
-0.0856143
-0.112742
0.188884
0.366581
0.0817545
-0.112851
0.142537
0.303907
0.0232548
0.0252506
0.0694615
0.350268
0.0819453
0.0654708
0.168662
0.246366
-0.00742591
-0.0258329
-0.0113066
0.36036
0.00050613
-0.0238695
0.0357876
0.257252
0.0110815
0.0253438
-0.0336122
0.322327
-0.0136409
0.0215484
0.0442266
0.309876
-0.0723889
0.106901
0.148538
0.351407
-0.000905838
-0.0129054
0.0626022
0.270603
-0.0516789
0.0363324
0.000612999
0.333223
0.0164667
0.109188
0.159377
