Vec Object: 1 MPI process
  type: seq
0.
0.
0.
-0.0748921
0.
0.
0.
0.0200108
0.170787
-0.168351
0.
-0.0452733
0.176562
-0.180469
0.
-0.0489188
0.190207
0.208062
0.
-0.0408629
0.183643
0.163586
0.
-0.0353352
0.390123
0.00843004
0.
-0.00113415
0.37722
0.00671114
0.
0.00996619
0.393333
-0.022252
0.
0.00917617
0.39982
-0.0159418
0.
0.00237843
0.
0.
0.
-0.0172903
0.
0.
0.
-0.0541412
0.327633
-0.0583389
0.
-0.0109479
0.315639
0.0904094
0.
0.00276877
0.332955
-0.0498037
0.
-0.0154637
0.320869
0.108232
0.
0.0145401
0.360036
0.0762443
0.
-0.00535357
0.321486
-0.100983
0.
0.0113865
0.325918
0.0350534
0.
-0.00865437
0.320825
-0.0615733
0.
-0.00367767
0.
0.
0.
-0.0989951
0.
0.
0.
0.0289304
0.
0.
0.
-0.0111913
0.
0.
0.
0.15481
0.
0.
0.
-0.0388005
0.
0.
0.
-0.131915
0.
0.
0.
-0.232709
0.
0.
0.
-0.0172679
0.
0.
0.
-0.0709299
0.
0.
0.
-0.0374907
0.
0.
0.
-0.133785
0.
0.
0.
0.0402507
0.
0.
0.
-0.0929953
0.
0.
0.
0.0163634
0.
0.
0.
0.0497981
0.
0.
0.
-0.0456463
0.
0.
0.
-0.0101486
0.
0.
0.
0.0102415
1.
0.
0.
0.0302787
0.388542
-0.0076353
0.000438803
-0.000509163
0.383684
0.
-0.00490913
-0.00593015
0.264327
0.
-0.00500834
-0.00581815
0.26631
0.
0.0257576
0.031732
0.375298
0.
0.00587224
-0.00936794
0.263767
0.
0.0179925
0.000175315
0.282911
0.
-0.0031096
0.0304125
0.259315
0.025556
0.
0.0279971
0.384943
0.0168859
0.
-0.00354772
0.251446
0.0150074
0.
-0.00973784
0.240961
0.0101537
0.
0.0290235
0.381708
0.0169844
0.
-0.00367398
0.259615
0.0185635
0.
-0.00497131
0.25338
0.0278633
-0.0526333
0.000477335
0.248722
-0.0222485
0.0203092
-0.00150234
0.371843
-0.0203
-0.101919
-0.00549196
0.439051
-0.177895
-0.179697
0.0809874
0.368072
0.168554
-0.187051
0.0485476
0.326529
-0.0646249
0.0211839
0.0109776
0.373485
0.138056
0.126402
0.0569301
0.303278
-0.0158308
-0.0315672
-0.00807736
0.412107
0.00216904
-0.0601088
-0.00267536
0.252074
0.0159297
0.0335322
0.0176148
0.413518
0.0268732
0.0732861
-0.00254395
0.337407
-0.144948
0.158673
0.0642214
0.430668
-0.0113283
0.00115382
0.00464095
0.305518
0.0693005
0.0911763
-0.0782375
0.365025
0.0506883
0.156983
0.0499311
