Vec Object: 1 MPI process
  type: seq
0.
0.
0.
-0.0997632
0.
0.
0.
0.025529
0.165006
-0.167206
0.
-0.0664943
0.173322
-0.178459
0.
-0.0641853
0.189394
0.205055
0.
-0.0538878
0.178974
0.165102
0.
-0.0617589
0.388298
0.00906127
0.
0.0020738
0.375478
0.00885193
0.
0.00724768
0.39046
-0.0207502
0.
0.00833172
0.397088
-0.0176388
0.
0.00755788
0.
0.
0.
-0.026924
0.
0.
0.
-0.0707622
0.315376
-0.0568664
0.
-0.0153244
0.319126
0.0888502
0.
0.00368687
0.320268
-0.0512058
0.
-0.0116991
0.322531
0.113359
0.
0.0191337
0.346698
0.0728269
0.
-0.00138821
0.322552
-0.10367
0.
0.0149659
0.3158
0.0394219
0.
-0.0165654
0.320154
-0.0627843
0.
-0.00191987
0.
0.
0.
-0.128456
0.
0.
0.
0.00279968
0.
0.
0.
-0.00786176
0.
0.
0.
0.127612
0.
0.
0.
-0.0548713
0.
0.
0.
-0.152919
0.
0.
0.
-0.215613
0.
0.
0.
0.0198699
0.
0.
0.
-0.0318796
0.
0.
0.
-0.0283845
0.
0.
0.
-0.164779
0.
0.
0.
0.0300035
0.
0.
0.
-0.0877791
0.
0.
0.
0.00118914
0.
0.
0.
0.123967
0.
0.
0.
0.0139243
0.
0.
0.
-0.00582757
0.
0.
0.
0.00909817
1.
0.
0.
0.0417978
0.396268
-0.00827862
-0.000350843
-0.00300073
0.379633
0.
-0.00382601
-0.00421711
0.269239
0.
-0.00289162
-0.0120381
0.297024
0.
0.0201578
0.0453897
0.378043
0.
0.00492816
-0.0100789
0.271158
0.
0.0143535
-0.0105793
0.309321
0.
-0.00573148
0.0533919
0.297778
0.0205022
0.
0.0522251
0.381489
0.0183577
0.
-0.00189803
0.25592
0.0205354
0.
-0.0161138
0.277572
0.00290403
0.
0.04841
0.383098
0.0152348
0.
-0.00308155
0.264132
0.0172702
0.
-0.0149306
0.24878
0.02284
-0.0550832
-0.00586925
0.248739
-0.0253674
0.0235869
-0.0166789
0.368206
-0.0237274
-0.0740684
0.00515225
0.427089
-0.147975
-0.155317
0.114416
0.356178
0.139982
-0.160351
0.0751707
0.340811
-0.0310543
0.0266639
0.0264892
0.361706
0.124483
0.103096
0.087324
0.281077
-0.0157604
-0.0299174
-0.00727904
0.406189
0.0019373
-0.0504303
0.00755204
0.257018
0.0217072
0.0323564
0.00278248
0.379277
0.00966331
0.0493901
0.0080797
0.318064
-0.121092
0.142325
0.0870677
0.407415
-0.00940543
-0.00527094
0.0181954
0.318433
0.0146689
0.0750536
-0.0783989
0.346562
0.0407265
0.14612
0.0772845
