Vec Object: 1 MPI process
  type: seq
0.
0.
0.
-0.0743739
0.
0.
0.
0.0202174
0.170979
-0.168428
0.
-0.0446574
0.176702
-0.180564
0.
-0.048385
0.190296
0.208168
0.
-0.0404054
0.183766
0.163582
0.
-0.034609
0.390184
0.00844283
0.
-0.00120728
0.377327
0.00659766
0.
0.00999793
0.393476
-0.0223062
0.
0.00913213
0.399911
-0.0159116
0.
0.00224105
0.
0.
0.
-0.0171989
0.
0.
0.
-0.0540201
0.328073
-0.0584023
0.
-0.0108344
0.315492
0.0904739
0.
0.00274261
0.333424
-0.0497128
0.
-0.0154999
0.320826
0.108031
0.
0.0143823
0.360519
0.0763225
0.
-0.00538385
0.321461
-0.100873
0.
0.011253
0.326259
0.0349222
0.
-0.00846836
0.3209
-0.0615135
0.
-0.00374495
0.
0.
0.
-0.0979465
0.
0.
0.
0.0293327
0.
0.
0.
-0.0108629
0.
0.
0.
0.154796
0.
0.
0.
-0.038829
0.
0.
0.
-0.131018
0.
0.
0.
-0.232573
0.
0.
0.
-0.0178478
0.
0.
0.
-0.0714739
0.
0.
0.
-0.0372732
0.
0.
0.
-0.13217
0.
0.
0.
0.0405996
0.
0.
0.
-0.0925329
0.
0.
0.
0.0168082
0.
0.
0.
0.0479468
0.
0.
0.
-0.0468185
0.
0.
0.
-0.00974327
0.
0.
0.
0.0100762
1.
0.
0.
0.0298436
0.388211
-0.00759795
0.000475253
-0.00043189
0.383827
0.
-0.00493882
-0.00596002
0.264186
0.
-0.00508776
-0.00564756
0.265201
0.
0.025946
0.0313118
0.375144
0.
0.00588781
-0.00930413
0.263494
0.
0.0181227
0.000463035
0.281947
0.
-0.00298157
0.0297607
0.257921
0.0256948
0.
0.0273659
0.385072
0.0168455
0.
-0.00357518
0.25136
0.0147547
0.
-0.00958674
0.239564
0.0104617
0.
0.0285235
0.381611
0.0170188
0.
-0.00366797
0.259478
0.0185477
0.
-0.00471798
0.253521
0.0280277
-0.052426
0.000545959
0.248679
-0.0219837
0.0201116
-0.00116613
0.371749
-0.0202334
-0.102815
-0.0057768
0.439617
-0.178703
-0.180522
0.0800408
0.36882
0.169356
-0.187887
0.0478727
0.325498
-0.065428
0.0209652
0.0105998
0.373941
0.138338
0.127084
0.0561573
0.304023
-0.0158156
-0.0316303
-0.00815953
0.412012
0.00216983
-0.0602362
-0.00295729
0.251801
0.0155226
0.0335607
0.017939
0.414708
0.0274489
0.0741645
-0.00279287
0.338315
-0.145634
0.15915
0.0636113
0.431229
-0.0113084
0.00132965
0.00433222
0.304608
0.0708145
0.0914099
-0.0778802
0.365867
0.0508852
0.15715
0.0492717
