Vec Object: 1 MPI process
  type: seq
0.
0.
0.
-0.082676
0.
0.
0.
0.0191381
0.168641
-0.167682
0.
-0.0526743
0.175171
-0.179543
0.
-0.0547734
0.189521
0.206904
0.
-0.0459424
0.182102
0.163884
0.
-0.0443692
0.389435
0.00846098
0.
-0.000155921
0.376277
0.00776299
0.
0.00925672
0.391952
-0.0216726
0.
0.00931033
0.398796
-0.0164137
0.
0.00407966
0.
0.
0.
-0.0194593
0.
0.
0.
-0.0574768
0.322856
-0.0577113
0.
-0.0124483
0.317127
0.089769
0.
0.00313326
0.327905
-0.0506162
0.
-0.0146121
0.321426
0.110353
0.
0.0163322
0.354798
0.0752003
0.
-0.00454012
0.321821
-0.102134
0.
0.0128617
0.322125
0.0366109
0.
-0.0111792
0.320253
-0.0621561
0.
-0.00291483
0.
0.
0.
-0.111144
0.
0.
0.
0.0220158
0.
0.
0.
-0.0132853
0.
0.
0.
0.150099
0.
0.
0.
-0.041262
0.
0.
0.
-0.141723
0.
0.
0.
-0.231278
0.
0.
0.
-0.0078808
0.
0.
0.
-0.0614736
0.
0.
0.
-0.0379076
0.
0.
0.
-0.15015
0.
0.
0.
0.0359332
0.
0.
0.
-0.0957154
0.
0.
0.
0.0109257
0.
0.
0.
0.0736642
0.
0.
0.
-0.0286946
0.
0.
0.
-0.0127695
0.
0.
0.
0.0111688
1.
0.
0.
0.035006
0.391909
-0.00797087
8.32978e-05
-0.0014531
0.382094
0.
-0.00454204
-0.00543334
0.266046
0.
-0.00416458
-0.00792577
0.278387
0.
0.0236235
0.0366157
0.376697
0.
0.005617
-0.00986111
0.266724
0.
0.0165768
-0.00347287
0.293368
0.
-0.00432459
0.0383779
0.274496
0.0238166
0.
0.0359816
0.383549
0.0173864
0.
-0.00307581
0.252768
0.0174876
0.
-0.0117582
0.255802
0.00701104
0.
0.0353248
0.382528
0.016477
0.
-0.00358415
0.261229
0.0184415
0.
-0.00822889
0.25165
0.0260638
-0.05443
-0.00090504
0.248926
-0.0244255
0.0221388
-0.00613483
0.371865
-0.0212753
-0.0915184
-0.00190973
0.433402
-0.167742
-0.170442
0.0924912
0.361347
0.158686
-0.177286
0.0571792
0.335714
-0.0535957
0.0235945
0.0159754
0.368613
0.134092
0.118057
0.0667736
0.294817
-0.0160389
-0.0309248
-0.00731201
0.411893
0.00212776
-0.0576616
0.00081163
0.254583
0.0195108
0.0332274
0.0131011
0.400327
0.0202828
0.0636807
0.000768279
0.328438
-0.136617
0.152936
0.071778
0.423241
-0.0111158
-0.00110462
0.00875205
0.313921
0.0498985
0.0868885
-0.0810527
0.356672
0.0477016
0.154156
0.0584913
