Vec Object: 1 MPI process
  type: seq
0.
0.
0.
-0.119438
0.
0.
0.
0.0556275
0.159308
-0.167422
0.
-0.0889145
0.170623
-0.177657
0.
-0.078682
0.190727
0.202435
0.
-0.0636836
0.173671
0.167594
0.
-0.0888885
0.386504
0.0107925
0.
0.00712252
0.37492
0.00995702
0.
0.00518463
0.389348
-0.0194846
0.
0.00604491
0.394437
-0.0201339
0.
0.0144187
0.
0.
0.
-0.0411372
0.
0.
0.
-0.100691
0.305183
-0.055343
0.
-0.0179731
0.321358
0.0871846
0.
0.00278961
0.310388
-0.0507108
0.
-0.00522651
0.324184
0.116297
0.
0.020977
0.336019
0.0683193
0.
0.00624786
0.32377
-0.104713
0.
0.0156576
0.306438
0.0433141
0.
-0.0243856
0.32096
-0.0628283
0.
-0.00286536
0.
0.
0.
-0.134005
0.
0.
0.
-0.0311484
0.
0.
0.
0.0238195
0.
0.
0.
0.0840959
0.
0.
0.
-0.0844551
0.
0.
0.
-0.146662
0.
0.
0.
-0.16129
0.
0.
0.
0.0857282
0.
0.
0.
0.0394786
0.
0.
0.
0.0107364
0.
0.
0.
-0.147383
0.
0.
0.
0.0322467
0.
0.
0.
-0.0459121
0.
0.
0.
-0.00980343
0.
0.
0.
0.214333
0.
0.
0.
0.102515
0.
0.
0.
0.0349432
0.
0.
0.
0.00184695
1.
0.
0.
0.0486656
0.400525
-0.00847727
-0.000832075
-0.00342642
0.376845
0.
-0.0026969
-0.00272736
0.27398
0.
-0.00125244
-0.019499
0.321924
0.
0.015586
0.0597507
0.379068
0.
0.0035874
-0.0102811
0.276545
0.
0.0113535
-0.0221967
0.329778
0.
-0.00711473
0.0769738
0.327938
0.0155898
0.
0.0799306
0.379345
0.0197803
0.
-0.000451949
0.261158
0.0234737
0.
-0.0242419
0.304853
-0.00112248
0.
0.0723477
0.383259
0.0129147
0.
-0.00267853
0.268518
0.0144328
0.
-0.0269407
0.245421
0.0172184
-0.05166
-0.0175461
0.248389
-0.0230926
0.0227427
-0.0358256
0.356722
-0.0282835
-0.0513155
0.0175233
0.424382
-0.116913
-0.133967
0.150106
0.358021
0.11097
-0.136094
0.106784
0.329554
0.000172343
0.0277831
0.0454799
0.354501
0.105286
0.0827316
0.124353
0.262882
-0.0128875
-0.0281482
-0.00938356
0.387655
0.00137338
-0.036962
0.0196095
0.258151
0.0186889
0.0296314
-0.0150955
0.35032
-0.00349333
0.0330763
0.0229907
0.310766
-0.0970235
0.125365
0.114723
0.380353
-0.00537875
-0.0103033
0.0374448
0.303899
-0.027307
0.0547412
-0.0526981
0.337697
0.0288233
0.129434
0.113528
