Vec Object: 1 MPI process
  type: seq
0.
0.
0.
-0.0837342
0.
0.
0.
0.019236
0.168399
-0.167627
0.
-0.0535572
0.175032
-0.179454
0.
-0.0554184
0.189476
0.206776
0.
-0.0465041
0.181911
0.163943
0.
-0.0454725
0.389357
0.00848237
0.
-2.84803e-05
0.376197
0.00785873
0.
0.00914297
0.391821
-0.0216094
0.
0.00928646
0.39868
-0.0164808
0.
0.00428946
0.
0.
0.
-0.0198292
0.
0.
0.
-0.0580851
0.322333
-0.0576489
0.
-0.0126375
0.31728
0.0897039
0.
0.00317829
0.32736
-0.0506846
0.
-0.0144682
0.321496
0.110577
0.
0.016534
0.354226
0.0750635
0.
-0.00439446
0.321865
-0.102253
0.
0.0130224
0.321699
0.0367949
0.
-0.0115072
0.320217
-0.062212
0.
-0.00283137
0.
0.
0.
-0.112499
0.
0.
0.
0.0209794
0.
0.
0.
-0.0133007
0.
0.
0.
0.149063
0.
0.
0.
-0.0418461
0.
0.
0.
-0.142744
0.
0.
0.
-0.230758
0.
0.
0.
-0.00648209
0.
0.
0.
-0.0600146
0.
0.
0.
-0.0376903
0.
0.
0.
-0.151712
0.
0.
0.
0.0354388
0.
0.
0.
-0.0956986
0.
0.
0.
0.0102749
0.
0.
0.
0.0766828
0.
0.
0.
-0.0263578
0.
0.
0.
-0.0127908
0.
0.
0.
0.0111633
1.
0.
0.
0.0355133
0.392251
-0.00800012
4.86906e-05
-0.00156446
0.381918
0.
-0.00449713
-0.00536192
0.266252
0.
-0.00407402
-0.00818253
0.279704
0.
0.0233834
0.0371842
0.376821
0.
0.00557971
-0.00989458
0.267044
0.
0.0164217
-0.00392232
0.294504
0.
-0.00443989
0.0393382
0.27615
0.023604
0.
0.0369762
0.383398
0.0174476
0.
-0.00300711
0.252952
0.0177311
0.
-0.0120187
0.257382
0.00669133
0.
0.0361119
0.382594
0.016407
0.
-0.00355934
0.261418
0.018396
0.
-0.00863772
0.251448
0.0258595
-0.0545667
-0.00113636
0.248926
-0.0245852
0.0222991
-0.00674808
0.371755
-0.0214109
-0.0903253
-0.00146925
0.432851
-0.166494
-0.169404
0.0938779
0.360775
0.157492
-0.176154
0.0582656
0.336459
-0.0521745
0.0238497
0.0166122
0.368096
0.133556
0.117062
0.0680104
0.293864
-0.0160545
-0.0308571
-0.00725506
0.411717
0.00211964
-0.0572796
0.00123487
0.254808
0.0198013
0.0331884
0.0125001
0.398866
0.019539
0.0626389
0.00119559
0.327564
-0.135618
0.152253
0.0727088
0.422288
-0.0110468
-0.00138144
0.00928978
0.314622
0.0475317
0.0862379
-0.0811971
0.35585
0.0472922
0.153733
0.0595882
