Vec Object: 1 MPI process
  type: seq
0.
0.
0.
-0.0842249
0.
0.
0.
0.0192953
0.168289
-0.167603
0.
-0.0539621
0.174969
-0.179414
0.
-0.0557112
0.189457
0.206718
0.
-0.0467588
0.181823
0.163971
0.
-0.0459795
0.389322
0.00849317
0.
3.06577e-05
0.376162
0.00790099
0.
0.00908941
0.391763
-0.0215808
0.
0.00927319
0.398628
-0.0165122
0.
0.0043862
0.
0.
0.
-0.0200054
0.
0.
0.
-0.0583774
0.322096
-0.057621
0.
-0.0127245
0.317348
0.0896746
0.
0.00319879
0.327113
-0.0507143
0.
-0.0143998
0.321528
0.110678
0.
0.0166257
0.353967
0.0749999
0.
-0.00432463
0.321885
-0.102307
0.
0.013095
0.321505
0.0368792
0.
-0.011659
0.320203
-0.0622368
0.
-0.00279377
0.
0.
0.
-0.113112
0.
0.
0.
0.020492
0.
0.
0.
-0.0132909
0.
0.
0.
0.148562
0.
0.
0.
-0.0421311
0.
0.
0.
-0.1432
0.
0.
0.
-0.230496
0.
0.
0.
-0.00582203
0.
0.
0.
-0.0593237
0.
0.
0.
-0.037572
0.
0.
0.
-0.152399
0.
0.
0.
0.0352157
0.
0.
0.
-0.0956672
0.
0.
0.
0.00997695
0.
0.
0.
0.0780776
0.
0.
0.
-0.025266
0.
0.
0.
-0.0127792
0.
0.
0.
0.0111535
1.
0.
0.
0.0357423
0.392404
-0.00801293
3.3248e-05
-0.00161523
0.381838
0.
-0.00447647
-0.00532858
0.266347
0.
-0.00403304
-0.00830056
0.2803
0.
0.0232743
0.0374442
0.376876
0.
0.00556221
-0.00990858
0.267189
0.
0.0163513
-0.00412897
0.295019
0.
-0.00449118
0.0397789
0.276899
0.0235064
0.
0.0374348
0.38333
0.0174758
0.
-0.00297501
0.253037
0.0178398
0.
-0.0121393
0.258096
0.00654794
0.
0.0364752
0.382622
0.0163744
0.
-0.0035473
0.261505
0.0183734
0.
-0.00882632
0.251356
0.0257661
-0.0546245
-0.0012469
0.248925
-0.0246526
0.0223689
-0.00703287
0.371697
-0.0214742
-0.0897816
-0.00126662
0.432606
-0.165921
-0.168932
0.0945147
0.360526
0.156943
-0.175638
0.0587673
0.336778
-0.0515188
0.0239641
0.0169064
0.367862
0.133306
0.116607
0.0685817
0.293431
-0.0160605
-0.0308264
-0.00723161
0.411626
0.00211572
-0.0570993
0.0014293
0.254907
0.0199262
0.0331699
0.0122209
0.398202
0.0192009
0.0621678
0.00139351
0.327176
-0.13516
0.15194
0.0731377
0.421848
-0.0110127
-0.00150836
0.00953959
0.314923
0.0464477
0.0859322
-0.0812492
0.355483
0.0471019
0.153534
0.0600964
