Vec Object: 1 MPI process
  type: seq
0.
0.
0.
-0.0890778
0.
0.
0.
0.0203329
0.167243
-0.167415
0.
-0.0578695
0.174407
-0.179062
0.
-0.0584577
0.18934
0.206174
0.
-0.0491325
0.180956
0.164278
0.
-0.050896
0.388991
0.00862599
0.
0.000623271
0.375877
0.00826266
0.
0.0085382
0.391264
-0.0213115
0.
0.00907804
0.398132
-0.0168341
0.
0.00533706
0.
0.
0.
-0.0218938
0.
0.
0.
-0.0615975
0.319884
-0.0573679
0.
-0.0135658
0.317966
0.0894051
0.
0.0033875
0.324827
-0.0509502
0.
-0.0136678
0.321842
0.111602
0.
0.0174803
0.351557
0.0743628
0.
-0.0035601
0.322086
-0.102793
0.
0.0137591
0.31967
0.0376871
0.
-0.0131586
0.320112
-0.0624513
0.
-0.00245574
0.
0.
0.
-0.118692
0.
0.
0.
0.0154443
0.
0.
0.
-0.0126541
0.
0.
0.
0.143
0.
0.
0.
-0.0453761
0.
0.
0.
-0.147175
0.
0.
0.
-0.227235
0.
0.
0.
0.00112813
0.
0.
0.
-0.051982
0.
0.
0.
-0.035837
0.
0.
0.
-0.158108
0.
0.
0.
0.0332033
0.
0.
0.
-0.0946172
0.
0.
0.
0.00712877
0.
0.
0.
0.0918554
0.
0.
0.
-0.014117
0.
0.
0.
-0.0119756
0.
0.
0.
0.0108455
1.
0.
0.
0.037837
0.393776
-0.00811988
-0.000103768
-0.00209195
0.381098
0.
-0.00427541
-0.00499249
0.267257
0.
-0.00365307
-0.00944834
0.285847
0.
0.0222499
0.039937
0.377336
0.
0.00538187
-0.0100073
0.268526
0.
0.015694
-0.00613463
0.299791
0.
-0.00494186
0.0440359
0.283855
0.0225621
0.
0.0419342
0.382702
0.0177499
0.
-0.00265047
0.253896
0.0188065
0.
-0.0133324
0.264668
0.0052586
0.
0.0400576
0.382843
0.0160433
0.
-0.00341453
0.262335
0.0181044
0.
-0.0106784
0.250493
0.0248656
-0.0550291
-0.00245116
0.248888
-0.0251354
0.0229339
-0.00988426
0.370941
-0.0221215
-0.0846496
0.000706145
0.430479
-0.160347
-0.164496
0.100685
0.358527
0.151642
-0.170727
0.0637133
0.339183
-0.0451128
0.0249823
0.0198036
0.365732
0.130769
0.112261
0.0742161
0.289368
-0.0160723
-0.0305383
-0.00709109
0.410452
0.00207174
-0.0552174
0.00331531
0.255746
0.0208849
0.0329702
0.00942325
0.39199
0.0160372
0.0578253
0.00336341
0.32377
-0.130747
0.148929
0.0773465
0.417493
-0.0106138
-0.00272485
0.0120508
0.317184
0.0360968
0.0827836
-0.0812912
0.352235
0.0451972
0.151463
0.0651612
