Vec Object: 1 MPI process
  type: seq
0.
0.
0.
-0.0745754
0.
0.
0.
0.0201334
0.170903
-0.168397
0.
-0.0449007
0.176646
-0.180526
0.
-0.0485969
0.19026
0.208126
0.
-0.0405869
0.183717
0.163583
0.
-0.0348953
0.39016
0.00843742
0.
-0.00117857
0.377284
0.00664308
0.
0.00998603
0.393419
-0.0222847
0.
0.00915025
0.399875
-0.0159233
0.
0.00229525
0.
0.
0.
-0.0172331
0.
0.
0.
-0.0540649
0.327898
-0.058377
0.
-0.010879
0.315551
0.0904481
0.
0.0027528
0.333238
-0.0497492
0.
-0.0154864
0.320843
0.108111
0.
0.0144448
0.360327
0.0762918
0.
-0.00537265
0.321471
-0.100917
0.
0.0113059
0.326123
0.0349741
0.
-0.00854129
0.32087
-0.0615374
0.
-0.00371832
0.
0.
0.
-0.098361
0.
0.
0.
0.0291775
0.
0.
0.
-0.0109954
0.
0.
0.
0.15481
0.
0.
0.
-0.0388128
0.
0.
0.
-0.131373
0.
0.
0.
-0.232632
0.
0.
0.
-0.0176226
0.
0.
0.
-0.0712638
0.
0.
0.
-0.0373625
0.
0.
0.
-0.132813
0.
0.
0.
0.0404625
0.
0.
0.
-0.09272
0.
0.
0.
0.0166327
0.
0.
0.
0.0486753
0.
0.
0.
-0.0463603
0.
0.
0.
-0.00990661
0.
0.
0.
0.0101433
1.
0.
0.
0.0300163
0.388343
-0.00761292
0.000460696
-0.000462355
0.38377
0.
-0.00492711
-0.0059485
0.264242
0.
-0.00505616
-0.00571484
0.265641
0.
0.0258714
0.0314782
0.375206
0.
0.00588178
-0.00932987
0.263602
0.
0.018071
0.000349797
0.28233
0.
-0.00303278
0.0300179
0.258475
0.0256401
0.
0.0276146
0.385021
0.0168614
0.
-0.00356461
0.251394
0.0148556
0.
-0.00964604
0.240119
0.010339
0.
0.0287206
0.38165
0.0170054
0.
-0.00367067
0.259532
0.0185545
0.
-0.00481765
0.253466
0.0279623
-0.052509
0.000519708
0.248697
-0.0220902
0.0201906
-0.00129788
0.371788
-0.0202594
-0.102461
-0.00566462
0.439392
-0.178385
-0.180195
0.0804146
0.36852
0.16904
-0.187556
0.0481384
0.325911
-0.0651137
0.0210518
0.0107481
0.37376
0.138228
0.126815
0.0564616
0.303728
-0.0158214
-0.0316051
-0.00812686
0.412052
0.00216958
-0.0601875
-0.00284615
0.25191
0.0156858
0.0335493
0.017812
0.414236
0.027221
0.0738159
-0.00269514
0.337953
-0.145364
0.158961
0.063852
0.431008
-0.0113171
0.00126056
0.00445355
0.304971
0.0702196
0.0913204
-0.0780235
0.365531
0.0508087
0.157085
0.0495312
