Vec Object: 1 MPI process
  type: seq
0.
0.
0.
-0.122769
0.
0.
0.
0.0785393
0.156394
-0.167758
0.
-0.10022
0.169054
-0.177565
0.
-0.0863418
0.191803
0.201148
0.
-0.067311
0.170977
0.168897
0.
-0.101872
0.385431
0.0119727
0.
0.0108779
0.37453
0.0106357
0.
0.00566286
0.388896
-0.0190441
0.
0.00578304
0.392968
-0.0216078
0.
0.0188872
0.
0.
0.
-0.0472826
0.
0.
0.
-0.116199
0.300544
-0.0542484
0.
-0.0179295
0.32224
0.0859948
0.
0.000792452
0.306041
-0.0499891
0.
-0.00144288
0.324939
0.116831
0.
0.019857
0.331299
0.065878
0.
0.0106709
0.324356
-0.104451
0.
0.0140099
0.301928
0.0448062
0.
-0.02713
0.321488
-0.0623597
0.
-0.00531618
0.
0.
0.
-0.125834
0.
0.
0.
-0.0457942
0.
0.
0.
0.0486706
0.
0.
0.
0.0654405
0.
0.
0.
-0.0983956
0.
0.
0.
-0.132397
0.
0.
0.
-0.122919
0.
0.
0.
0.126288
0.
0.
0.
0.0834234
0.
0.
0.
0.0392959
0.
0.
0.
-0.122583
0.
0.
0.
0.0394136
0.
0.
0.
-0.0143014
0.
0.
0.
-0.0121954
0.
0.
0.
0.262537
0.
0.
0.
0.153459
0.
0.
0.
0.0666559
0.
0.
0.
-0.0015991
1.
0.
0.
0.0507352
0.401863
-0.00853916
-0.00103913
-0.00182552
0.375982
0.
-0.00217006
-0.00260564
0.276081
0.
-0.000566311
-0.0241795
0.333244
0.
0.0136279
0.0673513
0.379579
0.
0.00289142
-0.0107363
0.278677
0.
0.0100356
-0.0285564
0.338598
0.
-0.00761006
0.0886298
0.341135
0.0133657
0.
0.0940455
0.378816
0.0203313
0.
-0.000355379
0.263571
0.024395
0.
-0.0292579
0.316642
-0.0023757
0.
0.0855478
0.383473
0.0117212
0.
-0.00296553
0.270527
0.0129221
0.
-0.0338559
0.244072
0.014253
-0.0487711
-0.0240197
0.248211
-0.0212079
0.0214686
-0.045959
0.349432
-0.0304761
-0.0421286
0.0244923
0.425395
-0.102093
-0.123971
0.168034
0.361428
0.0971496
-0.125005
0.123239
0.318815
0.0122399
0.0269826
0.0561724
0.352172
0.0946696
0.0741849
0.144372
0.254934
-0.0105758
-0.0271277
-0.0103985
0.375663
0.000994507
-0.0305763
0.0266887
0.257965
0.0155248
0.0277716
-0.0237309
0.33704
-0.00865066
0.0270852
0.0322356
0.309692
-0.0854297
0.116824
0.129912
0.366815
-0.00326201
-0.0118721
0.0487021
0.29008
-0.041057
0.0456309
-0.0308736
0.335156
0.0229884
0.120213
0.133994
