Vec Object: 1 MPI process
  type: seq
0.
0.
0.
-0.119673
0.
0.
0.
0.0564936
0.159186
-0.167434
0.
-0.0893901
0.170561
-0.17765
0.
-0.0789971
0.190768
0.202382
0.
-0.0638546
0.173558
0.167648
0.
-0.0894425
0.386462
0.0108375
0.
0.00725867
0.374907
0.00998198
0.
0.00517887
0.38933
-0.0194624
0.
0.00601335
0.394378
-0.0201924
0.
0.0145882
0.
0.
0.
-0.0414156
0.
0.
0.
-0.10135
0.304983
-0.0553022
0.
-0.0179895
0.321398
0.0871408
0.
0.00273158
0.3102
-0.0506862
0.
-0.00507328
0.324216
0.116333
0.
0.0209631
0.335814
0.0682184
0.
0.00642971
0.323795
-0.104714
0.
0.0156208
0.306247
0.0433836
0.
-0.0245192
0.320981
-0.0628158
0.
-0.00293625
0.
0.
0.
-0.133806
0.
0.
0.
-0.031809
0.
0.
0.
0.0247533
0.
0.
0.
0.0832487
0.
0.
0.
-0.0850689
0.
0.
0.
-0.146206
0.
0.
0.
-0.159814
0.
0.
0.
0.0873418
0.
0.
0.
0.0412282
0.
0.
0.
0.0118278
0.
0.
0.
-0.146538
0.
0.
0.
0.0324681
0.
0.
0.
-0.0447111
0.
0.
0.
-0.00994835
0.
0.
0.
0.216324
0.
0.
0.
0.104579
0.
0.
0.
0.0361394
0.
0.
0.
0.00169207
1.
0.
0.
0.0487672
0.400591
-0.00848015
-0.000841088
-0.00339024
0.376801
0.
-0.00267416
-0.0027118
0.274072
0.
-0.00122197
-0.019678
0.32241
0.
0.0154999
0.0600632
0.379087
0.
0.00355814
-0.010294
0.276642
0.
0.0112959
-0.0224517
0.330164
0.
-0.00713774
0.0774637
0.328512
0.0154934
0.
0.0805222
0.379315
0.0198061
0.
-0.000437282
0.261263
0.0235188
0.
-0.0244351
0.305368
-0.00118384
0.
0.0728857
0.383264
0.0128645
0.
-0.00268317
0.268606
0.0143693
0.
-0.0272153
0.245362
0.0170952
-0.0515504
-0.0178138
0.248383
-0.0230198
0.0226979
-0.0362435
0.356432
-0.0283785
-0.0509019
0.0178046
0.424398
-0.11628
-0.13354
0.150859
0.358139
0.11038
-0.135616
0.107469
0.329154
0.000728243
0.0277649
0.045912
0.354388
0.10485
0.0823521
0.125175
0.262536
-0.0128002
-0.0281072
-0.00943141
0.38718
0.00135855
-0.0366848
0.0198908
0.258152
0.0185726
0.0295588
-0.0154644
0.349749
-0.00372713
0.0327994
0.0233544
0.310693
-0.0965304
0.125007
0.115344
0.379782
-0.0052894
-0.0103821
0.0378982
0.303388
-0.0279771
0.0543398
-0.0518934
0.337571
0.0285753
0.129055
0.114359
