Vec Object: 1 MPI process
  type: seq
0.
0.
0.
-0.100065
0.
0.
0.
0.0257412
0.164941
-0.167203
0.
-0.0667492
0.173292
-0.178444
0.
-0.0643504
0.189401
0.205023
0.
-0.0540191
0.178914
0.165129
0.
-0.0620779
0.388278
0.00907651
0.
0.00211985
0.37547
0.0088664
0.
0.0072106
0.390441
-0.0207341
0.
0.00830522
0.397058
-0.0176642
0.
0.00762632
0.
0.
0.
-0.0270843
0.
0.
0.
-0.0710662
0.315249
-0.0568519
0.
-0.0153724
0.319157
0.0888339
0.
0.00369213
0.320142
-0.0512087
0.
-0.0116352
0.322551
0.113406
0.
0.0191766
0.346562
0.0727793
0.
-0.00131559
0.322566
-0.103692
0.
0.0149954
0.315689
0.0394718
0.
-0.0166657
0.320159
-0.0627915
0.
-0.00190957
0.
0.
0.
-0.128684
0.
0.
0.
0.00240738
0.
0.
0.
-0.00765181
0.
0.
0.
0.127119
0.
0.
0.
-0.0551856
0.
0.
0.
-0.153021
0.
0.
0.
-0.215182
0.
0.
0.
0.0204887
0.
0.
0.
-0.0312122
0.
0.
0.
-0.0280925
0.
0.
0.
-0.164854
0.
0.
0.
0.0299399
0.
0.
0.
-0.0874884
0.
0.
0.
0.00102417
0.
0.
0.
0.124945
0.
0.
0.
0.0148156
0.
0.
0.
-0.00555717
0.
0.
0.
0.00903004
1.
0.
0.
0.0419023
0.396332
-0.00828217
-0.000357323
-0.00302338
0.379593
0.
-0.00381272
-0.00419455
0.269297
0.
-0.00287043
-0.012116
0.297336
0.
0.0200992
0.0455506
0.37806
0.
0.0049139
-0.0100795
0.27123
0.
0.0143158
-0.0107104
0.309585
0.
-0.00575168
0.0536665
0.298165
0.0204424
0.
0.0525347
0.381457
0.0183755
0.
-0.00187609
0.255981
0.0205798
0.
-0.0161986
0.277926
0.00284297
0.
0.0486652
0.383102
0.0152097
0.
-0.00307199
0.264184
0.0172419
0.
-0.0150592
0.248734
0.0227788
-0.0550698
-0.00598351
0.248735
-0.0253607
0.0235956
-0.0168874
0.368107
-0.0237776
-0.0737715
0.00528552
0.427013
-0.147611
-0.155056
0.114823
0.356143
0.13964
-0.160054
0.0755181
0.340794
-0.0306494
0.0267019
0.0266919
0.3616
0.124285
0.102835
0.0877233
0.280845
-0.0157438
-0.0298988
-0.00729338
0.406033
0.00193257
-0.0502804
0.0076793
0.257046
0.0217093
0.0323344
0.00258005
0.378918
0.00948717
0.0491622
0.00822686
0.317927
-0.120809
0.142131
0.0873636
0.40711
-0.00936482
-0.00534197
0.0183888
0.3184
0.0140753
0.0748169
-0.0782512
0.34642
0.0405914
0.145949
0.0776607
