Vec Object: 1 MPI process
  type: seq
0.
0.
0.
-0.0767529
0.
0.
0.
0.0194771
0.170177
-0.168126
0.
-0.0472845
0.176135
-0.18018
0.
-0.0506045
0.189957
0.207729
0.
-0.0423158
0.183236
0.163625
0.
-0.0377398
0.389929
0.00840736
0.
-0.000885661
0.376906
0.00704948
0.
0.00982782
0.392899
-0.0220831
0.
0.00928043
0.39953
-0.0160515
0.
0.00283115
0.
0.
0.
-0.0176937
0.
0.
0.
-0.0547127
0.326251
-0.0581458
0.
-0.0113336
0.316088
0.0902134
0.
0.00286099
0.331484
-0.0500725
0.
-0.0153039
0.321012
0.108858
0.
0.0150453
0.358519
0.0759797
0.
-0.00521153
0.321571
-0.101325
0.
0.0118105
0.324838
0.0354797
0.
-0.00929177
0.320613
-0.0617548
0.
-0.00346122
0.
0.
0.
-0.102398
0.
0.
0.
0.0274106
0.
0.
0.
-0.012103
0.
0.
0.
0.154359
0.
0.
0.
-0.0389826
0.
0.
0.
-0.134771
0.
0.
0.
-0.232865
0.
0.
0.
-0.0151499
0.
0.
0.
-0.0688797
0.
0.
0.
-0.0380043
0.
0.
0.
-0.138795
0.
0.
0.
0.039082
0.
0.
0.
-0.0942496
0.
0.
0.
0.0148986
0.
0.
0.
0.0560017
0.
0.
0.
-0.0415444
0.
0.
0.
-0.01128
0.
0.
0.
0.0106811
1.
0.
0.
0.0316524
0.38956
-0.00774555
0.000328343
-0.000764314
0.38323
0.
-0.00481121
-0.00581795
0.264791
0.
-0.00476076
-0.00638129
0.269806
0.
0.0251547
0.0330861
0.375754
0.
0.00581456
-0.00954768
0.264625
0.
0.0175831
-0.000786067
0.285945
0.
-0.00349342
0.0325556
0.263708
0.0250945
0.
0.030097
0.384538
0.0170194
0.
-0.00344287
0.251757
0.0157746
0.
-0.0102523
0.245324
0.00920491
0.
0.0306824
0.381988
0.0168625
0.
-0.00367623
0.260059
0.0185837
0.
-0.00582071
0.252912
0.0273485
-0.0532447
0.000203095
0.248828
-0.0230115
0.0209013
-0.00265891
0.37204
-0.0205341
-0.0990238
-0.00454404
0.437315
-0.175207
-0.177071
0.0840904
0.365855
0.165909
-0.184347
0.0508011
0.329588
-0.0618468
0.0218817
0.0122605
0.372057
0.13708
0.124152
0.0595058
0.30089
-0.0158895
-0.0313745
-0.00782438
0.412289
0.00216319
-0.0596001
-0.00174292
0.252885
0.01713
0.0334465
0.0164945
0.409743
0.0250211
0.0705087
-0.00169842
0.334637
-0.142697
0.157113
0.0662326
0.428766
-0.011347
0.000561142
0.00568566
0.308261
0.0641983
0.0902603
-0.0792774
0.362455
0.0499775
0.156358
0.0521418
