Vec Object: 1 MPI process
  type: seq
0.
0.
0.
-0.11605
0.
0.
0.
0.0460752
0.160736
-0.167298
0.
-0.0833024
0.171333
-0.177773
0.
-0.0750018
0.190281
0.203069
0.
-0.061551
0.175003
0.166953
0.
-0.0822882
0.386976
0.0102888
0.
0.0056275
0.375059
0.00967748
0.
0.0053966
0.389563
-0.0197652
0.
0.00650843
0.395116
-0.0194619
0.
0.0125099
0.
0.
0.
-0.0377356
0.
0.
0.
-0.0929108
0.307581
-0.0557926
0.
-0.0176491
0.320874
0.0876669
0.
0.00332991
0.312667
-0.0509614
0.
-0.00698893
0.323792
0.115786
0.
0.0209493
0.338492
0.069496
0.
0.00414808
0.323472
-0.104632
0.
0.0159063
0.308712
0.0424491
0.
-0.0226901
0.320713
-0.0629313
0.
-0.00221266
0.
0.
0.
-0.135384
0.
0.
0.
-0.0230864
0.
0.
0.
0.0135641
0.
0.
0.
0.0944591
0.
0.
0.
-0.0770716
0.
0.
0.
-0.151063
0.
0.
0.
-0.177761
0.
0.
0.
0.0673063
0.
0.
0.
0.0194989
0.
0.
0.
-0.00138796
0.
0.
0.
-0.155978
0.
0.
0.
0.0301742
0.
0.
0.
-0.0591908
0.
0.
0.
-0.00779998
0.
0.
0.
0.191047
0.
0.
0.
0.0786766
0.
0.
0.
0.0217822
0.
0.
0.
0.00371914
1.
0.
0.
0.047345
0.399687
-0.00844096
-0.000723158
-0.00368435
0.377408
0.
-0.00296937
-0.00297189
0.272863
0.
-0.00162415
-0.0174729
0.316082
0.
0.0166317
0.0560973
0.378846
0.
0.00393194
-0.0101652
0.275358
0.
0.0120504
-0.0192356
0.325101
0.
-0.00682702
0.0711709
0.320995
0.0167507
0.
0.0729536
0.379747
0.0194597
0.
-0.000686356
0.259895
0.0228941
0.
-0.0220465
0.298624
-0.000333374
0.
0.0660947
0.383218
0.0135065
0.
-0.00267115
0.267468
0.0151793
0.
-0.0237781
0.246149
0.0186628
-0.0528602
-0.0144219
0.248468
-0.023897
0.0232036
-0.0309276
0.360023
-0.0271488
-0.0563984
0.0142745
0.424398
-0.124466
-0.139065
0.141215
0.356823
0.118012
-0.141836
0.0987328
0.333865
-0.0067267
0.0278813
0.0404843
0.355941
0.110358
0.0873632
0.114765
0.267071
-0.0138456
-0.0286205
-0.00879892
0.393046
0.00154026
-0.0402832
0.0163852
0.258078
0.0199302
0.030447
-0.0106935
0.357161
-0.000606796
0.0365338
0.0188574
0.31184
-0.102892
0.129589
0.107509
0.387116
-0.00643104
-0.00928547
0.0322286
0.309393
-0.0187387
0.0595954
-0.061422
0.339349
0.0317704
0.133848
0.103913
