Vec Object: 1 MPI process
  type: seq
0.
0.
0.
-0.0993626
0.
0.
0.
0.0252538
0.165092
-0.16721
0.
-0.0661579
0.173362
-0.178479
0.
-0.0639671
0.189386
0.205097
0.
-0.0537137
0.179053
0.165068
0.
-0.0613376
0.388324
0.00904135
0.
0.00201331
0.37549
0.00883263
0.
0.00729685
0.390486
-0.0207714
0.
0.00836643
0.397128
-0.0176055
0.
0.00746783
0.
0.
0.
-0.0267132
0.
0.
0.
-0.0703634
0.315544
-0.0568856
0.
-0.0152607
0.319085
0.0888717
0.
0.00367956
0.320435
-0.0512016
0.
-0.0117831
0.322504
0.113297
0.
0.0190764
0.346877
0.0728896
0.
-0.0014834
0.322533
-0.10364
0.
0.0149264
0.315947
0.039356
0.
-0.0164328
0.320148
-0.0627747
0.
-0.00193402
0.
0.
0.
-0.128149
0.
0.
0.
0.00331646
0.
0.
0.
-0.00813303
0.
0.
0.
0.128261
0.
0.
0.
-0.0544587
0.
0.
0.
-0.152778
0.
0.
0.
-0.216174
0.
0.
0.
0.0190587
0.
0.
0.
-0.0327546
0.
0.
0.
-0.0287638
0.
0.
0.
-0.164669
0.
0.
0.
0.0300902
0.
0.
0.
-0.0881554
0.
0.
0.
0.00140798
0.
0.
0.
0.122678
0.
0.
0.
0.0127529
0.
0.
0.
-0.0061769
0.
0.
0.
0.00918696
1.
0.
0.
0.041659
0.396182
-0.00827385
-0.000342234
-0.0029704
0.379686
0.
-0.00384355
-0.00424698
0.269163
0.
-0.00291968
-0.0119354
0.29661
0.
0.0202354
0.0451773
0.378021
0.
0.00494693
-0.0100782
0.271063
0.
0.0144034
-0.0104063
0.308971
0.
-0.00570458
0.0530293
0.297266
0.0205812
0.
0.0518169
0.381532
0.0183342
0.
-0.00192708
0.255839
0.0204762
0.
-0.0160022
0.277102
0.00298529
0.
0.0480738
0.383092
0.0152678
0.
-0.00309423
0.264063
0.0173073
0.
-0.0147611
0.248842
0.0229205
-0.0550997
-0.00571945
0.248746
-0.0253751
0.0235745
-0.0164043
0.368336
-0.0236615
-0.0744616
0.00497652
0.427191
-0.148456
-0.155662
0.113878
0.356226
0.140433
-0.160744
0.0747127
0.340829
-0.0315899
0.0266127
0.0262221
0.361848
0.124743
0.10344
0.0867979
0.281384
-0.0157816
-0.0299418
-0.00726078
0.406393
0.00194347
-0.0506276
0.0073843
0.25698
0.0217027
0.0323852
0.00304929
0.379751
0.00989682
0.0496925
0.00788618
0.318248
-0.121465
0.142582
0.086678
0.407816
-0.00945869
-0.00517677
0.0179413
0.318472
0.0154561
0.0753656
-0.0785884
0.346752
0.0409047
0.146344
0.0767895
