Vec Object: 1 MPI process
  type: seq
0.
0.
0.
-0.0808961
0.
0.
0.
0.0190709
0.169064
-0.167787
0.
-0.0511505
0.175421
-0.179707
0.
-0.0536381
0.189615
0.207129
0.
-0.0449529
0.182429
0.163792
0.
-0.0424742
0.389571
0.00843156
0.
-0.000370854
0.376428
0.00758528
0.
0.00944179
0.392192
-0.0217839
0.
0.0093341
0.398998
-0.0163025
0.
0.00372117
0.
0.
0.
-0.0188701
0.
0.
0.
-0.0565249
0.323778
-0.0578241
0.
-0.0121248
0.316854
0.0898855
0.
0.003055
0.328871
-0.0504855
0.
-0.0148419
0.321306
0.109954
0.
0.015978
0.355807
0.0754305
0.
-0.00476925
0.321747
-0.101919
0.
0.0125768
0.322871
0.0362925
0.
-0.0106239
0.320329
-0.0620536
0.
-0.0030633
0.
0.
0.
-0.108747
0.
0.
0.
0.0237124
0.
0.
0.
-0.0131403
0.
0.
0.
0.151687
0.
0.
0.
-0.0403824
0.
0.
0.
-0.139877
0.
0.
0.
-0.232008
0.
0.
0.
-0.0101609
0.
0.
0.
-0.0638344
0.
0.
0.
-0.0381505
0.
0.
0.
-0.147254
0.
0.
0.
0.0368068
0.
0.
0.
-0.0955764
0.
0.
0.
0.0120509
0.
0.
0.
0.0685324
0.
0.
0.
-0.0325812
0.
0.
0.
-0.0125835
0.
0.
0.
0.0111251
1.
0.
0.
0.0341036
0.391294
-0.00791587
0.000146281
-0.0012593
0.382404
0.
-0.00461904
-0.00555191
0.26569
0.
-0.00432502
-0.00748486
0.276061
0.
0.0240448
0.0356292
0.376465
0.
0.00567838
-0.00979298
0.266157
0.
0.0168502
-0.00270184
0.291359
0.
-0.00411346
0.0367238
0.271573
0.024182
0.
0.0342839
0.383816
0.0172814
0.
-0.00318962
0.252462
0.0170455
0.
-0.0113168
0.252993
0.00758681
0.
0.0339838
0.382402
0.0165936
0.
-0.0036216
0.260901
0.0185067
0.
-0.0075318
0.252004
0.0264188
-0.0541576
-0.000537973
0.248918
-0.0241064
0.0218358
-0.00510314
0.372006
-0.0210502
-0.0936019
-0.00266496
0.434408
-0.169882
-0.172262
0.0901046
0.362435
0.160742
-0.179255
0.0553302
0.334266
-0.0560136
0.0231365
0.0148926
0.369535
0.134988
0.119779
0.0646683
0.296488
-0.0160042
-0.0310448
-0.00742887
0.412127
0.00214032
-0.0582825
8.37503e-05
0.254162
0.0189482
0.0332916
0.0141111
0.402899
0.0215881
0.065527
4.51197e-05
0.330032
-0.138339
0.154115
0.0701866
0.424857
-0.0112164
-0.000627746
0.00784696
0.312565
0.053983
0.0879543
-0.080705
0.358166
0.0483876
0.154847
0.056635
