Vec Object: 1 MPI process
  type: seq
0.
0.
0.
-0.0974009
0.
0.
0.
0.0240056
0.165509
-0.167234
0.
-0.0645329
0.173557
-0.178579
0.
-0.0629089
0.189351
0.205301
0.
-0.0528602
0.179431
0.164902
0.
-0.0592982
0.388452
0.00894814
0.
0.0017258
0.375549
0.00873609
0.
0.0075374
0.390614
-0.0208747
0.
0.00852919
0.397321
-0.0174463
0.
0.00703689
0.
0.
0.
-0.025707
0.
0.
0.
-0.0684771
0.316364
-0.056978
0.
-0.014946
0.318883
0.0889752
0.
0.00363843
0.321255
-0.0511751
0.
-0.0121812
0.322376
0.112991
0.
0.0187906
0.347755
0.0731896
0.
-0.00193238
0.322444
-0.103493
0.
0.0147262
0.316663
0.0390351
0.
-0.0157904
0.320122
-0.0627244
0.
-0.00201096
0.
0.
0.
-0.126578
0.
0.
0.
0.00579453
0.
0.
0.
-0.00934931
0.
0.
0.
0.131358
0.
0.
0.
-0.0525038
0.
0.
0.
-0.152001
0.
0.
0.
-0.218764
0.
0.
0.
0.0152269
0.
0.
0.
-0.036883
0.
0.
0.
-0.030498
0.
0.
0.
-0.163968
0.
0.
0.
0.0305557
0.
0.
0.
-0.0898524
0.
0.
0.
0.00248206
0.
0.
0.
0.116488
0.
0.
0.
0.00717673
0.
0.
0.
-0.00774205
0.
0.
0.
0.0095963
1.
0.
0.
0.0409711
0.395756
-0.00824949
-0.000299665
-0.00281715
0.379946
0.
-0.00392836
-0.00439237
0.268794
0.
-0.00305696
-0.0114415
0.294589
0.
0.0206147
0.0441514
0.37791
0.
0.00503658
-0.010073
0.270593
0.
0.0146471
-0.00956963
0.307258
0.
-0.00557085
0.0512744
0.29476
0.0209649
0.
0.0498513
0.381745
0.0182202
0.
-0.00206844
0.255451
0.0201818
0.
-0.0154662
0.274798
0.0033889
0.
0.0464609
0.383061
0.0154259
0.
-0.00315658
0.263728
0.0174821
0.
-0.0139463
0.249146
0.0233078
-0.0551598
-0.00501265
0.248776
-0.0253957
0.0235011
-0.0150868
0.368938
-0.0233458
-0.0763836
0.00413037
0.427719
-0.150784
-0.157342
0.111284
0.356505
0.142619
-0.162656
0.0725115
0.340829
-0.0341972
0.0263495
0.0249387
0.362548
0.125985
0.105119
0.084272
0.282887
-0.015874
-0.0300594
-0.00718361
0.407339
0.00197226
-0.0515719
0.00657729
0.256785
0.0216527
0.0325187
0.0043317
0.382066
0.0110417
0.0511823
0.00696244
0.319175
-0.123273
0.143822
0.0848067
0.409746
-0.00971019
-0.00471521
0.0167293
0.318564
0.0193199
0.0768659
-0.0794167
0.347702
0.0417627
0.147412
0.0744221
