Vec Object: 1 MPI process
  type: seq
0.
0.
0.
-0.122745
0.
0.
0.
0.0900128
0.155106
-0.167926
0.
-0.105119
0.168305
-0.177574
0.
-0.0897824
0.192349
0.200564
0.
-0.0685595
0.169795
0.169468
0.
-0.107414
0.384886
0.0125738
0.
0.012949
0.37429
0.0110067
0.
0.0063507
0.388652
-0.0189258
0.
0.00611204
0.392261
-0.0223177
0.
0.0212086
0.
0.
0.
-0.0496456
0.
0.
0.
-0.122824
0.298572
-0.0536907
0.
-0.0176761
0.322596
0.0853589
0.
-0.000554749
0.304212
-0.0495943
0.
0.000260236
0.32526
0.116838
0.
0.0187727
0.329316
0.0647918
0.
0.0126025
0.324608
-0.104133
0.
0.0127062
0.299967
0.045354
0.
-0.0280601
0.321724
-0.0620323
0.
-0.00696247
0.
0.
0.
-0.120079
0.
0.
0.
-0.0514539
0.
0.
0.
0.061195
0.
0.
0.
0.0583412
0.
0.
0.
-0.103996
0.
0.
0.
-0.123989
0.
0.
0.
-0.104071
0.
0.
0.
0.145406
0.
0.
0.
0.104104
0.
0.
0.
0.053409
0.
0.
0.
-0.10882
0.
0.
0.
0.0437542
0.
0.
0.
0.00141223
0.
0.
0.
-0.0125621
0.
0.
0.
0.284194
0.
0.
0.
0.176919
0.
0.
0.
0.0825596
0.
0.
0.
-0.00293141
1.
0.
0.
0.0514834
0.402311
-0.00856199
-0.00112501
-0.000534291
0.375724
0.
-0.0019483
-0.00273167
0.276939
0.
-0.000289522
-0.0265895
0.338065
0.
0.0128238
0.0708098
0.37986
0.
0.00258908
-0.0110353
0.27951
0.
0.00949161
-0.0316185
0.342255
0.
-0.00779383
0.0937665
0.346654
0.0124329
0.
0.100251
0.37871
0.0205272
0.
-0.000495978
0.264569
0.0247021
0.
-0.0318132
0.321554
-0.00279931
0.
0.0916161
0.383655
0.0112023
0.
-0.00320453
0.271358
0.0122683
0.
-0.0372079
0.243505
0.0129369
-0.0473465
-0.0269322
0.248111
-0.0203041
0.020794
-0.0505781
0.346006
-0.0313797
-0.038509
0.0277137
0.426225
-0.0957508
-0.11967
0.175929
0.363258
0.091229
-0.120312
0.130541
0.313415
0.0167852
0.0264141
0.0611242
0.35136
0.0898794
0.0707356
0.153457
0.251612
-0.00942808
-0.0266503
-0.0107579
0.370005
0.000813752
-0.0279352
0.0300459
0.257755
0.0139162
0.0268789
-0.0274586
0.33138
-0.0106626
0.0248197
0.036657
0.309605
-0.0804306
0.11306
0.136857
0.360926
-0.00235082
-0.0123612
0.053906
0.283059
-0.0457184
0.0419387
-0.0196365
0.334312
0.0204796
0.11606
0.143427
