Vec Object: 1 MPI process
  type: seq
0.
0.
0.
0.370702
0.
0.
0.
0.901966
0.22852
-0.0849984
0.
1.36427
0.24525
-0.0921144
0.
1.37921
0.296572
0.103212
0.
1.44775
0.246277
0.0897178
0.
1.35052
0.366053
0.0270784
0.
-0.707557
0.366425
0.0199724
0.
-0.745343
0.370188
-0.026198
0.
-0.700128
0.372451
-0.0353708
0.
-0.705694
0.
0.
0.
0.144132
0.
0.
0.
-0.0682984
0.25267
-0.0773434
0.
-0.0363289
0.330103
0.0174263
0.
-0.837456
0.262225
-0.0822286
0.
-0.0256594
0.334048
0.035154
0.
-0.855862
0.285422
0.0809249
0.
0.015604
0.331809
-0.0184688
0.
-0.856108
0.250266
0.0773978
0.
0.0304542
0.327672
-0.00904591
0.
-0.864946
0.
0.
0.
0.60161
0.
0.
0.
0.1796
0.
0.
0.
0.922613
0.
0.
0.
0.385844
0.
0.
0.
0.0823772
0.
0.
0.
0.663341
0.
0.
0.
0.979791
0.
0.
0.
1.24509
0.
0.
0.
1.18204
0.
0.
0.
0.926571
0.
0.
0.
0.874487
0.
0.
0.
0.589325
0.
0.
0.
0.914343
0.
0.
0.
0.332991
0.
0.
0.
1.59
0.
0.
0.
1.40707
0.
0.
0.
1.20541
0.
0.
0.
0.176426
1.
0.
0.
1.68392
0.40224
-0.00445259
-0.000533987
-0.698793
0.391885
0.
0.00183812
-0.836722
0.286551
0.
0.00265745
-0.722048
0.356188
0.
0.00140322
1.13854
0.407648
0.
-0.00068353
-0.819044
0.284929
0.
0.0031594
-0.680796
0.336366
0.
-0.0067327
1.16772
0.367495
0.000733275
0.
1.17272
0.399066
0.010061
0.
-0.83463
0.27693
0.0115383
0.
-0.71151
0.332699
0.00115766
0.
1.20845
0.413855
0.00563097
0.
-0.814757
0.279424
0.00695164
0.
-0.700876
0.221719
-0.00453633
-0.0134156
-0.204036
0.234028
-0.00122222
0.00377456
-0.519848
0.252144
-0.0178959
-0.00218708
0.37727
0.44218
-0.000886471
-0.0377499
1.47044
0.384226
0.00584696
-0.0387677
1.21071
0.163271
0.0242678
0.00417084
0.538131
0.314035
0.00717542
0.0273978
1.21245
0.189315
0.0022003
-0.0125559
0.0961516
0.22689
0.0014654
0.00179714
0.437469
0.235045
-0.00617873
0.00600334
-0.286792
0.223031
-0.0195321
0.00815304
0.419659
0.300787
-0.00241419
0.0375729
1.11941
0.242211
0.00941427
-0.00268755
0.564633
0.0843335
-0.0242227
0.00491979
0.750482
0.298226
-0.00564035
0.0323847
1.18539
