Vec Object: 1 MPI process
  type: seq
0.
0.
0.
-0.10565
0.
0.
0.
0.175122
0.147789
-0.168421
0.
-0.129297
0.163415
-0.177645
0.
-0.107825
0.19728
0.195847
0.
-0.0665251
0.163112
0.172447
0.
-0.135479
0.379555
0.0182212
0.
0.0375139
0.371076
0.015171
0.
0.0221397
0.385157
-0.020311
0.
0.0220041
0.386151
-0.028332
0.
0.0462133
0.
0.
0.
-0.0624083
0.
0.
0.
-0.162585
0.286871
-0.050152
0.
-0.0191443
0.324595
0.07918
0.
-0.0189016
0.293481
-0.0472478
0.
0.0054015
0.327239
0.113022
0.
7.26762e-05
0.317776
0.0589345
0.
0.0183287
0.326192
-0.0985725
0.
-0.00714704
0.287833
0.0479916
0.
-0.0342378
0.323108
-0.0579029
0.
-0.0285529
0.
0.
0.
-0.0604844
0.
0.
0.
-0.0777234
0.
0.
0.
0.155077
0.
0.
0.
0.0284531
0.
0.
0.
-0.132656
0.
0.
0.
-0.0485281
0.
0.
0.
0.0339173
0.
0.
0.
0.277177
0.
0.
0.
0.245839
0.
0.
0.
0.156357
0.
0.
0.
0.00691159
0.
0.
0.
0.0823161
0.
0.
0.
0.116861
0.
0.
0.
-0.00893174
0.
0.
0.
0.423981
0.
0.
0.
0.333319
0.
0.
0.
0.201829
0.
0.
0.
-0.0114962
1.
0.
0.
0.0602773
0.403018
-0.00856419
-0.00154474
0.0224634
0.376117
0.
-0.000685753
-0.00606862
0.28139
0.
0.00113852
-0.0518576
0.36608
0.
0.00847278
0.094437
0.383312
0.
0.000861048
-0.013368
0.283461
0.
0.00658138
-0.0597878
0.362232
0.
-0.00844299
0.127016
0.377649
0.00715819
0.
0.138744
0.380242
0.0209705
0.
-0.00396022
0.269941
0.025307
0.
-0.0578393
0.348872
-0.00395454
0.
0.133977
0.387058
0.00820685
0.
-0.00518304
0.275746
0.00860161
0.
-0.0673198
0.239842
0.00491017
-0.0372184
-0.0501299
0.246911
-0.0142949
0.0156765
-0.0866297
0.322463
-0.0354784
-0.0209097
0.0459525
0.435178
-0.0584815
-0.0937176
0.226778
0.377312
0.0563061
-0.0929879
0.176778
0.273911
0.0355565
0.020812
0.0923808
0.348237
0.0592772
0.0528203
0.213703
0.232464
-0.00149735
-0.0232843
-0.015495
0.331199
-0.000364076
-0.0141849
0.0515858
0.254865
0.00249998
0.0206858
-0.0551596
0.297811
-0.0201067
0.0147907
0.0648919
0.312576
-0.0505165
0.0895734
0.183243
0.325308
0.00276959
-0.0128466
0.0858218
0.230732
-0.058995
0.023321
0.0665647
0.331405
0.00579255
0.0895711
0.207446
