Vec Object: 1 MPI process
  type: seq
0.
0.
0.
-0.0781952
0.
0.
0.
0.0192329
0.169762
-0.167989
0.
-0.0486998
0.175859
-0.179996
0.
-0.0517436
0.189813
0.207504
0.
-0.0433036
0.182944
0.163674
0.
-0.0394583
0.389795
0.00840689
0.
-0.000702548
0.376714
0.00726141
0.
0.00970264
0.392622
-0.0219702
0.
0.00932076
0.399332
-0.0161377
0.
0.00315384
0.
0.
0.
-0.018067
0.
0.
0.
-0.0552709
0.32532
-0.0580213
0.
-0.011617
0.316382
0.090087
0.
0.00293037
0.330497
-0.0502384
0.
-0.0151567
0.321118
0.109274
0.
0.0153924
0.357498
0.0757847
0.
-0.00507416
0.321634
-0.101551
0.
0.0120984
0.324104
0.0357781
0.
-0.00976485
0.320492
-0.0618712
0.
-0.00331242
0.
0.
0.
-0.104759
0.
0.
0.
0.0261669
0.
0.
0.
-0.0125934
0.
0.
0.
0.153632
0.
0.
0.
-0.0393452
0.
0.
0.
-0.136705
0.
0.
0.
-0.232722
0.
0.
0.
-0.01346
0.
0.
0.
-0.0671957
0.
0.
0.
-0.0381856
0.
0.
0.
-0.142074
0.
0.
0.
0.0382463
0.
0.
0.
-0.0948995
0.
0.
0.
0.0138592
0.
0.
0.
0.0605022
0.
0.
0.
-0.0384202
0.
0.
0.
-0.0118932
0.
0.
0.
0.0109022
1.
0.
0.
0.0325778
0.390226
-0.00781362
0.00025754
-0.000945427
0.38292
0.
-0.00474144
-0.0057273
0.265119
0.
-0.00459583
-0.00678246
0.272161
0.
0.0247412
0.034025
0.376037
0.
0.00576827
-0.00965114
0.265203
0.
0.0173075
-0.00147896
0.287985
0.
-0.00373633
0.0340754
0.266669
0.0247636
0.
0.0316083
0.384265
0.0171145
0.
-0.00335706
0.252001
0.0162677
0.
-0.0106316
0.248231
0.00858385
0.
0.0318739
0.382157
0.016769
0.
-0.00366408
0.260369
0.0185717
0.
-0.00643639
0.252579
0.0270014
-0.0536175
-3.58745e-05
0.248876
-0.0234644
0.0212727
-0.00352238
0.372086
-0.0207134
-0.0970167
-0.00386346
0.436188
-0.173278
-0.175276
0.0862849
0.364484
0.164028
-0.182466
0.0524306
0.331477
-0.0597738
0.0223554
0.013202
0.371101
0.136345
0.122555
0.0613646
0.299251
-0.0159338
-0.0312486
-0.00766418
0.412305
0.00215644
-0.0591652
-0.00107834
0.253392
0.0178655
0.0333898
0.0156545
0.40718
0.0237444
0.0686329
-0.00107662
0.33285
-0.141105
0.156015
0.0676664
0.42737
-0.0113222
0.000131354
0.00645392
0.309983
0.0605012
0.089491
-0.0798891
0.360794
0.0494248
0.155849
0.05375
