Vec Object: 1 MPI process
  type: seq
0.
0.
0.
-0.105174
0.
0.
0.
0.0300185
0.163794
-0.167178
0.
-0.071249
0.172764
-0.178207
0.
-0.067248
0.189561
0.204473
0.
-0.0562574
0.177858
0.165607
0.
-0.0676771
0.387928
0.00936414
0.
0.00296724
0.375337
0.00910506
0.
0.00658691
0.390142
-0.0204553
0.
0.00781476
0.39653
-0.0181248
0.
0.00886435
0.
0.
0.
-0.0299698
0.
0.
0.
-0.0766588
0.313059
-0.0565911
0.
-0.0161645
0.319676
0.0885418
0.
0.00374027
0.317974
-0.0512232
0.
-0.0104638
0.322901
0.114178
0.
0.0198678
0.344231
0.0719213
0.
3.31622e-05
0.322814
-0.104044
0.
0.0154483
0.313744
0.0403353
0.
-0.018414
0.320268
-0.0628927
0.
-0.00179174
0.
0.
0.
-0.132102
0.
0.
0.
-0.00459015
0.
0.
0.
-0.00333045
0.
0.
0.
0.118238
0.
0.
0.
-0.0609298
0.
0.
0.
-0.154161
0.
0.
0.
-0.206808
0.
0.
0.
0.0319683
0.
0.
0.
-0.0188061
0.
0.
0.
-0.022303
0.
0.
0.
-0.165075
0.
0.
0.
0.0291426
0.
0.
0.
-0.0815781
0.
0.
0.
-0.00176132
0.
0.
0.
0.142451
0.
0.
0.
0.0310676
0.
0.
0.
1.44084e-05
0.
0.
0.
0.00772226
1.
0.
0.
0.0436358
0.397397
-0.00833747
-0.000466264
-0.00337168
0.378921
0.
-0.00357901
-0.00380836
0.270303
0.
-0.0025072
-0.0135087
0.302714
0.
0.0190927
0.048396
0.378318
0.
0.00465619
-0.0100854
0.272457
0.
0.0136653
-0.0130223
0.314106
0.
-0.0060864
0.0584903
0.304791
0.0193999
0.
0.0580356
0.380914
0.0186858
0.
-0.00150008
0.25706
0.0213144
0.
-0.0177183
0.283978
0.00183304
0.
0.053243
0.383157
0.0147589
0.
-0.00291475
0.265101
0.0167187
0.
-0.017356
0.247951
0.021687
-0.0547142
-0.00810016
0.248654
-0.0251462
0.0236649
-0.0206193
0.366208
-0.0246783
-0.0686791
0.00765974
0.425865
-0.141207
-0.150536
0.122012
0.355796
0.133642
-0.154894
0.0817163
0.339974
-0.0236582
0.0272667
0.0303167
0.359825
0.120693
0.0983507
0.0948695
0.276856
-0.0153832
-0.0295666
-0.00760937
0.403024
0.0018422
-0.0475907
0.00995292
0.257472
0.021574
0.0319076
-0.00102324
0.372721
0.00648663
0.0453215
0.0109029
0.315752
-0.11585
0.138706
0.0926635
0.401705
-0.00861602
-0.00654818
0.0219065
0.317219
0.00402334
0.0706177
-0.0750689
0.344099
0.0381934
0.14284
0.0844549
