Vec Object: 1 MPI process
  type: seq
0.
0.
0.
-0.0739472
0.
0.
0.
0.0204121
0.171148
-0.168498
0.
-0.0441242
0.176827
-0.18065
0.
-0.0479157
0.190377
0.20826
0.
-0.0400043
0.183871
0.163582
0.
-0.0339848
0.390237
0.00845635
0.
-0.00126938
0.377424
0.00649533
0.
0.0100209
0.393604
-0.0223542
0.
0.00908906
0.39999
-0.0158868
0.
0.0021226
0.
0.
0.
-0.0171326
0.
0.
0.
-0.0539362
0.32846
-0.058459
0.
-0.0107383
0.315362
0.0905318
0.
0.00272095
0.333838
-0.0496307
0.
-0.0155262
0.320791
0.107852
0.
0.0142445
0.360943
0.076389
0.
-0.00540483
0.321439
-0.100776
0.
0.011136
0.326558
0.0348082
0.
-0.0083112
0.32097
-0.0614601
0.
-0.00380349
0.
0.
0.
-0.0970379
0.
0.
0.
0.0296555
0.
0.
0.
-0.0105604
0.
0.
0.
0.154721
0.
0.
0.
-0.0388874
0.
0.
0.
-0.130234
0.
0.
0.
-0.23242
0.
0.
0.
-0.018323
0.
0.
0.
-0.0719119
0.
0.
0.
-0.0370622
0.
0.
0.
-0.130744
0.
0.
0.
0.0408966
0.
0.
0.
-0.0921029
0.
0.
0.
0.0171913
0.
0.
0.
0.046364
0.
0.
0.
-0.0477997
0.
0.
0.
-0.00937096
0.
0.
0.
0.0099211
1.
0.
0.
0.0294615
0.387917
-0.00756413
0.000507896
-0.00036545
0.383952
0.
-0.0049644
-0.00598398
0.264064
0.
-0.00515803
-0.0055007
0.264224
0.
0.0261105
0.0309459
0.375004
0.
0.00590043
-0.00924524
0.263255
0.
0.0182374
0.00070908
0.281097
0.
-0.00286631
0.0291986
0.256695
0.0258139
0.
0.0268244
0.385185
0.0168106
0.
-0.00359697
0.25129
0.0145284
0.
-0.00945865
0.238329
0.0107354
0.
0.0280938
0.381523
0.0170475
0.
-0.00366051
0.259359
0.01853
0.
-0.00450157
0.253642
0.0281731
-0.0522388
0.000599568
0.248636
-0.0217419
0.0199341
-0.000882416
0.371653
-0.0201779
-0.103595
-0.0060209
0.440121
-0.179396
-0.181243
0.079223
0.369496
0.170047
-0.188614
0.0472947
0.32457
-0.0661022
0.0207743
0.0102794
0.374342
0.138576
0.127669
0.0554946
0.304673
-0.0158042
-0.0316866
-0.00823197
0.411914
0.00217009
-0.0603347
-0.0031996
0.251554
0.0151544
0.0335867
0.0182121
0.415752
0.0279501
0.0749358
-0.00300412
0.339125
-0.146226
0.159562
0.0630855
0.431705
-0.0112852
0.00147918
0.00406932
0.303793
0.0721019
0.0915928
-0.0775567
0.366618
0.0510466
0.157283
0.0487077
