Vec Object: 1 MPI process
  type: seq
0.
0.
0.
-0.117098
0.
0.
0.
0.0485873
0.160343
-0.167329
0.
-0.0848515
0.171141
-0.177736
0.
-0.076011
0.190398
0.202894
0.
-0.0621606
0.174635
0.167129
0.
-0.0841223
0.386848
0.0104231
0.
0.00602089
0.375023
0.00975232
0.
0.00531274
0.389502
-0.0196845
0.
0.0063657
0.394931
-0.0196441
0.
0.0130209
0.
0.
0.
-0.0386947
0.
0.
0.
-0.0950572
0.306911
-0.0556743
0.
-0.0177627
0.321011
0.0875396
0.
0.00320621
0.312028
-0.0508999
0.
-0.00651106
0.323901
0.115943
0.
0.0209908
0.337798
0.0691737
0.
0.00471839
0.323555
-0.104667
0.
0.0158705
0.30808
0.042696
0.
-0.0231794
0.320779
-0.0629108
0.
-0.00236024
0.
0.
0.
-0.135185
0.
0.
0.
-0.0253584
0.
0.
0.
0.016252
0.
0.
0.
0.0915349
0.
0.
0.
-0.0791325
0.
0.
0.
-0.150031
0.
0.
0.
-0.173391
0.
0.
0.
0.0722755
0.
0.
0.
0.0248889
0.
0.
0.
0.00181722
0.
0.
0.
-0.153865
0.
0.
0.
0.0306462
0.
0.
0.
-0.0556933
0.
0.
0.
-0.00840669
0.
0.
0.
0.197437
0.
0.
0.
0.0851602
0.
0.
0.
0.025236
0.
0.
0.
0.00319578
1.
0.
0.
0.0477328
0.399931
-0.00845147
-0.000753732
-0.00364276
0.377243
0.
-0.00289338
-0.00289363
0.273177
0.
-0.00151923
-0.0180177
0.317714
0.
0.0163373
0.0571002
0.378907
0.
0.00383703
-0.0101908
0.275695
0.
0.0118548
-0.0200455
0.326416
0.
-0.00690954
0.0727775
0.322944
0.0164258
0.
0.0748787
0.379627
0.0195511
0.
-0.000610833
0.260248
0.023063
0.
-0.0226382
0.300375
-0.000563603
0.
0.0678035
0.383227
0.0133433
0.
-0.00266464
0.267762
0.014974
0.
-0.0246379
0.245943
0.018266
-0.0525468
-0.015277
0.248446
-0.0236858
0.0230896
-0.0322739
0.359134
-0.0274643
-0.0549572
0.0151589
0.424356
-0.122366
-0.137645
0.143672
0.357116
0.116053
-0.140232
0.100949
0.332753
-0.00475931
0.0278762
0.041845
0.355522
0.108972
0.0860558
0.117392
0.265895
-0.013595
-0.0284922
-0.00896288
0.391599
0.00149572
-0.0393579
0.0172584
0.25811
0.0196128
0.0302296
-0.0119174
0.355251
-0.00142784
0.0355432
0.0199697
0.311502
-0.101262
0.128422
0.109481
0.385246
-0.00614129
-0.0095827
0.0336435
0.307979
-0.0212278
0.0582342
-0.0591578
0.338863
0.0309533
0.132641
0.106533
