Vec Object: 1 MPI process
  type: seq
0.
0.
0.
-0.101493
0.
0.
0.
0.0268019
0.164629
-0.167192
0.
-0.0679685
0.173148
-0.178376
0.
-0.0651386
0.189437
0.204872
0.
-0.0546405
0.178629
0.165256
0.
-0.0636016
0.388183
0.00915102
0.
0.00234298
0.375431
0.00893404
0.
0.0070354
0.390354
-0.0206577
0.
0.00817612
0.396915
-0.0177867
0.
0.00795616
0.
0.
0.
-0.0278568
0.
0.
0.
-0.0725412
0.314647
-0.0567822
0.
-0.0155975
0.319302
0.0887557
0.
0.00371374
0.319542
-0.0512195
0.
-0.0113257
0.322647
0.113624
0.
0.0193767
0.345919
0.07255
0.
-0.000962302
0.322633
-0.103794
0.
0.0151309
0.315157
0.039709
0.
-0.0171442
0.320184
-0.0628235
0.
-0.00186541
0.
0.
0.
-0.129725
0.
0.
0.
0.000522566
0.
0.
0.
-0.00659501
0.
0.
0.
0.12474
0.
0.
0.
-0.0567079
0.
0.
0.
-0.153454
0.
0.
0.
-0.213056
0.
0.
0.
0.0234966
0.
0.
0.
-0.0279653
0.
0.
0.
-0.0266415
0.
0.
0.
-0.16512
0.
0.
0.
0.0296628
0.
0.
0.
-0.0860309
0.
0.
0.
0.000245054
0.
0.
0.
0.129647
0.
0.
0.
0.0191246
0.
0.
0.
-0.00419548
0.
0.
0.
0.00869429
1.
0.
0.
0.0423924
0.396634
-0.00829848
-0.000387826
-0.00312765
0.379405
0.
-0.00374921
-0.00408747
0.269572
0.
-0.00277002
-0.01249
0.298819
0.
0.0198213
0.0463208
0.378135
0.
0.0048451
-0.0100815
0.271571
0.
0.0141367
-0.0113374
0.310836
0.
-0.00584638
0.0549782
0.299997
0.0201573
0.
0.0540191
0.381304
0.0184603
0.
-0.00177188
0.256273
0.0207881
0.
-0.016606
0.279604
0.00255678
0.
0.0498925
0.383121
0.015089
0.
-0.0030271
0.264434
0.0171044
0.
-0.0156766
0.248515
0.0224853
-0.0549953
-0.00653905
0.248712
-0.0253204
0.0236299
-0.0178895
0.367619
-0.0240189
-0.0723637
0.00592486
0.426665
-0.145869
-0.153816
0.11677
0.356001
0.138007
-0.15864
0.0771861
0.340667
-0.0287248
0.0268745
0.0276655
0.361099
0.123329
0.1016
0.0896421
0.279744
-0.0156587
-0.0298097
-0.00736769
0.405263
0.00190936
-0.0495589
0.00829023
0.257174
0.0217041
0.0322256
0.00160856
0.377214
0.00865379
0.0480879
0.00893734
0.317292
-0.11946
0.141201
0.0887856
0.405652
-0.0091676
-0.00567792
0.0193227
0.318188
0.0112708
0.0736819
-0.0774962
0.345755
0.0399436
0.145124
0.0794736
