Vec Object: 1 MPI process
  type: seq
0.
0.
0.
-0.103159
0.
0.
0.
0.0281657
0.164258
-0.167183
0.
-0.0694253
0.172977
-0.178298
0.
-0.0660769
0.189488
0.204694
0.
-0.0553683
0.178287
0.165411
0.
-0.0654159
0.388069
0.00924344
0.
0.00261576
0.375387
0.00901173
0.
0.00683166
0.390256
-0.0205672
0.
0.00801771
0.396744
-0.0179354
0.
0.00835564
0.
0.
0.
-0.02879
0.
0.
0.
-0.0743448
0.313936
-0.0566981
0.
-0.0158565
0.319471
0.0886614
0.
0.00373148
0.318838
-0.0512256
0.
-0.010948
0.32276
0.113876
0.
0.0196036
0.345162
0.0722728
0.
-0.000528051
0.322713
-0.10391
0.
0.0152806
0.314527
0.0399894
0.
-0.0177117
0.320219
-0.0628573
0.
-0.00182428
0.
0.
0.
-0.130858
0.
0.
0.
-0.00174261
0.
0.
0.
-0.00522026
0.
0.
0.
0.121867
0.
0.
0.
-0.0585626
0.
0.
0.
-0.15385
0.
0.
0.
-0.210376
0.
0.
0.
0.0271918
0.
0.
0.
-0.0239724
0.
0.
0.
-0.024792
0.
0.
0.
-0.165236
0.
0.
0.
0.0293908
0.
0.
0.
-0.0841477
0.
0.
0.
-0.000662685
0.
0.
0.
0.135306
0.
0.
0.
0.024367
0.
0.
0.
-0.00242309
0.
0.
0.
0.00827385
1.
0.
0.
0.0429579
0.396982
-0.00831661
-0.000423269
-0.00324288
0.379186
0.
-0.00367348
-0.00396171
0.269898
0.
-0.00265202
-0.0129401
0.300564
0.
0.0194944
0.0472417
0.378219
0.
0.00476185
-0.0100833
0.27197
0.
0.0139255
-0.0120859
0.312305
0.
-0.00595549
0.056541
0.302149
0.0198192
0.
0.055799
0.381127
0.018561
0.
-0.00164944
0.256623
0.0210277
0.
-0.017097
0.281571
0.0022273
0.
0.0513718
0.383139
0.0149433
0.
-0.0029755
0.264732
0.0169357
0.
-0.0164191
0.24826
0.0221324
-0.0548845
-0.00722097
0.248686
-0.0252542
0.0236554
-0.0190961
0.36701
-0.0243101
-0.0707089
0.00669251
0.426286
-0.143795
-0.15235
0.119098
0.355879
0.136064
-0.156966
0.0791907
0.34042
-0.0264537
0.0270615
0.0288371
0.360521
0.12217
0.100143
0.0919521
0.278448
-0.0155446
-0.0297024
-0.00746804
0.404298
0.00188038
-0.048689
0.00902498
0.257314
0.0216665
0.0320889
0.00044245
0.375203
0.00767806
0.0468375
0.00980034
0.316579
-0.117853
0.140092
0.0904985
0.403903
-0.00892613
-0.00607056
0.0204574
0.317828
0.00799802
0.0723219
-0.076489
0.344997
0.0391673
0.144121
0.0816674
