Vec Object: 1 MPI process
  type: seq
0.
0.
0.
-0.0849119
0.
0.
0.
0.247484
0.145913
-0.165426
0.
-0.120353
0.162224
-0.175044
0.
-0.0980387
0.205831
0.187939
0.
-0.0324296
0.161582
0.171584
0.
-0.129686
0.370083
0.0277819
0.
0.0913188
0.36421
0.0232828
0.
0.0658063
0.376356
-0.0273424
0.
0.075715
0.376445
-0.037804
0.
0.0988249
0.
0.
0.
-0.0854048
0.
0.
0.
-0.206968
0.277524
-0.0516404
0.
-0.0493872
0.32636
0.0699099
0.
-0.0563949
0.28493
-0.0505577
0.
-0.0235633
0.32926
0.103279
0.
-0.0410413
0.30876
0.0592836
0.
-0.00696988
0.327851
-0.0876828
0.
-0.0485332
0.277565
0.0529672
0.
-0.0599272
0.324053
-0.0508916
0.
-0.0703621
0.
0.
0.
0.00176122
0.
0.
0.
-0.101989
0.
0.
0.
0.236856
0.
0.
0.
0.010039
0.
0.
0.
-0.161274
0.
0.
0.
0.0263749
0.
0.
0.
0.158967
0.
0.
0.
0.390256
0.
0.
0.
0.365618
0.
0.
0.
0.244457
0.
0.
0.
0.121282
0.
0.
0.
0.112756
0.
0.
0.
0.217162
0.
0.
0.
-0.0135482
0.
0.
0.
0.542473
0.
0.
0.
0.465834
0.
0.
0.
0.312117
0.
0.
0.
-0.0350212
1.
0.
0.
0.0977317
0.399651
-0.00809325
-0.00159544
0.0820188
0.380081
0.
0.000259767
-0.0107951
0.284305
0.
0.00196666
-0.103551
0.384169
0.
0.00561544
0.117576
0.390395
0.
-0.000184001
-0.0116499
0.285613
0.
0.00481515
-0.112196
0.373162
0.
-0.00827727
0.15887
0.396854
0.00362895
0.
0.17188
0.385686
0.0201319
0.
-0.00859962
0.273616
0.023995
0.
-0.10895
0.365166
-0.00312825
0.
0.177399
0.395256
0.00635342
0.
-0.00302194
0.278546
0.00655898
0.
-0.120921
0.236248
-0.000541666
-0.0283226
-0.0968252
0.24502
-0.00957622
0.0110677
-0.144767
0.30074
-0.034761
-0.0116516
0.0400617
0.444505
-0.0304923
-0.073232
0.277638
0.389107
0.0300111
-0.0724881
0.217448
0.23705
0.039883
0.0147186
0.104679
0.345761
0.0343956
0.041912
0.266866
0.217915
0.00336592
-0.0200417
-0.0422238
0.296281
-0.00103278
-0.00644856
0.0561881
0.250848
-0.00532853
0.0153005
-0.107039
0.271488
-0.0238415
0.0106281
0.0707476
0.31645
-0.0272524
0.0706026
0.222576
0.297187
0.0060509
-0.0103675
0.0972023
0.181265
-0.0546998
0.0132607
0.140055
0.329329
-0.00500157
0.0680038
0.264578
