Vec Object: 1 MPI process
  type: seq
0.
0.
0.
-0.0820052
0.
0.
0.
0.019098
0.168798
-0.167719
0.
-0.0521064
0.175262
-0.179603
0.
-0.0543538
0.189553
0.206987
0.
-0.0455767
0.182225
0.163849
0.
-0.0436615
0.389485
0.00844886
0.
-0.000236771
0.376331
0.00769869
0.
0.00932746
0.392039
-0.0217137
0.
0.00932185
0.398871
-0.0163715
0.
0.00394553
0.
0.
0.
-0.0192322
0.
0.
0.
-0.0571073
0.323196
-0.0577526
0.
-0.0123272
0.317027
0.0898118
0.
0.00310413
0.328261
-0.0505694
0.
-0.0147006
0.321381
0.110206
0.
0.0162011
0.35517
0.075287
0.
-0.00462888
0.321793
-0.102055
0.
0.0127567
0.322401
0.0364924
0.
-0.0109706
0.320279
-0.0621189
0.
-0.00296953
0.
0.
0.
-0.110259
0.
0.
0.
0.0226621
0.
0.
0.
-0.0132488
0.
0.
0.
0.150721
0.
0.
0.
-0.0409146
0.
0.
0.
-0.141047
0.
0.
0.
-0.231575
0.
0.
0.
-0.00875055
0.
0.
0.
-0.062377
0.
0.
0.
-0.0380178
0.
0.
0.
-0.1491
0.
0.
0.
0.036256
0.
0.
0.
-0.0956886
0.
0.
0.
0.0113449
0.
0.
0.
0.0717399
0.
0.
0.
-0.0301651
0.
0.
0.
-0.0127222
0.
0.
0.
0.0111606
1.
0.
0.
0.0346737
0.391684
-0.00795107
0.000106268
-0.00138108
0.382208
0.
-0.00457081
-0.00547826
0.265913
0.
-0.00422373
-0.00776112
0.277529
0.
0.0237795
0.0362489
0.376614
0.
0.00564033
-0.00983733
0.266515
0.
0.0166778
-0.00318477
0.292627
0.
-0.00424778
0.037761
0.273417
0.023953
0.
0.0353461
0.383647
0.0173471
0.
-0.00311898
0.252653
0.0173262
0.
-0.0115925
0.254768
0.00722195
0.
0.0348224
0.382483
0.0165211
0.
-0.00359896
0.261107
0.0184678
0.
-0.0079678
0.251781
0.0261957
-0.054334
-0.000763434
0.248925
-0.0243132
0.0220299
-0.00574628
0.371926
-0.0211901
-0.0922913
-0.00219196
0.433768
-0.168541
-0.171115
0.0916008
0.361737
0.159453
-0.178017
0.0564862
0.335199
-0.0545024
0.0234264
0.0155693
0.368952
0.13443
0.118698
0.0659846
0.295436
-0.016027
-0.030969
-0.00735283
0.411991
0.00213266
-0.0578989
0.000539968
0.254431
0.0193105
0.0332518
0.0134817
0.401278
0.0207661
0.0643615
0.000496613
0.329019
-0.137259
0.153375
0.0711827
0.423847
-0.0111562
-0.000926692
0.00841133
0.313438
0.0514214
0.0872945
-0.0809376
0.357217
0.0479605
0.154419
0.057794
