Vec Object: 1 MPI process
  type: seq
0.
0.
0.
-0.0998637
0.
0.
0.
0.0255992
0.164984
-0.167205
0.
-0.066579
0.173312
-0.178454
0.
-0.0642402
0.189397
0.205045
0.
-0.0539315
0.178954
0.165111
0.
-0.0618649
0.388291
0.00906632
0.
0.00208908
0.375476
0.00885675
0.
0.00723534
0.390454
-0.0207448
0.
0.00832293
0.397078
-0.0176472
0.
0.00758061
0.
0.
0.
-0.0269772
0.
0.
0.
-0.0708631
0.315334
-0.0568616
0.
-0.0153404
0.319136
0.0888448
0.
0.00368865
0.320226
-0.0512068
0.
-0.0116779
0.322538
0.113375
0.
0.019148
0.346652
0.0728111
0.
-0.00136412
0.322557
-0.103677
0.
0.0149757
0.315763
0.0394385
0.
-0.0165987
0.320155
-0.0627867
0.
-0.0019164
0.
0.
0.
-0.128532
0.
0.
0.
0.00266936
0.
0.
0.
-0.0077924
0.
0.
0.
0.127448
0.
0.
0.
-0.0549756
0.
0.
0.
-0.152953
0.
0.
0.
-0.21547
0.
0.
0.
0.0200752
0.
0.
0.
-0.0316582
0.
0.
0.
-0.0282879
0.
0.
0.
-0.164804
0.
0.
0.
0.0299821
0.
0.
0.
-0.0876831
0.
0.
0.
0.00113423
0.
0.
0.
0.124292
0.
0.
0.
0.0142201
0.
0.
0.
-0.00573825
0.
0.
0.
0.00907561
1.
0.
0.
0.0418326
0.396289
-0.0082798
-0.000353001
-0.00300829
0.37962
0.
-0.00382159
-0.00420961
0.269259
0.
-0.00288457
-0.0120639
0.297128
0.
0.0201383
0.0454431
0.378049
0.
0.00492343
-0.0100791
0.271182
0.
0.0143409
-0.0106229
0.309409
0.
-0.00573821
0.0534832
0.297907
0.0204823
0.
0.052328
0.381478
0.0183636
0.
-0.00189073
0.25594
0.0205502
0.
-0.016142
0.27769
0.00288369
0.
0.0484947
0.3831
0.0152265
0.
-0.00307837
0.264149
0.0172608
0.
-0.0149733
0.248765
0.0228197
-0.0550788
-0.00590715
0.248738
-0.0253652
0.0235898
-0.0167482
0.368173
-0.0237441
-0.0739696
0.00519653
0.427063
-0.147854
-0.15523
0.114551
0.356166
0.139868
-0.160253
0.0752861
0.340806
-0.0309196
0.0266766
0.0265565
0.361671
0.124417
0.103009
0.0874566
0.281
-0.0157549
-0.0299112
-0.00728376
0.406138
0.00193573
-0.0503805
0.00759432
0.257027
0.021708
0.0323491
0.00271522
0.379157
0.00960469
0.0493142
0.00812856
0.318018
-0.120998
0.14226
0.087166
0.407314
-0.00939196
-0.00529458
0.0182596
0.318422
0.0144713
0.074975
-0.0783502
0.346515
0.0406816
0.146063
0.0774094
