Vec Object: 1 MPI process
  type: seq
0.
0.
0.
-0.0776383
0.
0.
0.
0.0193124
0.169918
-0.168039
0.
-0.0481646
0.175961
-0.180064
0.
-0.051317
0.189865
0.207588
0.
-0.0429332
0.183055
0.163654
0.
-0.0388061
0.389845
0.00840569
0.
-0.000772559
0.376784
0.00718359
0.
0.00975242
0.392724
-0.0220124
0.
0.00930851
0.399406
-0.0161043
0.
0.00303139
0.
0.
0.
-0.0179176
0.
0.
0.
-0.0550451
0.325668
-0.0580674
0.
-0.0115088
0.316273
0.0901338
0.
0.00290381
0.330866
-0.0501778
0.
-0.0152156
0.321078
0.109119
0.
0.0152619
0.35788
0.0758593
0.
-0.0051296
0.32161
-0.101467
0.
0.0119905
0.324379
0.0356654
0.
-0.00958376
0.320535
-0.0618282
0.
-0.00336831
0.
0.
0.
-0.10387
0.
0.
0.
0.0266532
0.
0.
0.
-0.0124228
0.
0.
0.
0.153944
0.
0.
0.
-0.0391866
0.
0.
0.
-0.135982
0.
0.
0.
-0.2328
0.
0.
0.
-0.014118
0.
0.
0.
-0.0678553
0.
0.
0.
-0.0381345
0.
0.
0.
-0.140858
0.
0.
0.
0.0385628
0.
0.
0.
-0.0946762
0.
0.
0.
0.0142529
0.
0.
0.
0.0587878
0.
0.
0.
-0.0396239
0.
0.
0.
-0.0116794
0.
0.
0.
0.0108268
1.
0.
0.
0.0322317
0.389979
-0.00778872
0.000283702
-0.000876851
0.383036
0.
-0.00476791
-0.00576261
0.264995
0.
-0.00465739
-0.00663032
0.27128
0.
0.0248966
0.0336712
0.375934
0.
0.00578629
-0.00961405
0.264987
0.
0.0174106
-0.00121557
0.287222
0.
-0.00364685
0.0334997
0.265561
0.0248892
0.
0.0310337
0.384367
0.0170784
0.
-0.00339056
0.251907
0.0160853
0.
-0.0104867
0.247146
0.00881454
0.
0.031421
0.382095
0.0168051
0.
-0.00366987
0.260252
0.0185786
0.
-0.00620196
0.252705
0.0271315
-0.0534819
5.89422e-05
0.24886
-0.0233007
0.0211364
-0.0031913
0.372077
-0.0206442
-0.0977728
-0.00412198
0.436605
-0.174011
-0.17595
0.0854539
0.364986
0.164741
-0.183175
0.0518103
0.330787
-0.0605676
0.0221781
0.0128426
0.371458
0.136627
0.12316
0.0606572
0.299867
-0.0159171
-0.0312954
-0.00772282
0.412309
0.00215923
-0.0593366
-0.00133035
0.253206
0.0175974
0.033411
0.0159769
0.408141
0.0242246
0.0693349
-0.00131418
0.333511
-0.141708
0.15643
0.0671224
0.427903
-0.011335
0.000294861
0.0061602
0.309352
0.0619072
0.089793
-0.0796697
0.361409
0.0496383
0.156048
0.0531368
