Vec Object: 1 MPI process
  type: seq
0.
0.
0.
-0.108538
0.
0.
0.
0.16514
0.148445
-0.168485
0.
-0.127714
0.163892
-0.177702
0.
-0.106626
0.196552
0.196521
0.
-0.0680628
0.16371
0.172232
0.
-0.133439
0.380372
0.0173788
0.
0.0333432
0.371627
0.0144972
0.
0.0190184
0.385802
-0.0198933
0.
0.0184679
0.387029
-0.0274762
0.
0.0420968
0.
0.
0.
-0.0608139
0.
0.
0.
-0.158072
0.288114
-0.0504314
0.
-0.0180853
0.324383
0.0800813
0.
-0.0158025
0.294617
-0.0473689
0.
0.00594727
0.327014
0.11381
0.
0.00339845
0.318987
0.0593928
0.
0.0188102
0.326009
-0.0995316
0.
-0.00372117
0.289162
0.0476782
0.
-0.0330388
0.322968
-0.0585564
0.
-0.0249878
0.
0.
0.
-0.0684748
0.
0.
0.
-0.0752795
0.
0.
0.
0.143977
0.
0.
0.
0.030793
0.
0.
0.
-0.129758
0.
0.
0.
-0.0581965
0.
0.
0.
0.0176098
0.
0.
0.
0.262103
0.
0.
0.
0.229712
0.
0.
0.
0.144344
0.
0.
0.
-0.00760722
0.
0.
0.
0.0775872
0.
0.
0.
0.103323
0.
0.
0.
-0.00943401
0.
0.
0.
0.408432
0.
0.
0.
0.315702
0.
0.
0.
0.187574
0.
0.
0.
-0.01015
1.
0.
0.
0.0583532
0.403145
-0.00858385
-0.00151292
0.0181092
0.375877
0.
-0.000815176
-0.005523
0.280971
0.
0.00100577
-0.0477737
0.363241
0.
0.00889664
0.0916653
0.382731
0.
0.00103047
-0.0131884
0.28312
0.
0.00685811
-0.0554861
0.360322
0.
-0.00841662
0.123216
0.374581
0.00768847
0.
0.134546
0.379854
0.0209944
0.
-0.00340242
0.269419
0.0253531
0.
-0.0537055
0.3462
-0.00394437
0.
0.128909
0.386424
0.00850386
0.
-0.00504806
0.275332
0.00895311
0.
-0.06282
0.240272
0.0057451
-0.0383885
-0.0466675
0.2471
-0.0149544
0.0162811
-0.0815963
0.325185
-0.035216
-0.022456
0.0445764
0.433976
-0.0623652
-0.09649
0.220939
0.375661
0.0599559
-0.095829
0.17166
0.278571
0.0342604
0.0215507
0.0892904
0.348484
0.0626309
0.0545047
0.206866
0.234455
-0.0023515
-0.0236835
-0.0142949
0.335657
-0.000241869
-0.0154496
0.049525
0.255301
0.00376107
0.0213939
-0.0511784
0.301361
-0.0193274
0.0155862
0.0622181
0.312057
-0.0536813
0.0921254
0.177999
0.329102
0.00226812
-0.0129948
0.0827662
0.236966
-0.0586871
0.0249939
0.0563269
0.331609
0.00730958
0.0924738
0.200096
