Vec Object: 1 MPI process
  type: seq
0.
0.
0.
-0.0800281
0.
0.
0.
0.272728
0.147743
-0.162157
0.
-0.0970329
0.16406
-0.171994
0.
-0.0749948
0.211594
0.182599
0.
0.00132399
0.163578
0.169051
0.
-0.106764
0.364211
0.0336274
0.
0.125004
0.359787
0.0284172
0.
0.0938725
0.370309
-0.032649
0.
0.11249
0.370597
-0.0435372
0.
0.13171
0.
0.
0.
-0.103219
0.
0.
0.
-0.233082
0.273746
-0.0552578
0.
-0.0784944
0.327222
0.0647328
0.
-0.0822408
0.281464
-0.0554245
0.
-0.0541225
0.330315
0.0971709
0.
-0.0694816
0.305145
0.0623363
0.
-0.0326906
0.328728
-0.0811959
0.
-0.0766756
0.273295
0.057359
0.
-0.0833732
0.324384
-0.0468771
0.
-0.0982733
0.
0.
0.
0.024643
0.
0.
0.
-0.117715
0.
0.
0.
0.266237
0.
0.
0.
-0.000190009
0.
0.
0.
-0.179008
0.
0.
0.
0.054542
0.
0.
0.
0.208041
0.
0.
0.
0.434128
0.
0.
0.
0.411014
0.
0.
0.
0.276094
0.
0.
0.
0.166543
0.
0.
0.
0.119516
0.
0.
0.
0.253764
0.
0.
0.
-0.0224861
0.
0.
0.
0.591956
0.
0.
0.
0.518269
0.
0.
0.
0.35638
0.
0.
0.
-0.0545991
1.
0.
0.
0.13486
0.39685
-0.00768146
-0.00149377
0.120713
0.382933
0.
0.000631717
-0.014927
0.285479
0.
0.00220557
-0.139941
0.388756
0.
0.00462264
0.130938
0.394909
0.
-0.00045671
-0.0107908
0.286396
0.
0.00426732
-0.148178
0.37496
0.
-0.00804829
0.176603
0.401609
0.00254452
0.
0.189319
0.389363
0.0194387
0.
-0.0125267
0.275054
0.0229605
0.
-0.144234
0.368855
-0.00233871
0.
0.200491
0.400641
0.00586556
0.
-0.00194786
0.279604
0.00613971
0.
-0.157268
0.23466
-0.0020497
-0.0249111
-0.131283
0.244073
-0.00791013
0.00930735
-0.183182
0.291481
-0.0326009
-0.00898811
0.0257354
0.447661
-0.0200642
-0.065368
0.306364
0.392763
0.0202902
-0.064825
0.238076
0.221789
0.0390301
0.0121824
0.101668
0.343853
0.0249598
0.0383751
0.290909
0.212333
0.00388493
-0.0186612
-0.0663428
0.281877
-0.00108066
-0.00421641
0.049854
0.249003
-0.00684715
0.013201
-0.144645
0.261149
-0.0241373
0.00970926
0.0622139
0.317295
-0.0183039
0.0633095
0.239608
0.286159
0.00711097
-0.00882033
0.093887
0.160872
-0.0505428
0.0104192
0.16437
0.327596
-0.00894424
0.0597667
0.289832
