Vec Object: 1 MPI process
  type: seq
0.
0.
0.
-0.121352
0.
0.
0.
0.106531
0.153394
-0.168149
0.
-0.111484
0.167254
-0.177618
0.
-0.0943709
0.193157
0.199743
0.
-0.0697878
0.168229
0.17022
0.
-0.114592
0.384062
0.0134753
0.
0.0162658
0.37388
0.0115969
0.
0.00784918
0.388243
-0.0188682
0.
0.00717867
0.391233
-0.0233437
0.
0.0247897
0.
0.
0.
-0.0525087
0.
0.
0.
-0.131462
0.295988
-0.052889
0.
-0.0172424
0.32305
0.0843796
0.
-0.00290314
0.301827
-0.0490162
0.
0.00245804
0.325681
0.116607
0.
0.0166495
0.326735
0.0633519
0.
0.0150312
0.324941
-0.10349
0.
0.0103017
0.297359
0.0459928
0.
-0.0291078
0.322037
-0.0614657
0.
-0.0098075
0.
0.
0.
-0.110479
0.
0.
0.
-0.0582636
0.
0.
0.
0.0792889
0.
0.
0.
0.0499495
0.
0.
0.
-0.11094
0.
0.
0.
-0.110885
0.
0.
0.
-0.0771872
0.
0.
0.
0.172041
0.
0.
0.
0.132874
0.
0.
0.
0.0735756
0.
0.
0.
-0.0879877
0.
0.
0.
0.050577
0.
0.
0.
0.0239273
0.
0.
0.
-0.0124616
0.
0.
0.
0.313544
0.
0.
0.
0.209161
0.
0.
0.
0.105476
0.
0.
0.
-0.00456256
1.
0.
0.
0.0524716
0.402778
-0.00858688
-0.00123406
0.00192671
0.375503
0.
-0.00166093
-0.00308494
0.278021
0.
5.86028e-05
-0.0302845
0.344384
0.
0.0117978
0.075563
0.380318
0.
0.00219196
-0.0115181
0.280531
0.
0.00879734
-0.0361044
0.346956
0.
-0.00800689
0.100681
0.353798
0.0112247
0.
0.108535
0.378702
0.0207398
0.
-0.000872819
0.265843
0.0250225
0.
-0.0356997
0.327897
-0.0032557
0.
0.100008
0.384015
0.0105193
0.
-0.00361383
0.272415
0.0114137
0.
-0.0421078
0.242754
0.0111755
-0.0453283
-0.0309499
0.247945
-0.0190504
0.0198082
-0.0570193
0.34125
-0.0325105
-0.0340401
0.0321024
0.42765
-0.0874318
-0.11399
0.186527
0.365952
0.0834545
-0.114186
0.140356
0.305686
0.0221677
0.0254812
0.0679333
0.350446
0.0833918
0.0663927
0.165872
0.247303
-0.00779848
-0.0259846
-0.0112033
0.362142
0.000562736
-0.0245829
0.0347284
0.257358
0.0116112
0.0256283
-0.0324795
0.323952
-0.0131284
0.022104
0.0428309
0.309792
-0.0738357
0.108019
0.14639
0.353123
-0.00116322
-0.0128297
0.0610159
0.272943
-0.0507434
0.0373097
-0.0032191
0.333397
0.017186
0.11044
0.156437
