Vec Object: 1 MPI process
  type: seq
0.
0.
0.
-0.0988657
0.
0.
0.
0.0249222
0.165199
-0.167215
0.
-0.0657429
0.173412
-0.178504
0.
-0.0636975
0.189376
0.205149
0.
-0.0534976
0.179149
0.165025
0.
-0.0608173
0.388357
0.00901706
0.
0.00193914
0.375504
0.00880851
0.
0.00735783
0.390517
-0.0207977
0.
0.0084088
0.397177
-0.0175645
0.
0.00735712
0.
0.
0.
-0.0264542
0.
0.
0.
-0.0698751
0.315752
-0.0569092
0.
-0.0151814
0.319034
0.0888981
0.
0.00366995
0.320643
-0.0511958
0.
-0.0118859
0.322472
0.11322
0.
0.0190048
0.3471
0.0729667
0.
-0.0015998
0.322511
-0.103603
0.
0.0148767
0.316129
0.0392744
0.
-0.016269
0.32014
-0.0627624
0.
-0.00195233
0.
0.
0.
-0.127762
0.
0.
0.
0.00395242
0.
0.
0.
-0.00845856
0.
0.
0.
0.129059
0.
0.
0.
-0.0539532
0.
0.
0.
-0.152595
0.
0.
0.
-0.216854
0.
0.
0.
0.0180662
0.
0.
0.
-0.0338245
0.
0.
0.
-0.0292222
0.
0.
0.
-0.164516
0.
0.
0.
0.0302019
0.
0.
0.
-0.0886079
0.
0.
0.
0.00167968
0.
0.
0.
0.121091
0.
0.
0.
0.0113156
0.
0.
0.
-0.00659599
0.
0.
0.
0.00929465
1.
0.
0.
0.041486
0.396075
-0.00826785
-0.000331519
-0.0029323
0.379752
0.
-0.0038652
-0.00428394
0.269069
0.
-0.00295447
-0.0118089
0.296098
0.
0.0203316
0.0449152
0.377994
0.
0.00497
-0.0100771
0.270944
0.
0.0144653
-0.0101927
0.308537
0.
-0.00567104
0.0525816
0.296631
0.0206789
0.
0.0513139
0.381586
0.0183051
0.
-0.00196303
0.25574
0.0204023
0.
-0.0158648
0.276519
0.00308661
0.
0.0476601
0.383085
0.0153084
0.
-0.00311
0.263977
0.0173526
0.
-0.0145524
0.248919
0.0230197
-0.0551181
-0.00553624
0.248753
-0.025383
0.023558
-0.0160663
0.368493
-0.0235803
-0.0749489
0.00475997
0.427321
-0.14905
-0.156089
0.113216
0.35629
0.140991
-0.161231
0.0741488
0.340842
-0.0322528
0.0265481
0.0258932
0.362024
0.125063
0.103866
0.0861503
0.281765
-0.0158069
-0.0299719
-0.0072393
0.406641
0.00195099
-0.0508703
0.00717767
0.256932
0.0216945
0.0324202
0.00337789
0.380339
0.0101866
0.0500685
0.0076485
0.318478
-0.121926
0.142898
0.0861982
0.40831
-0.00952385
-0.00505991
0.0176292
0.31851
0.0164334
0.07575
-0.0788136
0.34699
0.0411243
0.146619
0.0761811
