Vec Object: 1 MPI process
  type: seq
0.
0.
0.
-0.101597
0.
0.
0.
0.0268822
0.164607
-0.167191
0.
-0.0680575
0.173137
-0.178371
0.
-0.065196
0.18944
0.204862
0.
-0.0546854
0.178608
0.165266
0.
-0.0637126
0.388176
0.00915656
0.
0.00235946
0.375428
0.00893888
0.
0.00702276
0.390348
-0.0206521
0.
0.00816656
0.396904
-0.0177957
0.
0.0079804
0.
0.
0.
-0.0279135
0.
0.
0.
-0.0726501
0.314603
-0.0567771
0.
-0.0156136
0.319313
0.08875
0.
0.00371509
0.319499
-0.0512201
0.
-0.0113029
0.322654
0.11364
0.
0.019391
0.345872
0.0725331
0.
-0.000936136
0.322638
-0.103801
0.
0.0151405
0.315119
0.0397263
0.
-0.017179
0.320186
-0.0628257
0.
-0.00186253
0.
0.
0.
-0.129798
0.
0.
0.
0.000384492
0.
0.
0.
-0.00651448
0.
0.
0.
0.124565
0.
0.
0.
-0.0568202
0.
0.
0.
-0.153482
0.
0.
0.
-0.212897
0.
0.
0.
0.0237193
0.
0.
0.
-0.0277247
0.
0.
0.
-0.026532
0.
0.
0.
-0.165134
0.
0.
0.
0.0296443
0.
0.
0.
-0.0859202
0.
0.
0.
0.000188842
0.
0.
0.
0.129991
0.
0.
0.
0.0194421
0.
0.
0.
-0.00409168
0.
0.
0.
0.00866917
1.
0.
0.
0.0424275
0.396656
-0.00829963
-0.000390022
-0.00313499
0.379392
0.
-0.00374457
-0.00407971
0.269592
0.
-0.00276275
-0.0125174
0.298926
0.
0.0198012
0.046377
0.37814
0.
0.00484005
-0.0100817
0.271596
0.
0.0141237
-0.0113832
0.310927
0.
-0.00585317
0.0550739
0.300129
0.0201365
0.
0.0541277
0.381293
0.0184665
0.
-0.00176432
0.256295
0.020803
0.
-0.0166359
0.279725
0.00253626
0.
0.0499825
0.383122
0.0150801
0.
-0.00302387
0.264453
0.0170942
0.
-0.0157219
0.248499
0.0224638
-0.0549892
-0.00658017
0.248711
-0.0253169
0.0236319
-0.0179629
0.367583
-0.0240366
-0.0722617
0.00597165
0.42664
-0.145742
-0.153726
0.116913
0.355992
0.137888
-0.158537
0.0773083
0.340655
-0.028585
0.0268866
0.0277368
0.361063
0.123259
0.10151
0.0897827
0.279664
-0.0156521
-0.0298032
-0.00737348
0.405206
0.00190763
-0.049506
0.00833498
0.257183
0.0217028
0.0322175
0.00153744
0.37709
0.00859354
0.0480105
0.00898964
0.317247
-0.119361
0.141134
0.0888899
0.405545
-0.00915302
-0.00570219
0.0193914
0.31817
0.0110683
0.0735988
-0.0774379
0.345708
0.0398962
0.145063
0.0796068
