Vec Object: 1 MPI process
  type: seq
0.
0.
0.
0.95326
0.
0.
0.
1.62437
0.304941
-0.0150432
0.
2.96369
0.322515
-0.0187083
0.
2.96875
0.365249
0.0387986
0.
2.98813
0.323422
0.0159513
0.
2.93536
0.403057
-0.0154736
0.
-1.94481
0.40141
-0.0213367
0.
-1.95948
0.408051
0.0168846
0.
-1.94232
0.408897
0.0086144
0.
-1.9452
0.
0.
0.
0.584175
0.
0.
0.
0.300619
0.241592
-0.0695195
0.
0.24423
0.329197
-0.0141679
0.
-1.61462
0.252168
-0.071484
0.
0.257603
0.332935
-0.00768466
0.
-1.65592
0.27533
0.0730998
0.
0.275881
0.330818
0.0242153
0.
-1.65162
0.239093
0.0672378
0.
0.356313
0.330609
0.0166677
0.
-1.64738
0.
0.
0.
1.2661
0.
0.
0.
0.663755
0.
0.
0.
1.66205
0.
0.
0.
0.942209
0.
0.
0.
0.528988
0.
0.
0.
1.34428
0.
0.
0.
1.77339
0.
0.
0.
2.10425
0.
0.
0.
1.99334
0.
0.
0.
1.65059
0.
0.
0.
1.60711
0.
0.
0.
1.19567
0.
0.
0.
1.63267
0.
0.
0.
0.865751
0.
0.
0.
2.6306
0.
0.
0.
2.32235
0.
0.
0.
2.10556
0.
0.
0.
0.611902
1.
0.
0.
3.3182
0.427874
-0.00333135
-0.000391652
-1.95412
0.38541
0.
0.00185791
-1.83179
0.282201
0.
0.00273711
-1.20868
0.315242
0.
0.000846412
2.3157
0.396778
0.
-0.00065234
-1.83057
0.279332
0.
0.00333473
-1.11147
0.297562
0.
-0.00640507
2.29979
0.325086
0.000625221
0.
2.29838
0.38896
0.00262328
0.
-1.83222
0.272978
0.00349829
0.
-1.19063
0.290945
0.000366217
0.
2.34017
0.397929
0.0058479
0.
-1.83282
0.274439
0.00735003
0.
-1.14367
0.21195
-0.00627408
-0.0107008
-0.0537975
0.225452
0.00203653
0.00285992
-0.693012
0.241797
-0.0194655
-0.000809544
0.954132
0.429992
-0.0140134
-0.0317861
2.75105
0.368359
0.021456
-0.0333679
2.31035
0.150651
0.0191107
0.00370118
1.14952
0.292136
0.0180875
0.0245615
2.25141
0.181219
0.00833482
-0.0104068
0.485081
0.215602
0.00328671
0.00379788
1.00425
0.224814
-0.0113445
0.00465154
-0.204504
0.215386
-0.0185831
0.00782619
0.975154
0.2842
-0.0161097
0.0318264
2.14444
0.229945
0.00905971
-0.0025108
1.21659
0.0681018
-0.0123873
0.00499363
1.43516
0.276233
0.0123325
0.0275426
2.19163
