Vec Object: 1 MPI process
  type: seq
0.
0.
0.
-0.0738351
0.
0.
0.
0.0204675
0.171194
-0.168517
0.
-0.0439795
0.176861
-0.180674
0.
-0.0477872
0.1904
0.208286
0.
-0.0398947
0.1839
0.163583
0.
-0.0338162
0.390252
0.00846042
0.
-0.00128603
0.377451
0.00646688
0.
0.0100264
0.39364
-0.0223674
0.
0.00907655
0.400012
-0.0158802
0.
0.00209053
0.
0.
0.
-0.0171167
0.
0.
0.
-0.0539167
0.328567
-0.0584747
0.
-0.0107125
0.315327
0.0905479
0.
0.00271525
0.333952
-0.0496078
0.
-0.0155325
0.320781
0.107803
0.
0.0142069
0.36106
0.0764069
0.
-0.00540967
0.321434
-0.100749
0.
0.011104
0.32664
0.0347773
0.
-0.00826919
0.320989
-0.0614453
0.
-0.00381941
0.
0.
0.
-0.0967913
0.
0.
0.
0.029739
0.
0.
0.
-0.0104755
0.
0.
0.
0.154691
0.
0.
0.
-0.0389088
0.
0.
0.
-0.130021
0.
0.
0.
-0.232373
0.
0.
0.
-0.0184476
0.
0.
0.
-0.0720254
0.
0.
0.
-0.0370013
0.
0.
0.
-0.130352
0.
0.
0.
0.0409763
0.
0.
0.
-0.0919815
0.
0.
0.
0.017295
0.
0.
0.
0.0459378
0.
0.
0.
-0.0480605
0.
0.
0.
-0.00926655
0.
0.
0.
0.00987708
1.
0.
0.
0.0293569
0.387836
-0.00755471
0.000516935
-0.000347501
0.383987
0.
-0.00497132
-0.00599016
0.264031
0.
-0.00517736
-0.00546099
0.263957
0.
0.0261554
0.0308462
0.374965
0.
0.00590371
-0.00922865
0.263189
0.
0.0182689
0.000775332
0.280864
0.
-0.00283428
0.0290465
0.256359
0.025846
0.
0.0266783
0.385217
0.0168011
0.
-0.00360255
0.251272
0.0144657
0.
-0.00942434
0.23799
0.0108109
0.
0.0279777
0.381498
0.0170551
0.
-0.00365811
0.259327
0.0185245
0.
-0.00444333
0.253674
0.0282131
-0.0521867
0.000613192
0.248623
-0.0216741
0.0198848
-0.000806636
0.371625
-0.0201631
-0.103807
-0.00608672
0.44026
-0.179583
-0.18144
0.0790013
0.369684
0.170234
-0.188812
0.0471388
0.324312
-0.0662816
0.0207223
0.0101935
0.374453
0.13864
0.127828
0.0553159
0.304851
-0.0158015
-0.0317021
-0.00825179
0.411885
0.00217008
-0.0603595
-0.00326505
0.251486
0.0150518
0.033594
0.0182849
0.416038
0.0280866
0.0751469
-0.00306074
0.339349
-0.146387
0.159674
0.0629432
0.431833
-0.0112779
0.00151929
0.00399867
0.303567
0.0724472
0.0916392
-0.0774667
0.366826
0.0510889
0.157318
0.0485558
