Vec Object: 1 MPI process
  type: seq
0.
0.
0.
-0.121806
0.
0.
0.
0.0672872
0.157756
-0.16759
0.
-0.0949655
0.169809
-0.177586
0.
-0.0827358
0.191274
0.201752
0.
-0.0657426
0.172233
0.168289
0.
-0.095881
0.385955
0.0113933
0.
0.00898537
0.374735
0.0102953
0.
0.00527125
0.389117
-0.0192243
0.
0.00576245
0.393673
-0.0208994
0.
0.0166852
0.
0.
0.
-0.0445506
0.
0.
0.
-0.109035
0.302676
-0.05479
0.
-0.0180576
0.321843
0.0865896
0.
0.00189082
0.30803
-0.0503589
0.
-0.00323534
0.324592
0.116669
0.
0.0205933
0.333458
0.0670239
0.
0.00859529
0.324085
-0.104648
0.
0.014987
0.304019
0.0441541
0.
-0.0259656
0.321239
-0.0626236
0.
-0.00396779
0.
0.
0.
-0.130516
0.
0.
0.
-0.0392656
0.
0.
0.
0.0364331
0.
0.
0.
0.0737181
0.
0.
0.
-0.0920922
0.
0.
0.
-0.139911
0.
0.
0.
-0.14161
0.
0.
0.
0.106858
0.
0.
0.
0.062382
0.
0.
0.
0.0253446
0.
0.
0.
-0.135316
0.
0.
0.
0.0355902
0.
0.
0.
-0.0297841
0.
0.
0.
-0.0113561
0.
0.
0.
0.239886
0.
0.
0.
0.129281
0.
0.
0.
0.0510693
0.
0.
0.
-6.22839e-05
1.
0.
0.
0.0498542
0.401296
-0.00851197
-0.000944628
-0.00277564
0.376338
0.
-0.00241163
-0.00259528
0.275128
0.
-0.000875851
-0.0218811
0.328037
0.
0.0145167
0.0637676
0.379324
0.
0.00321495
-0.0104852
0.277726
0.
0.0106355
-0.0255099
0.334582
0.
-0.0073928
0.0832006
0.335107
0.0143833
0.
0.0874665
0.379014
0.0200918
0.
-0.000332155
0.26247
0.0240052
0.
-0.0268043
0.311264
-0.00184444
0.
0.0792974
0.383345
0.012276
0.
-0.00278598
0.269611
0.0136239
0.
-0.0305294
0.244686
0.0156412
-0.0501849
-0.0209808
0.2483
-0.0221212
0.0221124
-0.0411873
0.352923
-0.0294748
-0.0462383
0.0211769
0.424762
-0.108929
-0.128587
0.15968
0.359696
0.103526
-0.130096
0.115542
0.324116
0.0069215
0.0274474
0.0510877
0.353168
0.0996709
0.0780406
0.134933
0.258563
-0.0117099
-0.0276145
-0.00996083
0.381416
0.00117732
-0.033491
0.0232919
0.258104
0.017095
0.0286704
-0.0197456
0.34315
-0.00635257
0.0297237
0.0277798
0.310028
-0.0907918
0.120807
0.12273
0.373101
-0.00424326
-0.011221
0.0433446
0.296925
-0.0352157
0.0497553
-0.0417159
0.336222
0.0256863
0.124554
0.124285
