Vec Object: 1 MPI process
  type: seq
0.
0.
0.
-0.120197
0.
0.
0.
0.0585848
0.158897
-0.167464
0.
-0.0905195
0.170413
-0.177633
0.
-0.0797478
0.190866
0.202255
0.
-0.0642546
0.17329
0.167778
0.
-0.0907547
0.386363
0.0109457
0.
0.00758852
0.374875
0.0100422
0.
0.00517341
0.389288
-0.0194108
0.
0.00594416
0.394238
-0.0203324
0.
0.0149963
0.
0.
0.
-0.0420699
0.
0.
0.
-0.102912
0.304511
-0.0552035
0.
-0.0180216
0.32149
0.087035
0.
0.00258554
0.309754
-0.0506255
0.
-0.00470708
0.324293
0.116414
0.
0.0209195
0.33533
0.0679783
0.
0.00686362
0.323854
-0.104712
0.
0.015523
0.305794
0.0435464
0.
-0.0248301
0.321033
-0.0627838
0.
-0.00311494
0.
0.
0.
-0.13328
0.
0.
0.
-0.0333626
0.
0.
0.
0.0270105
0.
0.
0.
0.0812579
0.
0.
0.
-0.0865177
0.
0.
0.
-0.145071
0.
0.
0.
-0.156261
0.
0.
0.
0.0912059
0.
0.
0.
0.0454178
0.
0.
0.
0.0144588
0.
0.
0.
-0.144459
0.
0.
0.
0.0330224
0.
0.
0.
-0.0418131
0.
0.
0.
-0.0102769
0.
0.
0.
0.221064
0.
0.
0.
0.109508
0.
0.
0.
0.0390291
0.
0.
0.
0.00132731
1.
0.
0.
0.0490026
0.400743
-0.00848686
-0.00086237
-0.00329462
0.3767
0.
-0.0026204
-0.00267827
0.27429
0.
-0.00115024
-0.0201081
0.323561
0.
0.0152969
0.0608071
0.379133
0.
0.00348864
-0.0103268
0.276868
0.
0.0111599
-0.0230604
0.331074
0.
-0.00719157
0.0786264
0.329868
0.0152656
0.
0.0819274
0.379247
0.0198665
0.
-0.00040592
0.261511
0.0236237
0.
-0.0248991
0.306581
-0.0013263
0.
0.0741686
0.383276
0.0127453
0.
-0.00269676
0.268812
0.0142183
0.
-0.027872
0.245222
0.0168021
-0.0512858
-0.0184512
0.248367
-0.0228443
0.022588
-0.0372379
0.355737
-0.0286032
-0.0499299
0.0184763
0.424445
-0.114781
-0.13253
0.152645
0.358429
0.108982
-0.134486
0.109099
0.328186
0.00203067
0.0277161
0.0469437
0.354126
0.103811
0.0814584
0.127134
0.261718
-0.0125891
-0.0280092
-0.00954352
0.386041
0.00132294
-0.0360295
0.0205641
0.258151
0.0182901
0.0293844
-0.016338
0.3484
-0.00427591
0.0321513
0.0242266
0.310531
-0.0953621
0.124157
0.116823
0.378426
-0.00507724
-0.0105646
0.0389819
0.302149
-0.0295346
0.0533933
-0.0499422
0.337277
0.0279873
0.128151
0.116341
