Vec Object: 1 MPI process
  type: seq
0.
0.
0.
-0.0958841
0.
0.
0.
0.0231477
0.165827
-0.167256
0.
-0.0632976
0.173708
-0.178659
0.
-0.0620989
0.189332
0.205459
0.
-0.0521973
0.179717
0.164779
0.
-0.0577441
0.38855
0.0088808
0.
0.00151234
0.375599
0.00865859
0.
0.00772277
0.390719
-0.0209541
0.
0.0086467
0.397469
-0.0173277
0.
0.0067138
0.
0.
0.
-0.0249582
0.
0.
0.
-0.0670915
0.316996
-0.0570484
0.
-0.0146998
0.318724
0.0890538
0.
0.00360116
0.321891
-0.0511481
0.
-0.0124755
0.322277
0.11275
0.
0.0185637
0.348435
0.0734143
0.
-0.00226105
0.322377
-0.103374
0.
0.0145642
0.317211
0.0387888
0.
-0.0153007
0.320108
-0.062682
0.
-0.00207849
0.
0.
0.
-0.125288
0.
0.
0.
0.00765345
0.
0.
0.
-0.0101682
0.
0.
0.
0.13366
0.
0.
0.
-0.0510653
0.
0.
0.
-0.151303
0.
0.
0.
-0.220599
0.
0.
0.
0.0124132
0.
0.
0.
-0.0399095
0.
0.
0.
-0.0317057
0.
0.
0.
-0.163247
0.
0.
0.
0.0309595
0.
0.
0.
-0.0910061
0.
0.
0.
0.00331611
0.
0.
0.
0.111827
0.
0.
0.
0.00303276
0.
0.
0.
-0.00879441
0.
0.
0.
0.00988372
1.
0.
0.
0.0404289
0.395418
-0.00822934
-0.00026613
-0.00269366
0.380149
0.
-0.00399285
-0.00450379
0.268511
0.
-0.00316329
-0.0110683
0.293026
0.
0.0209079
0.0433715
0.377819
0.
0.00510348
-0.0100672
0.270228
0.
0.0148352
-0.00893314
0.305929
0.
-0.00546467
0.0499371
0.292817
0.0212584
0.
0.048365
0.381913
0.0181332
0.
-0.00217669
0.255158
0.0199484
0.
-0.0150627
0.273006
0.00370844
0.
0.0452477
0.383032
0.0155444
0.
-0.00320479
0.263471
0.0176097
0.
-0.0133314
0.249383
0.0236001
-0.055183
-0.00449513
0.248799
-0.0253916
0.0234294
-0.0140965
0.369368
-0.0231096
-0.0778693
0.00349016
0.428156
-0.152556
-0.158635
0.109314
0.356767
0.144286
-0.164124
0.0708513
0.34073
-0.0361984
0.0261312
0.0239709
0.3631
0.126911
0.106413
0.0823699
0.284049
-0.0159326
-0.0301483
-0.00713803
0.408012
0.00199297
-0.0522781
0.00596727
0.256623
0.0215815
0.0326139
0.00529806
0.383852
0.0119309
0.0523474
0.00627251
0.319927
-0.124651
0.144767
0.0833976
0.411205
-0.00989435
-0.00435739
0.0158261
0.318527
0.0223218
0.077996
-0.0799495
0.348461
0.0424109
0.148204
0.0726499
