Vec Object: 1 MPI process
  type: seq
0.
0.
0.
-0.111953
0.
0.
0.
0.0384102
0.162047
-0.167219
0.
-0.0781336
0.171958
-0.177926
0.
-0.0716623
0.189928
0.203662
0.
-0.0594018
0.176229
0.166369
0.
-0.0760967
0.387391
0.00986621
0.
0.00440709
0.375175
0.00943445
0.
0.00580082
0.389782
-0.020049
0.
0.00704142
0.395726
-0.0188711
0.
0.0108805
0.
0.
0.
-0.0344491
0.
0.
0.
-0.0858033
0.309869
-0.0561589
0.
-0.0171387
0.32039
0.0880641
0.
0.00361685
0.314865
-0.0511228
0.
-0.00853364
0.323418
0.11518
0.
0.0206401
0.340873
0.0705552
0.
0.00230678
0.323192
-0.104446
0.
0.0158601
0.310841
0.0415825
0.
-0.0209491
0.320503
-0.0629569
0.
-0.00188411
0.
0.
0.
-0.135031
0.
0.
0.
-0.015292
0.
0.
0.
0.00542016
0.
0.
0.
0.104498
0.
0.
0.
-0.0701243
0.
0.
0.
-0.153476
0.
0.
0.
-0.191329
0.
0.
0.
0.0513996
0.
0.
0.
0.00224702
0.
0.
0.
-0.0112615
0.
0.
0.
-0.161523
0.
0.
0.
0.0291582
0.
0.
0.
-0.0698801
0.
0.
0.
-0.00548743
0.
0.
0.
0.169948
0.
0.
0.
0.0576108
0.
0.
0.
0.0112995
0.
0.
0.
0.00547428
1.
0.
0.
0.0459107
0.398794
-0.00840221
-0.000617718
-0.00367788
0.378005
0.
-0.00322709
-0.00328595
0.271792
0.
-0.00198782
-0.015721
0.310508
0.
0.0176482
0.0527758
0.378637
0.
0.00424651
-0.0101096
0.274177
0.
0.0127218
-0.0165591
0.320563
0.
-0.00653264
0.0657753
0.314289
0.0178601
0.
0.066538
0.380197
0.0191404
0.
-0.000991193
0.258696
0.0222779
0.
-0.0201372
0.292585
0.000509484
0.
0.0604855
0.383196
0.0140486
0.
-0.00273677
0.266471
0.0158555
0.
-0.0209711
0.246875
0.0199748
-0.0537932
-0.0116248
0.248543
-0.024529
0.0235015
-0.0264667
0.362845
-0.0260885
-0.0614278
0.0113847
0.424767
-0.131561
-0.143884
0.132997
0.356087
0.12463
-0.147306
0.09138
0.337084
-0.0136406
0.0277666
0.0360373
0.357464
0.114897
0.0918942
0.106112
0.271122
-0.0145992
-0.0290372
-0.00825569
0.397624
0.00167981
-0.0434057
0.0135547
0.257901
0.02083
0.031126
-0.00656878
0.36367
0.00227611
0.0400562
0.0152986
0.313218
-0.108388
0.133489
0.101033
0.393372
-0.0073882
-0.00820323
0.0276496
0.313488
-0.0097241
0.0642429
-0.0681554
0.341159
0.0345142
0.1378
0.0953612
