Vec Object: 1 MPI process
  type: seq
0.
0.
0.
-0.0778558
0.
0.
0.
0.284199
0.149342
-0.160072
0.
-0.078428
0.165634
-0.169983
0.
-0.0565299
0.214819
0.179607
0.
0.0243799
0.165277
0.167229
0.
-0.0880344
0.36127
0.0365332
0.
0.139579
0.357566
0.0309832
0.
0.105681
0.367194
-0.0354225
0.
0.129089
0.367687
-0.0463815
0.
0.14589
0.
0.
0.
-0.112245
0.
0.
0.
-0.245869
0.272051
-0.0575862
0.
-0.094765
0.327637
0.0621049
0.
-0.0977161
0.279908
-0.0584298
0.
-0.071516
0.330835
0.0939694
0.
-0.0863749
0.303527
0.0643544
0.
-0.0470466
0.329162
-0.0778451
0.
-0.0933244
0.271365
0.0598938
0.
-0.0962228
0.32453
-0.0448264
0.
-0.114713
0.
0.
0.
0.0351098
0.
0.
0.
-0.125288
0.
0.
0.
0.2796
0.
0.
0.
-0.00453877
0.
0.
0.
-0.187549
0.
0.
0.
0.0674442
0.
0.
0.
0.230648
0.
0.
0.
0.454676
0.
0.
0.
0.431836
0.
0.
0.
0.290372
0.
0.
0.
0.187269
0.
0.
0.
0.122236
0.
0.
0.
0.27018
0.
0.
0.
-0.0271188
0.
0.
0.
0.616394
0.
0.
0.
0.542946
0.
0.
0.
0.377417
0.
0.
0.
-0.0647458
1.
0.
0.
0.16029
0.395374
-0.00744906
-0.00142321
0.138015
0.384424
0.
0.000795295
-0.0194812
0.286012
0.
0.00229276
-0.160589
0.390036
0.
0.00420768
0.140428
0.397217
0.
-0.000546418
-0.0126674
0.28674
0.
0.00405379
-0.168368
0.37506
0.
-0.00792467
0.188158
0.402912
0.00214495
0.
0.200619
0.391258
0.0190534
0.
-0.0169503
0.27569
0.022398
0.
-0.16415
0.369723
-0.0019106
0.
0.214459
0.403406
0.00570628
0.
-0.0037413
0.280067
0.00604274
0.
-0.177638
0.233926
-0.00255051
-0.0234658
-0.149893
0.243619
-0.007226
0.00856427
-0.203963
0.287298
-0.0312315
-0.00797152
0.0177864
0.448792
-0.0156719
-0.0619887
0.323933
0.394018
0.0162321
-0.0615639
0.25073
0.215026
0.0382159
0.011076
0.0997329
0.342699
0.0209852
0.0369506
0.304392
0.209914
0.00375954
-0.0180437
-0.0793564
0.275488
-0.00104239
-0.00337528
0.0462647
0.248156
-0.00710118
0.012298
-0.16503
0.256627
-0.02403
0.00940597
0.0569846
0.317386
-0.0144761
0.0601778
0.249611
0.281328
0.00753323
-0.00806804
0.0919991
0.15188
-0.0484167
0.00936137
0.17493
0.326518
-0.0105652
0.0562497
0.303631
