Vec Object: 1 MPI process
  type: seq
0.
0.
0.
-0.105348
0.
0.
0.
0.176148
0.147725
-0.168412
0.
-0.129435
0.163369
-0.177637
0.
-0.107928
0.197358
0.195774
0.
-0.06634
0.163054
0.172467
0.
-0.135665
0.379467
0.0183119
0.
0.0379714
0.371015
0.0152442
0.
0.022487
0.385085
-0.020359
0.
0.0224028
0.386057
-0.0284237
0.
0.0466637
0.
0.
0.
-0.062582
0.
0.
0.
-0.163057
0.286744
-0.050127
0.
-0.0192776
0.324617
0.0790838
0.
-0.0192389
0.293365
-0.0472397
0.
0.00531748
0.327263
0.112935
0.
-0.000290832
0.317653
0.0588919
0.
0.0182534
0.326211
-0.0984685
0.
-0.00752026
0.287696
0.0480259
0.
-0.0343779
0.323122
-0.0578327
0.
-0.0289395
0.
0.
0.
-0.0596531
0.
0.
0.
-0.0779754
0.
0.
0.
0.15622
0.
0.
0.
0.0282196
0.
0.
0.
-0.132956
0.
0.
0.
-0.0475252
0.
0.
0.
0.0355994
0.
0.
0.
0.278727
0.
0.
0.
0.247495
0.
0.
0.
0.157591
0.
0.
0.
0.00841711
0.
0.
0.
0.0828002
0.
0.
0.
0.118253
0.
0.
0.
-0.00888632
0.
0.
0.
0.425577
0.
0.
0.
0.335128
0.
0.
0.
0.203301
0.
0.
0.
-0.0116479
1.
0.
0.
0.0604996
0.403001
-0.00856176
-0.00154774
0.0229458
0.376145
0.
-0.000672568
-0.00612618
0.281433
0.
0.00115183
-0.0523031
0.366367
0.
0.00842998
0.0947241
0.383375
0.
0.000844021
-0.0133831
0.283495
0.
0.00655358
-0.0602541
0.362423
0.
-0.00844505
0.127409
0.377958
0.00710451
0.
0.139174
0.380285
0.020967
0.
-0.00401889
0.269994
0.0253006
0.
-0.058289
0.349141
-0.00395403
0.
0.134504
0.387128
0.00817695
0.
-0.00519338
0.275787
0.00856644
0.
-0.0678061
0.239797
0.00482557
-0.037098
-0.0505082
0.246891
-0.0142275
0.0156142
-0.0871703
0.322181
-0.0355017
-0.0207558
0.0460759
0.435303
-0.0580857
-0.0934341
0.227383
0.377482
0.055934
-0.0926983
0.177305
0.27343
0.0356796
0.0207351
0.0926863
0.348212
0.0589337
0.052651
0.214407
0.23226
-0.00141119
-0.0232429
-0.0156372
0.330739
-0.000376347
-0.0140585
0.0517861
0.254819
0.00237203
0.020613
-0.0555924
0.297448
-0.0201831
0.0147127
0.0651514
0.312631
-0.0501933
0.0893121
0.183782
0.324921
0.00282014
-0.0128288
0.0861221
0.230087
-0.0590132
0.0231543
0.067617
0.331385
0.0056382
0.0892738
0.208203
