Vec Object: 1 MPI process
  type: seq
0.
0.
0.
-0.104321
0.
0.
0.
0.0292057
0.163992
-0.16718
0.
-0.0704682
0.172855
-0.178245
0.
-0.066747
0.189528
0.204567
0.
-0.0558797
0.178042
0.165523
0.
-0.0667105
0.387988
0.00931181
0.
0.00281537
0.375358
0.00906558
0.
0.00669017
0.390189
-0.020503
0.
0.00790215
0.396621
-0.0180433
0.
0.00864536
0.
0.
0.
-0.0294635
0.
0.
0.
-0.0756611
0.313433
-0.0566372
0.
-0.016035
0.319589
0.0885933
0.
0.00373841
0.318342
-0.0512255
0.
-0.0106726
0.322841
0.114051
0.
0.0197575
0.344627
0.0720724
0.
-0.000209418
0.322771
-0.103988
0.
0.0153793
0.314078
0.0401879
0.
-0.0181146
0.320246
-0.0628785
0.
-0.00180301
0.
0.
0.
-0.131593
0.
0.
0.
-0.00337009
0.
0.
0.
-0.00416223
0.
0.
0.
0.119795
0.
0.
0.
-0.0599109
0.
0.
0.
-0.154053
0.
0.
0.
-0.208364
0.
0.
0.
0.0299033
0.
0.
0.
-0.0210402
0.
0.
0.
-0.0233919
0.
0.
0.
-0.165185
0.
0.
0.
0.0292361
0.
0.
0.
-0.0827066
0.
0.
0.
-0.00129628
0.
0.
0.
0.139384
0.
0.
0.
0.0281807
0.
0.
0.
-0.00105853
0.
0.
0.
0.00796153
1.
0.
0.
0.0433496
0.397222
-0.00832877
-0.000448033
-0.00331873
0.379033
0.
-0.0036194
-0.0038734
0.27013
0.
-0.00256881
-0.0132645
0.301798
0.
0.0192637
0.0479016
0.378277
0.
0.00470161
-0.0100845
0.27225
0.
0.0137762
-0.0126215
0.31334
0.
-0.00603109
0.0576568
0.303667
0.0195788
0.
0.057077
0.381004
0.0186326
0.
-0.00156343
0.256873
0.0211934
0.
-0.0174514
0.282955
0.00199942
0.
0.0524394
0.38315
0.0148381
0.
-0.00294019
0.264943
0.0168123
0.
-0.0169539
0.248082
0.0218781
-0.0547913
-0.00772047
0.248668
-0.0251957
0.0236638
-0.0199656
0.366557
-0.0245202
-0.0695424
0.00724477
0.426038
-0.142313
-0.151309
0.120765
0.355823
0.134677
-0.155778
0.080633
0.340183
-0.0248483
0.0271827
0.0296815
0.360119
0.121329
0.0991139
0.0936172
0.277534
-0.0154548
-0.029625
-0.00754688
0.403578
0.0018588
-0.048062
0.00955449
0.257407
0.0216196
0.0319866
-0.000395134
0.373778
0.00699265
0.045964
0.0104278
0.316097
-0.116706
0.139299
0.0917338
0.402647
-0.00874977
-0.00634564
0.0212823
0.317501
0.00570812
0.0713472
-0.0756985
0.344477
0.0386106
0.143391
0.083256
