Vec Object: 1 MPI process
  type: seq
0.
0.
0.
-0.105951
0.
0.
0.
0.174101
0.147853
-0.16843
0.
-0.129155
0.163462
-0.177652
0.
-0.107719
0.197203
0.195918
0.
-0.0667041
0.16317
0.172428
0.
-0.13529
0.379642
0.0181318
0.
0.0370643
0.371135
0.0150989
0.
0.0217993
0.385227
-0.0202642
0.
0.0216142
0.386244
-0.0282415
0.
0.0457704
0.
0.
0.
-0.0622374
0.
0.
0.
-0.162117
0.286998
-0.0501776
0.
-0.0190165
0.324573
0.079275
0.
-0.0185695
0.293597
-0.0472567
0.
0.00547966
0.327216
0.113107
0.
0.00043026
0.3179
0.0589777
0.
0.0183987
0.326173
-0.098675
0.
-0.00677968
0.287968
0.0479578
0.
-0.0341018
0.323094
-0.0579722
0.
-0.0281721
0.
0.
0.
-0.0613099
0.
0.
0.
-0.0774731
0.
0.
0.
0.153941
0.
0.
0.
0.0286866
0.
0.
0.
-0.132357
0.
0.
0.
-0.0495245
0.
0.
0.
0.0322446
0.
0.
0.
0.275635
0.
0.
0.
0.24419
0.
0.
0.
0.155128
0.
0.
0.
0.0054159
0.
0.
0.
0.0818338
0.
0.
0.
0.115475
0.
0.
0.
-0.00897824
0.
0.
0.
0.422392
0.
0.
0.
0.331518
0.
0.
0.
0.200365
0.
0.
0.
-0.0113478
1.
0.
0.
0.0600609
0.403033
-0.00856653
-0.0015417
0.02199
0.37609
0.
-0.000698892
-0.00601159
0.281348
0.
0.00112522
-0.0514193
0.365794
0.
0.00851551
0.0941518
0.383249
0.
0.000878062
-0.0133524
0.283427
0.
0.00660916
-0.0593284
0.362041
0.
-0.00844082
0.126625
0.37734
0.00721175
0.
0.138315
0.380199
0.0209739
0.
-0.00390206
0.269888
0.025313
0.
-0.0573967
0.348603
-0.00395476
0.
0.133454
0.38699
0.00823672
0.
-0.00517204
0.275704
0.00863678
0.
-0.0668406
0.239886
0.00499458
-0.0373382
-0.049758
0.246931
-0.014362
0.0157384
-0.0860964
0.322742
-0.0354544
-0.0210637
0.0458261
0.435054
-0.0588759
-0.094
0.226176
0.377144
0.0566768
-0.0932764
0.176255
0.27439
0.0354323
0.0208884
0.0920745
0.348262
0.0596192
0.0529895
0.213003
0.232666
-0.0015834
-0.0233254
-0.0153572
0.331656
-0.000351811
-0.0143114
0.0513841
0.254911
0.00262763
0.0207582
-0.0547335
0.298172
-0.0200301
0.0148689
0.0646307
0.312522
-0.0508385
0.0898336
0.182707
0.325695
0.00271912
-0.0128638
0.0855202
0.231372
-0.0589745
0.0234879
0.0655175
0.331426
0.0059464
0.0898672
0.206693
