Vec Object: 1 MPI process
  type: seq
0.
0.
0.
-0.0953956
0.
0.
0.
0.209068
0.146119
-0.167732
0.
-0.130835
0.162195
-0.177071
0.
-0.108581
0.200359
0.193
0.
-0.0570032
0.161611
0.172731
0.
-0.138601
0.376092
0.0217481
0.
0.0562935
0.368638
0.0180901
0.
0.0369157
0.382157
-0.0225227
0.
0.0395686
0.38253
-0.0318578
0.
0.0646175
0.
0.
0.
-0.0697285
0.
0.
0.
-0.179727
0.282647
-0.0498318
0.
-0.0268508
0.325344
0.0755691
0.
-0.032359
0.289621
-0.0475804
0.
-0.00106031
0.328067
0.109499
0.
-0.0145742
0.313686
0.0580852
0.
0.0125495
0.326867
-0.0945005
0.
-0.022047
0.283252
0.0494862
0.
-0.0412878
0.323558
-0.0552169
0.
-0.0437946
0.
0.
0.
-0.0320908
0.
0.
0.
-0.0867486
0.
0.
0.
0.193086
0.
0.
0.
0.020877
0.
0.
0.
-0.143486
0.
0.
0.
-0.0144441
0.
0.
0.
0.090552
0.
0.
0.
0.328864
0.
0.
0.
0.300897
0.
0.
0.
0.197341
0.
0.
0.
0.0582384
0.
0.
0.
0.0978795
0.
0.
0.
0.163246
0.
0.
0.
-0.0085209
0.
0.
0.
0.477358
0.
0.
0.
0.393642
0.
0.
0.
0.251555
0.
0.
0.
-0.0184703
1.
0.
0.
0.0709672
0.402078
-0.00843293
-0.00161423
0.0427814
0.377397
0.
-0.000253389
-0.00808744
0.28274
0.
0.00155153
-0.0699022
0.375129
0.
0.00710942
0.104308
0.385854
0.
0.0003323
-0.0133906
0.284503
0.
0.00571234
-0.0783765
0.368056
0.
-0.00844672
0.140536
0.387329
0.00544621
0.
0.153222
0.382101
0.0207403
0.
-0.00599242
0.271643
0.0249299
0.
-0.0758898
0.357213
-0.00378123
0.
0.152316
0.389934
0.00727376
0.
-0.00502978
0.277067
0.00752892
0.
-0.0865173
0.238291
0.00221962
-0.033183
-0.0657572
0.246152
-0.0120887
0.0135852
-0.107674
0.312901
-0.035835
-0.0162233
0.0476853
0.439446
-0.0455347
-0.0843498
0.247884
0.382902
0.0441316
-0.0835103
0.194539
0.257567
0.0386878
0.0181447
0.100962
0.347345
0.0478955
0.0475072
0.237397
0.225787
0.0011544
-0.0218652
-0.0228065
0.315665
-0.000736535
-0.0102961
0.0566967
0.253188
-0.00153615
0.018248
-0.0727923
0.285823
-0.0222859
0.0125332
0.0714781
0.314443
-0.0398671
0.0809136
0.201172
0.312494
0.00436437
-0.0120076
0.0940924
0.208805
-0.058364
0.0182262
0.10134
0.330683
0.000769163
0.0797149
0.232967
