Vec Object: 1 MPI process
  type: seq
0.
0.
0.
-0.120655
0.
0.
0.
0.111662
0.152892
-0.168211
0.
-0.113306
0.166934
-0.177636
0.
-0.09571
0.193416
0.199488
0.
-0.0700335
0.16777
0.170437
0.
-0.116651
0.383793
0.0137672
0.
0.0173942
0.373736
0.0117961
0.
0.00844134
0.388098
-0.018878
0.
0.00766558
0.390907
-0.0236679
0.
0.0259798
0.
0.
0.
-0.0533036
0.
0.
0.
-0.133979
0.295231
-0.0526433
0.
-0.0171194
0.32318
0.084058
0.
-0.00373451
0.301131
-0.0488387
0.
0.00306724
0.325805
0.116483
0.
0.0158558
0.325984
0.0629324
0.
0.0156914
0.32504
-0.103249
0.
0.00942746
0.296588
0.0461645
0.
-0.0293926
0.322129
-0.0612677
0.
-0.0108074
0.
0.
0.
-0.107241
0.
0.
0.
-0.0601227
0.
0.
0.
0.084922
0.
0.
0.
0.0477002
0.
0.
0.
-0.112884
0.
0.
0.
-0.106618
0.
0.
0.
-0.0688776
0.
0.
0.
0.18015
0.
0.
0.
0.141623
0.
0.
0.
0.0798108
0.
0.
0.
-0.0813191
0.
0.
0.
0.0528026
0.
0.
0.
0.0308999
0.
0.
0.
-0.0123167
0.
0.
0.
0.322323
0.
0.
0.
0.218891
0.
0.
0.
0.112603
0.
0.
0.
-0.00502464
1.
0.
0.
0.0527884
0.402886
-0.00859265
-0.0012649
0.00284683
0.375466
0.
-0.00157769
-0.00323077
0.278327
0.
0.000157158
-0.0315065
0.34623
0.
0.0115039
0.0770023
0.380477
0.
0.00207628
-0.0116757
0.280814
0.
0.00859883
-0.0375432
0.348309
0.
-0.00806268
0.102745
0.355866
0.0108747
0.
0.110987
0.37873
0.0207914
0.
-0.0010265
0.266207
0.0250977
0.
-0.0369776
0.329729
-0.00336791
0.
0.10256
0.384152
0.0103198
0.
-0.00375042
0.272717
0.0111657
0.
-0.0436729
0.24253
0.0106545
-0.0447089
-0.0321849
0.247888
-0.0186715
0.0195004
-0.059008
0.339805
-0.0328258
-0.0327935
0.0334046
0.428136
-0.0850008
-0.11232
0.189684
0.366797
0.0811805
-0.112401
0.143275
0.303299
0.0236145
0.0251707
0.0699802
0.350209
0.0814547
0.0651617
0.16961
0.246051
-0.00729893
-0.0257813
-0.0113427
0.359753
0.0004869
-0.0236303
0.0361475
0.257215
0.0109008
0.0252469
-0.0339986
0.321778
-0.0138118
0.0213639
0.0447008
0.309907
-0.0719001
0.106523
0.149268
0.350827
-0.000819171
-0.0129287
0.0631396
0.269803
-0.0519816
0.0360053
0.00192585
0.333166
0.016224
0.108763
0.160378
