Vec Object: 1 MPI process
  type: seq
0.
0.
0.
-0.10358
0.
0.
0.
0.0285338
0.164162
-0.167182
0.
-0.0698005
0.172933
-0.178279
0.
-0.0663182
0.189502
0.204648
0.
-0.0555532
0.178199
0.165451
0.
-0.0658822
0.38804
0.00926783
0.
0.00268716
0.375377
0.00903126
0.
0.00678031
0.390232
-0.020544
0.
0.00797631
0.3967
-0.017974
0.
0.00845951
0.
0.
0.
-0.0290319
0.
0.
0.
-0.0748161
0.313754
-0.0566763
0.
-0.0159214
0.319514
0.088637
0.
0.00373454
0.318659
-0.051226
0.
-0.0108494
0.322789
0.11394
0.
0.0196598
0.344969
0.0722009
0.
-0.000414137
0.322734
-0.103938
0.
0.015317
0.314365
0.040061
0.
-0.017857
0.320228
-0.0628652
0.
-0.00181582
0.
0.
0.
-0.13113
0.
0.
0.
-0.00232775
0.
0.
0.
-0.00484663
0.
0.
0.
0.121123
0.
0.
0.
-0.0590459
0.
0.
0.
-0.153931
0.
0.
0.
-0.209661
0.
0.
0.
0.0281612
0.
0.
0.
-0.0229244
0.
0.
0.
-0.0242955
0.
0.
0.
-0.16523
0.
0.
0.
0.0293312
0.
0.
0.
-0.083638
0.
0.
0.
-0.000892247
0.
0.
0.
0.136771
0.
0.
0.
0.0257335
0.
0.
0.
-0.00194125
0.
0.
0.
0.0081625
1.
0.
0.
0.0431001
0.397069
-0.00832106
-0.000432235
-0.00327083
0.379131
0.
-0.00365401
-0.00392976
0.269982
0.
-0.00262196
-0.0130566
0.30101
0.
0.0194111
0.047479
0.37824
0.
0.00474023
-0.0100837
0.272071
0.
0.0138716
-0.0122787
0.312679
0.
-0.00598293
0.0569428
0.302697
0.0197325
0.
0.0562585
0.381083
0.0185868
0.
-0.00161832
0.256713
0.0210879
0.
-0.0172243
0.282071
0.00214456
0.
0.0517551
0.383143
0.0149055
0.
-0.00296263
0.264808
0.0168916
0.
-0.0166112
0.248195
0.022041
-0.0548523
-0.00739964
0.248679
-0.0252342
0.0236594
-0.0194084
0.366848
-0.0243856
-0.0702875
0.00689094
0.426194
-0.143261
-0.151974
0.119698
0.355856
0.135564
-0.156537
0.079709
0.34034
-0.0258741
0.0271064
0.0291403
0.360375
0.121868
0.0997716
0.0925501
0.278118
-0.0155131
-0.0296746
-0.00749576
0.404042
0.0018727
-0.0484638
0.00921514
0.257348
0.0216515
0.0320525
0.000141319
0.374689
0.00743021
0.0465212
0.0100252
0.316403
-0.11744
0.139807
0.0909421
0.403451
-0.008863
-0.00617012
0.020753
0.317717
0.00716898
0.0719712
-0.0762113
0.344808
0.0389671
0.143859
0.0822372
