Vec Object: 1 MPI process
  type: seq
0.
0.
0.
-0.121257
0.
0.
0.
0.063757
0.158208
-0.167538
0.
-0.0932075
0.170051
-0.177602
0.
-0.0815478
0.191108
0.201951
0.
-0.065171
0.172651
0.168087
0.
-0.0938612
0.38612
0.011212
0.
0.00841318
0.374793
0.0101919
0.
0.00520892
0.389186
-0.0192947
0.
0.00581554
0.393899
-0.020672
0.
0.0160007
0.
0.
0.
-0.0435882
0.
0.
0.
-0.10662
0.303397
-0.0549583
0.
-0.0180602
0.321706
0.0867715
0.
0.00218926
0.308706
-0.0504696
0.
-0.00382279
0.324475
0.11658
0.
0.0207527
0.334193
0.0674029
0.
0.00790668
0.323994
-0.104684
0.
0.0152287
0.304719
0.04392
0.
-0.0255335
0.321157
-0.0626936
0.
-0.00360111
0.
0.
0.
-0.131741
0.
0.
0.
-0.0369728
0.
0.
0.
0.0326056
0.
0.
0.
0.0766416
0.
0.
0.
-0.0899136
0.
0.
0.
-0.142083
0.
0.
0.
-0.14753
0.
0.
0.
0.100585
0.
0.
0.
0.0555843
0.
0.
0.
0.0209401
0.
0.
0.
-0.139112
0.
0.
0.
0.0345016
0.
0.
0.
-0.0346578
0.
0.
0.
-0.0109701
0.
0.
0.
0.232411
0.
0.
0.
0.121391
0.
0.
0.
0.0461828
0.
0.
0.
0.000477824
1.
0.
0.
0.0495309
0.401086
-0.00850229
-0.000912378
-0.00300928
0.376474
0.
-0.00249365
-0.0026185
0.2748
0.
-0.000982872
-0.0211638
0.326277
0.
0.0148218
0.0625904
0.379246
0.
0.00332317
-0.0104168
0.277393
0.
0.0108408
-0.02453
0.333208
0.
-0.00731522
0.0813917
0.333053
0.0147295
0.
0.0852746
0.379099
0.0200051
0.
-0.000351577
0.262094
0.0238602
0.
-0.0260348
0.30943
-0.00164746
0.
0.0772538
0.383314
0.0124615
0.
-0.00274385
0.269298
0.0138589
0.
-0.0294639
0.244895
0.0161016
-0.0506311
-0.0199766
0.248327
-0.022413
0.0223084
-0.0396183
0.354051
-0.0291327
-0.047673
0.0200981
0.424612
-0.111234
-0.13014
0.156897
0.359172
0.105675
-0.131821
0.112988
0.325772
0.00503201
0.0275678
0.0494329
0.353533
0.101318
0.0793736
0.131831
0.259799
-0.0120666
-0.0277723
-0.00980075
0.383271
0.00123591
-0.0344868
0.0221982
0.25813
0.0175828
0.0289579
-0.0184037
0.345215
-0.00554691
0.0306608
0.0263517
0.310202
-0.0925939
0.122133
0.120377
0.375204
-0.00457269
-0.0109732
0.0416012
0.299055
-0.0330535
0.0511771
-0.0450722
0.336621
0.0265937
0.125984
0.121116
