Vec Object: 1 MPI process
  type: seq
0.
0.
0.
-0.105495
0.
0.
0.
0.0303362
0.163718
-0.167178
0.
-0.0715467
0.17273
-0.178193
0.
-0.067439
0.189574
0.204438
0.
-0.0564003
0.177787
0.165639
0.
-0.0680451
0.387905
0.00938436
0.
0.00302573
0.37533
0.00911995
0.
0.00654818
0.390124
-0.0204372
0.
0.00778128
0.396495
-0.0181561
0.
0.00894835
0.
0.
0.
-0.0301632
0.
0.
0.
-0.0770419
0.312918
-0.0565734
0.
-0.0162129
0.319709
0.088522
0.
0.00374021
0.317835
-0.0512218
0.
-0.0103836
0.322924
0.114226
0.
0.0199087
0.344081
0.0718635
0.
0.000126565
0.322831
-0.104065
0.
0.0154735
0.313616
0.0403912
0.
-0.0185277
0.320277
-0.0628977
0.
-0.00178852
0.
0.
0.
-0.132287
0.
0.
0.
-0.00505565
0.
0.
0.
-0.00300436
0.
0.
0.
0.117643
0.
0.
0.
-0.0613202
0.
0.
0.
-0.154192
0.
0.
0.
-0.206204
0.
0.
0.
0.0327636
0.
0.
0.
-0.0179454
0.
0.
0.
-0.0218787
0.
0.
0.
-0.165017
0.
0.
0.
0.029112
0.
0.
0.
-0.0811367
0.
0.
0.
-0.00193653
0.
0.
0.
0.143624
0.
0.
0.
0.0321756
0.
0.
0.
0.000435079
0.
0.
0.
0.00762988
1.
0.
0.
0.0437434
0.397463
-0.0083407
-0.000473151
-0.00339098
0.378878
0.
-0.00356362
-0.00378382
0.270369
0.
-0.00248386
-0.0136021
0.303061
0.
0.019028
0.0485846
0.378333
0.
0.0046388
-0.0100858
0.272535
0.
0.0136233
-0.0131752
0.314396
0.
-0.00610721
0.0588078
0.305217
0.0193318
0.
0.0584016
0.38088
0.018706
0.
-0.00147616
0.257132
0.0213598
0.
-0.0178205
0.284366
0.00177052
0.
0.0535505
0.383159
0.0147286
0.
-0.00290528
0.265161
0.0166827
0.
-0.0175098
0.247901
0.021614
-0.0546832
-0.00824621
0.248649
-0.0251261
0.0236642
-0.0208692
0.366074
-0.0247388
-0.068352
0.00781836
0.425801
-0.140786
-0.150242
0.122488
0.35579
0.133248
-0.154559
0.0821302
0.339887
-0.023207
0.0272971
0.0305596
0.359714
0.120449
0.0980613
0.0953484
0.276599
-0.015355
-0.0295443
-0.00763394
0.402809
0.00183577
-0.0474107
0.0101054
0.257495
0.0215544
0.0318769
-0.00126298
0.372319
0.00629523
0.045079
0.0110852
0.315624
-0.115524
0.13848
0.0930191
0.401346
-0.00856465
-0.00662465
0.022146
0.317104
0.00338748
0.0703396
-0.0748204
0.343957
0.0380342
0.142628
0.0849143
