Vec Object: 1 MPI process
  type: seq
0.
0.
0.
-0.0964403
0.
0.
0.
0.205605
0.146242
-0.167845
0.
-0.131014
0.162283
-0.177166
0.
-0.108805
0.19999
0.193341
0.
-0.0583531
0.161718
0.172742
0.
-0.138619
0.376506
0.0213298
0.
0.0539739
0.368935
0.0177376
0.
0.0350474
0.382533
-0.0222292
0.
0.0372964
0.382956
-0.0314428
0.
0.06235
0.
0.
0.
-0.0687897
0.
0.
0.
-0.177783
0.283083
-0.0498058
0.
-0.0256857
0.325264
0.0759839
0.
-0.0307353
0.29002
-0.0474768
0.
1.8286e-05
0.327976
0.109927
0.
-0.0127957
0.314107
0.0581102
0.
0.0135068
0.326793
-0.0949828
0.
-0.0202502
0.283729
0.0492889
0.
-0.0402839
0.323514
-0.0555295
0.
-0.0419729
0.
0.
0.
-0.0350618
0.
0.
0.
-0.0857196
0.
0.
0.
0.189187
0.
0.
0.
0.021672
0.
0.
0.
-0.142255
0.
0.
0.
-0.0180033
0.
0.
0.
0.0846603
0.
0.
0.
0.323529
0.
0.
0.
0.295234
0.
0.
0.
0.193143
0.
0.
0.
0.0528479
0.
0.
0.
0.0963563
0.
0.
0.
0.158478
0.
0.
0.
-0.00842416
0.
0.
0.
0.47182
0.
0.
0.
0.387411
0.
0.
0.
0.246367
0.
0.
0.
-0.0175275
1.
0.
0.
0.0694913
0.402215
-0.00845188
-0.0016102
0.0402298
0.377229
0.
-0.000297595
-0.0078724
0.282605
0.
0.00151169
-0.0676914
0.374247
0.
0.00724472
0.103255
0.385546
0.
0.000383094
-0.0134434
0.284402
0.
0.00579683
-0.0761246
0.367511
0.
-0.00845251
0.13909
0.386393
0.00561555
0.
0.151706
0.381867
0.0207751
0.
-0.0057789
0.271471
0.0249851
0.
-0.073694
0.356414
-0.00381422
0.
0.150337
0.38958
0.00736382
0.
-0.00510267
0.276935
0.00762974
0.
-0.0842077
0.238457
0.00248399
-0.0336017
-0.0638013
0.246238
-0.0123126
0.0138023
-0.105164
0.313909
-0.0358428
-0.0166678
0.0477759
0.439
-0.0468522
-0.0853119
0.245595
0.382335
0.0453705
-0.0844753
0.192674
0.259286
0.0384552
0.0184294
0.100258
0.347447
0.049066
0.0480267
0.234924
0.226469
0.000906057
-0.0220159
-0.0217579
0.317294
-0.000702165
-0.010668
0.0563497
0.253374
-0.00114626
0.0185009
-0.0706079
0.287055
-0.0220962
0.0127359
0.0710342
0.31425
-0.0409586
0.0818047
0.199324
0.313811
0.00420787
-0.0121173
0.0934322
0.211114
-0.0585404
0.0187102
0.097804
0.330766
0.00127793
0.080729
0.230302
