Vec Object: 1 MPI process
  type: seq
0.
0.
0.
-0.0950526
0.
0.
0.
0.022715
0.166001
-0.167271
0.
-0.0626266
0.173791
-0.178704
0.
-0.0616567
0.189325
0.205545
0.
-0.0518321
0.179872
0.164714
0.
-0.0568989
0.388603
0.00884556
0.
0.00139817
0.375627
0.00861482
0.
0.00782401
0.390778
-0.0209974
0.
0.00870797
0.39755
-0.0172642
0.
0.00653988
0.
0.
0.
-0.0245581
0.
0.
0.
-0.0663579
0.317343
-0.0570868
0.
-0.0145638
0.318635
0.0890965
0.
0.00357892
0.322241
-0.0511308
0.
-0.0126321
0.322224
0.112616
0.
0.0184372
0.348808
0.073535
0.
-0.00243478
0.32234
-0.103308
0.
0.0144727
0.31751
0.0386543
0.
-0.0150346
0.320103
-0.0626574
0.
-0.00211826
0.
0.
0.
-0.124553
0.
0.
0.
0.00865241
0.
0.
0.
-0.0105742
0.
0.
0.
0.134888
0.
0.
0.
-0.0503032
0.
0.
0.
-0.150885
0.
0.
0.
-0.221547
0.
0.
0.
0.0109218
0.
0.
0.
-0.0415116
0.
0.
0.
-0.0323211
0.
0.
0.
-0.162786
0.
0.
0.
0.0311964
0.
0.
0.
-0.0915825
0.
0.
0.
0.00377504
0.
0.
0.
0.109312
0.
0.
0.
0.000817464
0.
0.
0.
-0.00931568
0.
0.
0.
0.0100304
1.
0.
0.
0.0401272
0.39523
-0.00821775
-0.000247449
-0.00262425
0.380262
0.
-0.00402787
-0.00456449
0.268357
0.
-0.00322179
-0.0108663
0.292167
0.
0.021069
0.0429478
0.377767
0.
0.00513933
-0.0100631
0.270026
0.
0.0149384
-0.00858726
0.305198
0.
-0.00540523
0.0492096
0.291748
0.0214185
0.
0.0475608
0.382005
0.0180859
0.
-0.00223563
0.254999
0.0198178
0.
-0.0148449
0.272018
0.00388684
0.
0.0445936
0.383014
0.0156081
0.
-0.00323112
0.263332
0.017677
0.
-0.012999
0.249515
0.0237581
-0.055187
-0.0042216
0.248811
-0.0253818
0.0233845
-0.0135629
0.369591
-0.0229829
-0.0786852
0.00314347
0.428407
-0.153519
-0.159343
0.108245
0.35693
0.145193
-0.164927
0.0699546
0.34064
-0.0372914
0.026006
0.023448
0.363406
0.127406
0.107122
0.0813435
0.284687
-0.0159603
-0.0301965
-0.00711832
0.40836
0.00200379
-0.0526568
0.00563706
0.25653
0.0215303
0.0326634
0.0058194
0.384831
0.0124208
0.0529923
0.00590213
0.320353
-0.125402
0.14528
0.082637
0.411994
-0.00999159
-0.00416065
0.0153422
0.318466
0.0239748
0.0786052
-0.0802037
0.348888
0.0427613
0.148628
0.0716974
