Vec Object: 1 MPI process
  type: seq
0.
0.
0.
-0.0771279
0.
0.
0.
0.287416
0.149862
-0.159443
0.
-0.0722502
0.166147
-0.169368
0.
-0.0503883
0.215747
0.178746
0.
0.0316756
0.165828
0.166659
0.
-0.0817924
0.360484
0.0373065
0.
0.142944
0.356974
0.031666
0.
0.108307
0.366353
-0.0361721
0.
0.133044
0.366911
-0.0471373
0.
0.149149
0.
0.
0.
-0.114578
0.
0.
0.
-0.24921
0.271605
-0.0582653
0.
-0.0992591
0.327749
0.0613802
0.
-0.102382
0.279499
-0.059297
0.
-0.0763522
0.330975
0.0930765
0.
-0.0914431
0.303102
0.0649454
0.
-0.0510022
0.329279
-0.0769153
0.
-0.0983158
0.270857
0.0606121
0.
-0.0997223
0.324568
-0.0442594
0.
-0.119635
0.
0.
0.
0.0380464
0.
0.
0.
-0.127181
0.
0.
0.
0.283318
0.
0.
0.
-0.0054928
0.
0.
0.
-0.18971
0.
0.
0.
0.0710287
0.
0.
0.
0.236834
0.
0.
0.
0.460378
0.
0.
0.
0.437552
0.
0.
0.
0.294315
0.
0.
0.
0.192924
0.
0.
0.
0.123088
0.
0.
0.
0.274668
0.
0.
0.
-0.0282371
0.
0.
0.
0.623312
0.
0.
0.
0.549773
0.
0.
0.
0.383288
0.
0.
0.
-0.0674058
1.
0.
0.
0.168327
0.394975
-0.00738332
-0.0014023
0.142133
0.384832
0.
0.000837685
-0.021247
0.286152
0.
0.00231356
-0.166565
0.390277
0.
0.00410197
0.143619
0.397843
0.
-0.000566601
-0.0136958
0.286828
0.
0.00400112
-0.174179
0.375002
0.
-0.00789067
0.191887
0.403154
0.00204965
0.
0.204269
0.391774
0.0189435
0.
-0.0186786
0.275855
0.0222395
0.
-0.169906
0.369856
-0.00179217
0.
0.218815
0.404157
0.00567073
0.
-0.00475159
0.280187
0.0060267
0.
-0.183502
0.23373
-0.00266345
-0.0230972
-0.155031
0.243496
-0.00705302
0.00837514
-0.209801
0.286201
-0.030834
-0.00772183
0.015726
0.449052
-0.0145586
-0.0611207
0.329389
0.3943
0.0152088
-0.0607293
0.254717
0.213268
0.0379623
0.0107911
0.0993496
0.342359
0.0199784
0.0365931
0.3085
0.209289
0.00369107
-0.0178826
-0.0828639
0.273827
-0.00102561
-0.00317003
0.0454179
0.247931
-0.00712395
0.0120662
-0.170688
0.255457
-0.0239782
0.00933593
0.0556392
0.317373
-0.0135002
0.0593736
0.252771
0.280075
0.00763834
-0.0078673
0.0916615
0.149548
-0.0478393
0.00910524
0.177844
0.326198
-0.0109682
0.0553492
0.307787
