Vec Object: 1 MPI process
  type: seq
0.
0.
0.
-0.122854
0.
0.
0.
0.0859832
0.155548
-0.167868
0.
-0.103446
0.168566
-0.177568
0.
-0.0885987
0.192156
0.200767
0.
-0.0681589
0.170201
0.169273
0.
-0.105525
0.385079
0.0123609
0.
0.0122027
0.374378
0.0108732
0.
0.00607646
0.388741
-0.01896
0.
0.00595988
0.392509
-0.0220689
0.
0.0203813
0.
0.
0.
-0.0488571
0.
0.
0.
-0.120565
0.299246
-0.0538869
0.
-0.0177744
0.322476
0.085586
0.
-5.54733e-05
0.304835
-0.0497343
0.
-0.000322997
0.32515
0.116852
0.
0.0191905
0.329991
0.0651647
0.
0.0119458
0.324522
-0.104257
0.
0.0131986
0.300639
0.0451731
0.
-0.0277576
0.321643
-0.0621536
0.
-0.00635352
0.
0.
0.
-0.122198
0.
0.
0.
-0.0495657
0.
0.
0.
0.0567918
0.
0.
0.
0.0606998
0.
0.
0.
-0.102112
0.
0.
0.
-0.127016
0.
0.
0.
-0.11067
0.
0.
0.
0.138759
0.
0.
0.
0.0969166
0.
0.
0.
0.0484636
0.
0.
0.
-0.113729
0.
0.
0.
0.0421864
0.
0.
0.
-0.00409872
0.
0.
0.
-0.0124812
0.
0.
0.
0.276727
0.
0.
0.
0.168796
0.
0.
0.
0.0769731
0.
0.
0.
-0.00248632
1.
0.
0.
0.051232
0.402166
-0.0085545
-0.0010959
-0.00102543
0.375804
0.
-0.00202378
-0.00267528
0.276649
0.
-0.000382946
-0.025732
0.336419
0.
0.0130963
0.0696133
0.379758
0.
0.00269248
-0.0109261
0.27923
0.
0.00967602
-0.0305429
0.341013
0.
-0.00773305
0.0920001
0.344776
0.0127503
0.
0.0981205
0.378737
0.0204633
0.
-0.00043429
0.264231
0.0246032
0.
-0.0309059
0.319884
-0.00266203
0.
0.0895129
0.383585
0.0113799
0.
-0.00311527
0.271076
0.0124917
0.
-0.0360303
0.243699
0.0133893
-0.0478447
-0.0259257
0.248147
-0.0206184
0.0210323
-0.0489763
0.347196
-0.0310744
-0.0397245
0.026599
0.425916
-0.0979171
-0.121142
0.173216
0.36261
0.0932518
-0.121912
0.128029
0.315309
0.0152753
0.0266226
0.0594081
0.351625
0.0915312
0.0719001
0.150318
0.252743
-0.00982991
-0.0268162
-0.0106393
0.371971
0.000876617
-0.0288296
0.0288774
0.257836
0.0144811
0.0271899
-0.0261795
0.333313
-0.00998828
0.0255742
0.0351169
0.309611
-0.0821408
0.114353
0.134454
0.362944
-0.00266178
-0.0122068
0.052105
0.285527
-0.0442077
0.0431845
-0.023601
0.334585
0.0213369
0.117492
0.140159
