Vec Object: 1 MPI process
  type: seq
0.
0.
0.
-0.0788265
0.
0.
0.
0.0191633
0.169591
-0.167936
0.
-0.0492921
0.175749
-0.179923
0.
-0.0522101
0.189759
0.207412
0.
-0.0437091
0.182821
0.163699
0.
-0.040183
0.38974
0.00841005
0.
-0.000624028
0.376639
0.00734441
0.
0.00964434
0.392513
-0.0219242
0.
0.00933025
0.39925
-0.0161758
0.
0.00328994
0.
0.
0.
-0.0182436
0.
0.
0.
-0.0555414
0.32494
-0.0579716
0.
-0.0117379
0.3165
0.0900365
0.
0.00296012
0.330095
-0.0503026
0.
-0.0150873
0.321163
0.109443
0.
0.0155357
0.357081
0.075701
0.
-0.00500803
0.321661
-0.101643
0.
0.0122163
0.323801
0.0359027
0.
-0.00996813
0.320447
-0.0619174
0.
-0.00325116
0.
0.
0.
-0.105736
0.
0.
0.
0.0256071
0.
0.
0.
-0.0127609
0.
0.
0.
0.153237
0.
0.
0.
-0.0395502
0.
0.
0.
-0.137493
0.
0.
0.
-0.232602
0.
0.
0.
-0.0127053
0.
0.
0.
-0.0664341
0.
0.
0.
-0.0382176
0.
0.
0.
-0.143384
0.
0.
0.
0.0378963
0.
0.
0.
-0.0951149
0.
0.
0.
0.0134228
0.
0.
0.
0.0624164
0.
0.
0.
-0.0370575
0.
0.
0.
-0.0121037
0.
0.
0.
0.0109742
1.
0.
0.
0.0329553
0.390494
-0.00784005
0.000229409
-0.00102136
0.382793
0.
-0.00471203
-0.00568689
0.265257
0.
-0.00452877
-0.00695138
0.273123
0.
0.0245707
0.0344151
0.376148
0.
0.00574762
-0.00968948
0.265439
0.
0.0171948
-0.00177214
0.288818
0.
-0.0038322
0.0347138
0.267878
0.0246239
0.
0.0322484
0.384154
0.0171546
0.
-0.00331861
0.252108
0.016464
0.
-0.0107941
0.249412
0.00833421
0.
0.0323785
0.382221
0.0167281
0.
-0.00365611
0.260498
0.0185609
0.
-0.00669795
0.252439
0.0268588
-0.05376
-0.000147057
0.24889
-0.0236353
0.0214178
-0.00389491
0.372084
-0.0207918
-0.0961842
-0.0035759
0.435739
-0.172463
-0.174537
0.0872058
0.363953
0.163237
-0.181685
0.0531226
0.332205
-0.0588826
0.0225489
0.0136041
0.370713
0.136027
0.121884
0.0621534
0.298575
-0.015952
-0.0311978
-0.0076022
0.412285
0.00215304
-0.0589661
-0.00079863
0.25359
0.0181485
0.0333663
0.0152913
0.406127
0.0232168
0.0678661
-0.000810497
0.332138
-0.140438
0.155555
0.0682712
0.426773
-0.0113036
-5.07306e-05
0.0067834
0.310653
0.0589361
0.0891419
-0.0801149
0.360132
0.0491827
0.15562
0.0544358
